#S 1 spectral density
#N 2
#UFWHM 5.8667
#L  abscissas [um]  spectral density
-234.375  5.78438e+20
-233.788  5.05819e+20
-233.202  3.1294e+20
-232.615  5.25175e+20
-232.028  5.2195e+20
-231.442  5.54384e+20
-230.855  6.11463e+20
-230.268  2.68742e+20
-229.682  4.03451e+20
-229.095  5.04571e+20
-228.508  6.02654e+20
-227.922  4.41313e+20
-227.335  3.08544e+20
-226.748  3.66221e+20
-226.162  3.64259e+20
-225.575  5.2273e+20
-224.988  5.56198e+20
-224.402  1.59994e+20
-223.815  3.60707e+20
-223.228  2.98694e+20
-222.642  4.4936e+20
-222.055  4.91149e+20
-221.468  2.31902e+20
-220.882  1.98854e+20
-220.295  2.84087e+20
-219.708  3.5119e+20
-219.122  4.90164e+20
-218.535  2.35402e+20
-217.948  2.71245e+20
-217.362  1.89085e+20
-216.775  3.20034e+20
-216.188  4.99217e+20
-215.602  2.84242e+20
-215.015  2.28365e+20
-214.428  2.26378e+20
-213.842  2.11594e+20
-213.255  5.45254e+20
-212.668  4.1262e+20
-212.082  2.422e+20
-211.495  2.36551e+20
-210.908  2.65843e+20
-210.322  4.79454e+20
-209.735  5.17876e+20
-209.148  3.59828e+20
-208.562  2.62204e+20
-207.975  2.48648e+20
-207.388  6.00206e+20
-206.802  5.82929e+20
-206.215  4.48072e+20
-205.628  3.04316e+20
-205.041  3.59667e+20
-204.455  4.72398e+20
-203.868  7.23638e+20
-203.281  6.19585e+20
-202.695  2.899e+20
-202.108  3.50735e+20
-201.521  6.59629e+20
-200.935  5.51003e+20
-200.348  7.60242e+20
-199.761  4.4651e+20
-199.175  2.99698e+20
-198.588  5.96529e+20
-198.001  6.52891e+20
-197.415  7.40791e+20
-196.828  4.91853e+20
-196.241  3.2512e+20
-195.655  5.57217e+20
-195.068  5.99901e+20
-194.481  8.4071e+20
-193.895  6.00042e+20
-193.308  2.15775e+20
-192.721  5.88301e+20
-192.135  5.89061e+20
-191.548  7.68995e+20
-190.961  6.27739e+20
-190.375  3.25534e+20
-189.788  3.31165e+20
-189.201  7.58188e+20
-188.615  6.89163e+20
-188.028  6.60353e+20
-187.441  3.53671e+20
-186.855  3.52008e+20
-186.268  4.89856e+20
-185.681  9.02144e+20
-185.095  5.31065e+20
-184.508  4.5474e+20
-183.921  2.68438e+20
-183.335  5.36587e+20
-182.748  6.89226e+20
-182.161  6.53636e+20
-181.575  4.22768e+20
-180.988  3.54965e+20
-180.401  3.17949e+20
-179.815  7.93903e+20
-179.228  5.8808e+20
-178.641  4.09399e+20
-178.055  3.45209e+20
-177.468  4.24876e+20
-176.881  4.49177e+20
-176.295  7.58194e+20
-175.708  4.43393e+20
-175.121  2.6333e+20
-174.535  4.59711e+20
-173.948  5.39779e+20
-173.361  4.63242e+20
-172.775  5.96901e+20
-172.188  2.60932e+20
-171.601  3.82169e+20
-171.015  5.5343e+20
-170.428  5.33065e+20
-169.841  4.63889e+20
-169.255  3.32301e+20
-168.668  3.00703e+20
-168.081  5.53884e+20
-167.495  5.63329e+20
-166.908  4.72712e+20
-166.321  2.85175e+20
-165.735  3.51204e+20
-165.148  4.50136e+20
-164.561  5.96934e+20
-163.975  5.22082e+20
-163.388  2.87605e+20
-162.801  3.82892e+20
-162.215  4.94512e+20
-161.628  5.63424e+20
-161.041  6.36991e+20
-160.455  2.95939e+20
-159.868  4.42696e+20
-159.281  7.21549e+20
-158.695  5.30439e+20
-158.108  6.7231e+20
-157.521  4.41057e+20
-156.935  3.78869e+20
-156.348  7.59926e+20
-155.761  8.35958e+20
-155.175  5.73621e+20
-154.588  4.90556e+20
-154.001  6.30096e+20
-153.415  7.75923e+20
-152.828  8.50633e+20
-152.241  9.38151e+20
-151.655  3.69224e+20
-151.068  6.95843e+20
-150.481  1.02018e+21
-149.895  8.45458e+20
-149.308  8.76377e+20
-148.721  7.06008e+20
-148.135  5.19926e+20
-147.548  1.17824e+21
-146.961  1.16826e+21
-146.375  9.4374e+20
-145.788  5.93097e+20
-145.201  8.41046e+20
-144.614  8.57414e+20
-144.028  1.31781e+21
-143.441  1.18062e+21
-142.854  6.80538e+20
-142.268  7.27244e+20
-141.681  1.23285e+21
-141.094  1.0975e+21
-140.508  1.31001e+21
-139.921  8.47938e+20
-139.334  8.09493e+20
-138.748  1.05898e+21
-138.161  1.38858e+21
-137.574  1.04338e+21
-136.988  9.80905e+20
-136.401  9.42278e+20
-135.814  1.11704e+21
-135.228  1.38602e+21
-134.641  1.34011e+21
-134.054  8.25345e+20
-133.468  1.04598e+21
-132.881  1.21136e+21
-132.294  1.48397e+21
-131.708  1.17289e+21
-131.121  9.85217e+20
-130.534  1.04597e+21
-129.948  1.38159e+21
-129.361  1.60644e+21
-128.774  1.24157e+21
-128.188  1.00436e+21
-127.601  1.03042e+21
-127.014  1.21678e+21
-126.428  1.79735e+21
-125.841  1.2888e+21
-125.254  9.44574e+20
-124.668  1.24497e+21
-124.081  1.38103e+21
-123.494  1.48229e+21
-122.908  1.27151e+21
-122.321  1.00704e+21
-121.734  9.91992e+20
-121.148  1.40399e+21
-120.561  1.76136e+21
-119.974  1.09918e+21
-119.388  9.65563e+20
-118.801  1.23049e+21
-118.214  1.46931e+21
-117.628  1.39744e+21
-117.041  1.05671e+21
-116.454  8.05187e+20
-115.868  9.74775e+20
-115.281  1.59149e+21
-114.694  1.73599e+21
-114.108  9.74618e+20
-113.521  7.88569e+20
-112.934  1.02926e+21
-112.348  1.36835e+21
-111.761  1.46029e+21
-111.174  1.08744e+21
-110.588  7.39722e+20
-110.001  8.60792e+20
-109.414  1.49031e+21
-108.828  1.39699e+21
-108.241  9.64375e+20
-107.654  7.63293e+20
-107.068  9.81546e+20
-106.481  1.20665e+21
-105.894  1.26405e+21
-105.308  1.00453e+21
-104.721  8.75453e+20
-104.134  1.04648e+21
-103.548  1.47078e+21
-102.961  9.4412e+20
-102.374  7.37598e+20
-101.788  7.04532e+20
-101.201  1.20742e+21
-100.614  1.30042e+21
-100.028  1.10937e+21
-99.4409  7.20977e+20
-98.8542  6.1461e+20
-98.2676  9.85045e+20
-97.6809  1.69233e+21
-97.0942  8.80273e+20
-96.5075  7.03506e+20
-95.9209  6.52805e+20
-95.3342  9.61353e+20
-94.7475  1.08882e+21
-94.1609  9.95517e+20
-93.5742  5.04161e+20
-92.9875  5.41722e+20
-92.4009  9.30824e+20
-91.8142  1.24368e+21
-91.2275  7.02256e+20
-90.6409  5.96546e+20
-90.0542  6.96038e+20
-89.4675  9.7734e+20
-88.8808  1.01133e+21
-88.2942  8.4826e+20
-87.7075  3.89559e+20
-87.1208  5.97625e+20
-86.5342  1.11613e+21
-85.9475  8.71708e+20
-85.3608  4.88784e+20
-84.7741  3.88479e+20
-84.1875  5.38297e+20
-83.6008  9.81787e+20
-83.0141  1.05261e+21
-82.4275  6.32232e+20
-81.8408  1.71394e+20
-81.2541  6.39126e+20
-80.6675  9.98719e+20
-80.0808  8.3368e+20
-79.4941  7.29409e+20
-78.9074  4.63558e+20
-78.3208  5.23741e+20
-77.7341  9.00933e+20
-77.1474  7.6069e+20
-76.5608  4.5794e+20
-75.9741  3.65072e+20
-75.3874  7.60161e+20
-74.8008  7.09193e+20
-74.2141  4.52285e+20
-73.6274  2.91409e+20
-73.0408  2.72618e+20
-72.4541  7.56711e+20
-71.8674  1.08045e+21
-71.2807  5.08364e+20
-70.6941  1.73281e+20
-70.1074  3.27922e+20
-69.5207  7.59513e+20
-68.9341  1.09613e+21
-68.3474  7.03653e+20
-67.7607  2.15403e+20
-67.174  3.08142e+20
-66.5874  6.82752e+20
-66.0007  9.42096e+20
-65.414  7.81285e+20
-64.8274  2.40108e+20
-64.2407  2.70159e+20
-63.654  5.23416e+20
-63.0674  6.52271e+20
-62.4807  4.16316e+20
-61.894  2.19693e+20
-61.3073  4.54877e+20
-60.7207  6.23924e+20
-60.134  4.36577e+20
-59.5473  3.50461e+20
-58.9607  1.09499e+20
-58.374  6.8077e+20
-57.7873  9.25923e+20
-57.2007  5.73794e+20
-56.614  3.16668e+20
-56.0273  9.17066e+19
-55.4407  5.57424e+20
-54.854  1.20821e+21
-54.2673  7.03648e+20
-53.6806  3.18485e+20
-53.094  1.87621e+20
-52.5073  4.97365e+20
-51.9206  1.03421e+21
-51.334  8.4905e+20
-50.7473  1.80891e+20
-50.1606  3.0143e+20
-49.5739  3.74445e+20
-48.9873  6.66468e+20
-48.4006  7.66348e+20
-47.8139  1.31606e+20
-47.2273  2.03479e+20
-46.6406  5.82175e+20
-46.0539  4.98163e+20
-45.4673  3.38046e+20
-44.8806  1.35246e+20
-44.2939  3.4761e+20
-43.7072  6.5638e+20
-43.1206  4.95467e+20
-42.5339  2.0082e+20
-41.9472  4.99108e+19
-41.3606  5.79768e+20
-40.7739  9.42122e+20
-40.1872  8.4757e+20
-39.6006  2.67865e+20
-39.0139  8.50048e+19
-38.4272  7.06605e+20
-37.8406  1.26933e+21
-37.2539  8.32958e+20
-36.6672  4.02617e+20
-36.0805  4.68764e+20
-35.4939  9.99001e+20
-34.9072  1.59985e+21
-34.3205  1.27907e+21
-33.7339  6.11705e+20
-33.1472  6.05806e+20
-32.5605  1.0703e+21
-31.9738  1.82034e+21
-31.3872  1.26424e+21
-30.8005  6.08547e+20
-30.2138  9.98405e+20
-29.6272  1.61189e+21
-29.0405  1.99827e+21
-28.4538  1.59075e+21
-27.8672  6.31873e+20
-27.2805  1.04681e+21
-26.6938  1.70921e+21
-26.1072  1.90959e+21
-25.5205  1.65077e+21
-24.9338  7.90005e+20
-24.3471  1.27171e+21
-23.7605  2.24913e+21
-23.1738  2.28842e+21
-22.5871  1.6037e+21
-22.0005  8.68794e+20
-21.4138  1.43285e+21
-20.8271  2.4294e+21
-20.2404  2.35657e+21
-19.6538  1.61422e+21
-19.0671  1.5515e+21
-18.4804  1.90163e+21
-17.8938  2.88904e+21
-17.3071  2.96601e+21
-16.7204  1.54593e+21
-16.1338  1.62025e+21
-15.5471  2.71205e+21
-14.9604  3.94862e+21
-14.3737  3.52584e+21
-13.7871  2.34169e+21
-13.2004  3.01672e+21
-12.6137  4.1515e+21
-12.0271  4.89198e+21
-11.4404  4.78625e+21
-10.8537  3.77137e+21
-10.2671  4.95086e+21
-9.68039  8.11659e+21
-9.09372  1.0102e+22
-8.50705  9.69162e+21
-7.92038  9.62423e+21
-7.33371  1.36168e+22
-6.74704  2.10625e+22
-6.16037  2.93842e+22
-5.5737  3.91823e+22
-4.98703  5.63668e+22
-4.40036  8.62169e+22
-3.81369  1.26013e+23
-3.22702  1.70117e+23
-2.64035  2.06773e+23
-2.05368  2.40672e+23
-1.46701  2.76925e+23
-0.88034  3.10476e+23
-0.29367  3.35728e+23
0.293  3.34564e+23
0.87967  3.0687e+23
1.46634  2.7105e+23
2.05301  2.3303e+23
2.63968  1.98286e+23
3.22635  1.61966e+23
3.81302  1.1907e+23
4.39969  8.07243e+22
4.98636  5.23096e+22
5.57303  3.62843e+22
6.1597  2.74573e+22
6.74637  1.99254e+22
7.33304  1.29734e+22
7.91971  9.23345e+21
8.50638  9.36987e+21
9.09305  9.77151e+21
9.67972  7.83144e+21
10.2664  4.75552e+21
10.8531  3.63727e+21
11.4397  4.69787e+21
12.0264  4.82959e+21
12.6131  4.10625e+21
13.1997  2.98062e+21
13.7864  2.28309e+21
14.3731  3.44054e+21
14.9597  3.85149e+21
15.5464  2.63387e+21
16.1331  1.57881e+21
16.7198  1.52825e+21
17.3064  2.95395e+21
17.8931  2.87995e+21
18.4798  1.88916e+21
19.0664  1.53086e+21
19.6531  1.58265e+21
20.2398  2.30691e+21
20.8265  2.38151e+21
21.4131  1.40176e+21
21.9998  8.5751e+20
22.5865  1.60212e+21
23.1731  2.28376e+21
23.7598  2.24358e+21
24.3465  1.26478e+21
24.9331  7.76616e+20
25.5198  1.63296e+21
26.1065  1.8819e+21
26.6931  1.68234e+21
27.2798  1.03509e+21
27.8665  6.29969e+20
28.4532  1.59142e+21
29.0398  1.99995e+21
29.6265  1.60707e+21
30.2132  9.95362e+20
30.7998  6.03742e+20
31.3865  1.2572e+21
31.9732  1.80808e+21
32.5599  1.05796e+21
33.1465  6.02654e+20
33.7332  6.13981e+20
34.3199  1.27843e+21
34.9065  1.60408e+21
35.4932  1.00274e+21
36.0799  4.67822e+20
36.6665  4.03916e+20
37.2532  8.30276e+20
37.8399  1.26531e+21
38.4265  7.03221e+20
39.0132  8.47587e+19
39.5999  2.69741e+20
40.1866  8.47225e+20
40.7732  9.39696e+20
41.3599  5.86253e+20
41.9466  5.00863e+19
42.5332  2.0347e+20
43.1199  4.94949e+20
43.7066  6.5316e+20
44.2933  3.47725e+20
44.8799  1.33782e+20
45.4666  3.31294e+20
46.0533  4.93165e+20
46.6399  5.75084e+20
47.2266  2.00964e+20
47.8133  1.29082e+20
48.3999  7.66955e+20
48.9866  6.68942e+20
49.5733  3.72522e+20
50.1599  3.01249e+20
50.7466  1.78798e+20
51.3333  8.36257e+20
51.92  1.02151e+21
52.5066  4.91572e+20
53.0933  1.84957e+20
53.68  3.199e+20
54.2666  7.0456e+20
54.8533  1.21299e+21
55.44  5.60001e+20
56.0266  9.23299e+19
56.6133  3.17147e+20
57.2  5.67769e+20
57.7867  9.15007e+20
58.3733  6.79493e+20
58.96  1.10171e+20
59.5467  3.51212e+20
60.1333  4.38414e+20
60.72  6.22215e+20
61.3067  4.5456e+20
61.8933  2.18583e+20
62.48  4.15803e+20
63.0667  6.48534e+20
63.6534  5.19212e+20
64.24  2.68141e+20
64.8267  2.36892e+20
65.4134  7.71859e+20
66  9.39103e+20
66.5867  6.81244e+20
67.1734  3.08778e+20
67.7601  2.16617e+20
68.3467  7.03107e+20
68.9334  1.08708e+21
69.5201  7.51706e+20
70.1067  3.26025e+20
70.6934  1.72373e+20
71.2801  5.04938e+20
71.8667  1.07847e+21
72.4534  7.58897e+20
73.0401  2.71526e+20
73.6268  2.91428e+20
74.2134  4.51314e+20
74.8001  7.05048e+20
75.3868  7.54363e+20
75.9734  3.65966e+20
76.5601  4.51527e+20
77.1468  7.50379e+20
77.7334  8.91879e+20
78.3201  5.21919e+20
78.9068  4.59989e+20
79.4934  7.34646e+20
80.0801  8.32179e+20
80.6668  9.95713e+20
81.2535  6.34302e+20
81.8401  1.70716e+20
82.4268  6.2598e+20
83.0135  1.04794e+21
83.6001  9.77277e+20
84.1868  5.3999e+20
84.7735  3.84154e+20
85.3602  4.88754e+20
85.9468  8.66497e+20
86.5335  1.11099e+21
87.1202  5.96886e+20
87.7068  3.89554e+20
88.2935  8.3976e+20
88.8802  1.00018e+21
89.4668  9.67606e+20
90.0535  6.9169e+20
90.6402  5.9443e+20
91.2268  7.017e+20
91.8135  1.24516e+21
92.4002  9.23931e+20
92.9869  5.37857e+20
93.5735  5.01809e+20
94.1602  9.89057e+20
94.7469  1.07823e+21
95.3335  9.59161e+20
95.9202  6.47413e+20
96.5069  6.9459e+20
97.0935  8.72313e+20
97.6802  1.69202e+21
98.2669  9.82076e+20
98.8536  6.14728e+20
99.4402  7.21014e+20
100.027  1.09715e+21
100.614  1.28537e+21
101.2  1.20344e+21
101.787  7.00932e+20
102.374  7.29568e+20
102.96  9.38173e+20
103.547  1.461e+21
104.134  1.0395e+21
104.72  8.71853e+20
105.307  1.00593e+21
105.894  1.25082e+21
106.48  1.19433e+21
107.067  9.745e+20
107.654  7.56711e+20
108.24  9.53857e+20
108.827  1.39437e+21
109.414  1.4815e+21
110  8.5147e+20
110.587  7.33164e+20
111.174  1.08445e+21
111.76  1.44698e+21
112.347  1.36108e+21
112.934  1.02681e+21
113.52  7.79171e+20
114.107  9.60996e+20
114.694  1.72769e+21
115.28  1.58331e+21
115.867  9.65403e+20
116.454  8.02648e+20
117.04  1.04687e+21
117.627  1.38644e+21
118.214  1.46014e+21
118.8  1.22999e+21
119.387  9.54335e+20
119.974  1.08711e+21
120.56  1.74407e+21
121.147  1.39713e+21
121.734  9.81968e+20
122.32  1.00426e+21
122.907  1.2561e+21
123.494  1.47345e+21
124.08  1.36919e+21
124.667  1.24402e+21
125.254  9.35378e+20
125.84  1.27475e+21
126.427  1.77428e+21
127.014  1.21022e+21
127.6  1.01891e+21
128.187  9.99161e+20
128.774  1.22867e+21
129.36  1.59303e+21
129.947  1.36745e+21
130.534  1.0435e+21
131.12  9.78172e+20
131.707  1.15626e+21
132.294  1.4677e+21
132.88  1.20042e+21
133.467  1.03329e+21
134.054  8.17915e+20
134.64  1.33236e+21
135.227  1.36748e+21
135.814  1.10594e+21
136.4  9.36227e+20
136.987  9.73418e+20
137.574  1.02777e+21
138.16  1.38062e+21
138.747  1.04791e+21
139.334  7.99148e+20
139.92  8.36534e+20
140.507  1.30043e+21
141.094  1.08251e+21
141.68  1.2256e+21
142.267  7.20726e+20
142.854  6.73078e+20
143.44  1.1657e+21
144.027  1.30682e+21
144.614  8.52122e+20
145.2  8.33185e+20
145.787  5.83451e+20
146.374  9.32074e+20
146.96  1.15672e+21
147.547  1.16474e+21
148.134  5.17729e+20
148.721  6.97942e+20
149.307  8.65461e+20
149.894  8.34197e+20
150.481  1.01866e+21
151.067  6.87729e+20
151.654  3.64033e+20
152.241  9.25877e+20
152.827  8.40562e+20
153.414  7.64102e+20
154.001  6.28009e+20
154.587  4.82786e+20
155.174  5.66982e+20
155.761  8.25206e+20
156.347  7.55651e+20
156.934  3.75181e+20
157.521  4.35675e+20
158.107  6.63817e+20
158.694  5.23147e+20
159.281  7.11966e+20
159.867  4.38396e+20
160.454  2.92875e+20
161.041  6.27759e+20
161.627  5.57219e+20
162.214  4.89983e+20
162.801  3.82203e+20
163.387  2.83168e+20
163.974  5.20721e+20
164.561  5.89539e+20
165.147  4.45275e+20
165.734  3.48065e+20
166.321  2.83805e+20
166.907  4.6587e+20
167.494  5.60761e+20
168.081  5.48175e+20
168.667  3.00502e+20
169.254  3.28621e+20
169.841  4.62991e+20
170.427  5.30672e+20
171.014  5.49799e+20
171.601  3.80211e+20
172.187  2.6006e+20
172.774  5.92674e+20
173.361  4.58504e+20
173.947  5.38471e+20
174.534  4.57433e+20
175.121  2.61132e+20
175.707  4.40588e+20
176.294  7.58783e+20
176.881  4.44471e+20
177.467  4.24948e+20
178.054  3.41668e+20
178.641  4.07868e+20
179.227  5.81153e+20
179.814  7.916e+20
180.401  3.15603e+20
180.987  3.53299e+20
181.574  4.1647e+20
182.161  6.54013e+20
182.747  6.84632e+20
183.334  5.34302e+20
183.921  2.66649e+20
184.507  4.52797e+20
185.094  5.24337e+20
185.681  8.97214e+20
186.267  4.88793e+20
186.854  3.4928e+20
187.441  3.49169e+20
188.027  6.55165e+20
188.614  6.87171e+20
189.201  7.53174e+20
189.787  3.30711e+20
190.374  3.22475e+20
190.961  6.23273e+20
191.547  7.60541e+20
192.134  5.89913e+20
192.721  5.84876e+20
193.307  2.13663e+20
193.894  5.92148e+20
194.481  8.3894e+20
195.067  5.94732e+20
195.654  5.55712e+20
196.241  3.22283e+20
196.827  4.90088e+20
197.414  7.31901e+20
198.001  6.51645e+20
198.587  5.96869e+20
199.174  2.96682e+20
199.761  4.3987e+20
200.347  7.56721e+20
200.934  5.47675e+20
201.521  6.56714e+20
202.107  3.50153e+20
202.694  2.85965e+20
203.281  6.15412e+20
203.867  7.17911e+20
204.454  4.7525e+20
205.041  3.57519e+20
205.627  3.00739e+20
206.214  4.42161e+20
206.801  5.81791e+20
207.388  5.9571e+20
207.974  2.50223e+20
208.561  2.57748e+20
209.148  3.57367e+20
209.734  5.10632e+20
210.321  4.8094e+20
210.908  2.66247e+20
211.494  2.35189e+20
212.081  2.38559e+20
212.668  4.11139e+20
213.254  5.42593e+20
213.841  2.12439e+20
214.428  2.25446e+20
215.014  2.25804e+20
215.601  2.79766e+20
216.188  4.96083e+20
216.774  3.2384e+20
217.361  1.89099e+20
217.948  2.70444e+20
218.534  2.33017e+20
219.121  4.90879e+20
219.708  3.51163e+20
220.294  2.86631e+20
220.881  1.98038e+20
221.468  2.30305e+20
222.054  4.86811e+20
222.641  4.52097e+20
223.228  2.99851e+20
223.814  3.6242e+20
224.401  1.5834e+20
224.988  5.5585e+20
225.574  5.24561e+20
226.161  3.66349e+20
226.748  3.69498e+20
227.334  3.07786e+20
227.921  4.39122e+20
228.508  6.00692e+20
229.094  5.0886e+20
229.681  4.03055e+20
230.268  2.69848e+20
230.854  6.07757e+20
231.441  5.5706e+20
232.028  5.20485e+20
232.614  5.31291e+20
233.201  3.11005e+20
233.788  5.0614e+20
234.374  5.73991e+20
