#S 1 spectral density
#N 2
#UFWHM 5.28003
#L  abscissas [um]  spectral density
-234.375  8.80645e+20
-233.788  9.27192e+20
-233.202  1.32397e+21
-232.615  1.06095e+21
-232.028  7.68161e+20
-231.442  8.49503e+20
-230.855  9.99762e+20
-230.268  1.09159e+21
-229.682  1.23456e+21
-229.095  8.42384e+20
-228.508  8.13184e+20
-227.922  8.67134e+20
-227.335  1.28141e+21
-226.748  1.02306e+21
-226.162  9.3366e+20
-225.575  7.83483e+20
-224.988  7.89225e+20
-224.402  1.08382e+21
-223.815  1.22078e+21
-223.228  8.33336e+20
-222.642  8.50774e+20
-222.055  7.24727e+20
-221.468  1.05507e+21
-220.882  1.1628e+21
-220.295  8.38746e+20
-219.708  8.13316e+20
-219.122  6.75763e+20
-218.535  9.50487e+20
-217.948  1.14516e+21
-217.362  8.93269e+20
-216.775  7.82068e+20
-216.188  7.57624e+20
-215.602  9.12336e+20
-215.015  1.16352e+21
-214.428  9.45747e+20
-213.842  9.11023e+20
-213.255  6.63633e+20
-212.668  9.39305e+20
-212.082  1.20424e+21
-211.495  9.25601e+20
-210.908  9.91099e+20
-210.322  9.32005e+20
-209.735  7.43608e+20
-209.148  1.42623e+21
-208.562  1.10545e+21
-207.975  8.88255e+20
-207.388  1.12412e+21
-206.802  8.75024e+20
-206.215  1.23562e+21
-205.628  1.21364e+21
-205.041  1.04723e+21
-204.455  1.11775e+21
-203.868  9.93757e+20
-203.281  1.27844e+21
-202.695  1.32458e+21
-202.108  1.00209e+21
-201.521  1.35928e+21
-200.935  9.35896e+20
-200.348  1.38312e+21
-199.761  1.30209e+21
-199.175  1.07869e+21
-198.588  1.21011e+21
-198.001  1.20321e+21
-197.415  1.22688e+21
-196.828  1.44513e+21
-196.241  9.71526e+20
-195.655  1.27118e+21
-195.068  1.08669e+21
-194.481  1.42738e+21
-193.895  1.25803e+21
-193.308  1.1531e+21
-192.721  9.57919e+20
-192.135  1.21e+21
-191.548  1.30523e+21
-190.961  1.19676e+21
-190.375  1.02328e+21
-189.788  1.02001e+21
-189.201  8.40759e+20
-188.615  1.53e+21
-188.028  1.03583e+21
-187.441  8.86702e+20
-186.855  1.03818e+21
-186.268  7.39944e+20
-185.681  1.24857e+21
-185.095  1.2137e+21
-184.508  6.59983e+20
-183.921  8.91134e+20
-183.335  7.34853e+20
-182.748  1.0658e+21
-182.161  1.12234e+21
-181.575  7.64549e+20
-180.988  7.45422e+20
-180.401  6.94913e+20
-179.815  9.92605e+20
-179.228  1.19852e+21
-178.641  7.3332e+20
-178.055  7.15277e+20
-177.468  6.42587e+20
-176.881  9.7203e+20
-176.295  1.0549e+21
-175.708  1.02243e+21
-175.121  6.4202e+20
-174.535  5.99431e+20
-173.948  1.04266e+21
-173.361  1.33139e+21
-172.775  9.18877e+20
-172.188  8.8492e+20
-171.601  4.61444e+20
-171.015  1.11647e+21
-170.428  1.36833e+21
-169.841  1.08531e+21
-169.255  8.7542e+20
-168.668  6.84143e+20
-168.081  8.45888e+20
-167.495  1.71409e+21
-166.908  1.33856e+21
-166.321  9.51175e+20
-165.735  7.49795e+20
-165.148  1.03574e+21
-164.561  1.40864e+21
-163.975  1.57196e+21
-163.388  1.18076e+21
-162.801  8.23471e+20
-162.215  1.10672e+21
-161.628  1.4626e+21
-161.041  1.66998e+21
-160.455  1.28485e+21
-159.868  9.57614e+20
-159.281  1.22809e+21
-158.695  1.62772e+21
-158.108  1.39051e+21
-157.521  1.49399e+21
-156.935  1.08003e+21
-156.348  1.17918e+21
-155.761  1.62962e+21
-155.175  1.85591e+21
-154.588  1.15234e+21
-154.001  1.39864e+21
-153.415  1.39478e+21
-152.828  1.56143e+21
-152.241  1.85121e+21
-151.655  1.55815e+21
-151.068  1.10897e+21
-150.481  1.68902e+21
-149.895  1.70689e+21
-149.308  1.89091e+21
-148.721  1.53603e+21
-148.135  1.5273e+21
-147.548  1.48291e+21
-146.961  2.05339e+21
-146.375  2.10557e+21
-145.788  1.4937e+21
-145.201  1.57733e+21
-144.614  1.7538e+21
-144.028  1.74936e+21
-143.441  2.26466e+21
-142.854  1.61977e+21
-142.268  1.59402e+21
-141.681  1.95441e+21
-141.094  2.0595e+21
-140.508  2.04314e+21
-139.921  1.66734e+21
-139.334  1.62543e+21
-138.748  1.82793e+21
-138.161  2.2646e+21
-137.574  2.30752e+21
-136.988  1.30943e+21
-136.401  1.57826e+21
-135.814  2.05887e+21
-135.228  2.26387e+21
-134.641  2.23339e+21
-134.054  1.63369e+21
-133.468  1.27505e+21
-132.881  1.82536e+21
-132.294  2.39961e+21
-131.708  2.31257e+21
-131.121  1.45925e+21
-130.534  1.36745e+21
-129.948  1.60526e+21
-129.361  2.34565e+21
-128.774  2.23575e+21
-128.188  1.57147e+21
-127.601  1.34614e+21
-127.014  1.75316e+21
-126.428  1.96999e+21
-125.841  2.13022e+21
-125.254  1.67927e+21
-124.668  1.29194e+21
-124.081  1.69013e+21
-123.494  2.37593e+21
-122.908  1.63533e+21
-122.321  1.44789e+21
-121.734  1.50809e+21
-121.148  1.86406e+21
-120.561  1.97629e+21
-119.974  1.90737e+21
-119.388  1.41677e+21
-118.801  1.17464e+21
-118.214  1.81472e+21
-117.628  2.31772e+21
-117.041  1.39675e+21
-116.454  1.30285e+21
-115.868  1.29642e+21
-115.281  1.71315e+21
-114.694  2.05772e+21
-114.108  1.62577e+21
-113.521  1.35486e+21
-112.934  1.11246e+21
-112.348  1.68279e+21
-111.761  1.89587e+21
-111.174  1.24952e+21
-110.588  1.14979e+21
-110.001  1.40759e+21
-109.414  1.60611e+21
-108.828  1.77757e+21
-108.241  1.149e+21
-107.654  9.95342e+20
-107.068  1.17547e+21
-106.481  1.86884e+21
-105.894  1.59033e+21
-105.308  1.08457e+21
-104.721  7.71253e+20
-104.134  1.20886e+21
-103.548  1.60373e+21
-102.961  1.72164e+21
-102.374  9.67624e+20
-101.788  6.17624e+20
-101.201  9.69832e+20
-100.614  1.72921e+21
-100.028  1.50645e+21
-99.4409  1.13729e+21
-98.8542  6.43804e+20
-98.2676  1.04831e+21
-97.6809  1.21139e+21
-97.0942  1.41762e+21
-96.5075  1.13726e+21
-95.9209  7.61274e+20
-95.3342  1.07236e+21
-94.7475  1.28434e+21
-94.1609  9.0374e+20
-93.5742  7.54486e+20
-92.9875  6.84447e+20
-92.4009  1.32413e+21
-91.8142  1.26576e+21
-91.2275  9.18603e+20
-90.6409  8.57151e+20
-90.0542  5.88681e+20
-89.4675  1.21863e+21
-88.8808  1.49292e+21
-88.2942  6.14945e+20
-87.7075  4.28493e+20
-87.1208  5.14244e+20
-86.5342  1.03454e+21
-85.9475  1.25859e+21
-85.3608  8.05321e+20
-84.7741  3.80222e+20
-84.1875  5.14067e+20
-83.6008  9.98622e+20
-83.0141  1.51191e+21
-82.4275  7.95586e+20
-81.8408  4.94941e+20
-81.2541  6.48662e+20
-80.6675  8.50892e+20
-80.0808  8.81037e+20
-79.4941  9.44442e+20
-78.9074  3.4209e+20
-78.3208  7.68756e+20
-77.7341  9.99295e+20
-77.1474  8.36504e+20
-76.5608  3.98057e+20
-75.9741  3.25214e+20
-75.3874  7.11899e+20
-74.8008  1.08986e+21
-74.2141  8.65358e+20
-73.6274  5.03976e+20
-73.0408  1.34708e+20
-72.4541  8.94203e+20
-71.8674  1.16021e+21
-71.2807  1.03628e+21
-70.6941  6.80732e+20
-70.1074  2.50894e+20
-69.5207  5.5236e+20
-68.9341  8.4848e+20
-68.3474  6.38997e+20
-67.7607  3.7998e+20
-67.174  4.06084e+20
-66.5874  6.97955e+20
-66.0007  7.37474e+20
-65.414  4.24e+20
-64.8274  2.17281e+20
-64.2407  3.51245e+20
-63.654  1.04641e+21
-63.0674  8.2002e+20
-62.4807  2.9043e+20
-61.894  1.86529e+20
-61.3073  4.23142e+20
-60.7207  9.49302e+20
-60.134  1.55689e+21
-59.5473  4.76336e+20
-58.9607  1.6638e+20
-58.374  6.02554e+20
-57.7873  8.78168e+20
-57.2007  1.2037e+21
-56.614  7.46624e+20
-56.0273  1.00826e+20
-55.4407  5.39144e+20
-54.854  7.07209e+20
-54.2673  8.6715e+20
-53.6806  7.56855e+20
-53.094  1.84233e+20
-52.5073  5.34067e+20
-51.9206  6.34533e+20
-51.334  4.22192e+20
-50.7473  2.24912e+20
-50.1606  2.04284e+20
-49.5739  7.82017e+20
-48.9873  6.69804e+20
-48.4006  3.03667e+20
-47.8139  1.37883e+20
-47.2273  1.63957e+20
-46.6406  1.131e+21
-46.0539  1.20886e+21
-45.4673  3.25433e+20
-44.8806  3.30407e+20
-44.2939  2.00708e+20
-43.7072  9.75911e+20
-43.1206  1.59576e+21
-42.5339  5.19138e+20
-41.9472  2.87683e+20
-41.3606  8.92072e+20
-40.7739  1.11695e+21
-40.1872  1.86236e+21
-39.6006  1.03209e+21
-39.0139  3.31412e+20
-38.4272  1.06075e+21
-37.8406  9.53797e+20
-37.2539  1.59217e+21
-36.6672  9.88562e+20
-36.0805  2.47889e+20
-35.4939  1.5642e+21
-34.9072  1.65573e+21
-34.3205  1.36265e+21
-33.7339  1.12304e+21
-33.1472  3.18049e+20
-32.5605  1.12106e+21
-31.9738  1.71781e+21
-31.3872  9.93801e+20
-30.8005  8.31112e+20
-30.2138  4.98916e+20
-29.6272  1.19375e+21
-29.0405  2.40052e+21
-28.4538  1.26569e+21
-27.8672  6.19844e+20
-27.2805  6.34688e+20
-26.6938  8.89674e+20
-26.1072  1.98232e+21
-25.5205  1.14786e+21
-24.9338  4.12203e+20
-24.3471  1.19727e+21
-23.7605  1.2957e+21
-23.1738  2.10954e+21
-22.5871  1.57537e+21
-22.0005  3.12287e+20
-21.4138  1.22383e+21
-20.8271  1.50713e+21
-20.2404  1.83226e+21
-19.6538  1.48561e+21
-19.0671  5.14283e+20
-18.4804  1.93484e+21
-17.8938  2.55798e+21
-17.3071  1.93611e+21
-16.7204  1.65605e+21
-16.1338  8.85793e+20
-15.5471  2.23094e+21
-14.9604  3.49549e+21
-14.3737  2.68966e+21
-13.7871  2.26761e+21
-13.2004  2.06496e+21
-12.6137  3.19781e+21
-12.0271  5.21008e+21
-11.4404  3.48404e+21
-10.8537  2.77512e+21
-10.2671  4.65711e+21
-9.68039  6.28648e+21
-9.09372  9.61948e+21
-8.50705  8.50898e+21
-7.92038  7.22335e+21
-7.33371  1.12657e+22
-6.74704  1.52499e+22
-6.16037  2.31868e+22
-5.5737  3.07801e+22
-4.98703  4.34649e+22
-4.40036  7.39186e+22
-3.81369  1.10487e+23
-3.22702  1.50959e+23
-2.64035  1.93828e+23
-2.05368  2.23336e+23
-1.46701  2.59927e+23
-0.88034  3.01786e+23
-0.29367  3.21563e+23
0.293  3.20307e+23
0.87967  2.98423e+23
1.46634  2.54554e+23
2.05301  2.16164e+23
2.63968  1.85967e+23
3.22635  1.43706e+23
3.81302  1.04311e+23
4.39969  6.926e+22
4.98636  4.02136e+22
5.57303  2.85714e+22
6.1597  2.18771e+22
6.74637  1.45354e+22
7.33304  1.09103e+22
7.91971  7.02486e+21
8.50638  8.23524e+21
9.09305  9.34368e+21
9.67972  6.07084e+21
10.2664  4.47387e+21
10.8531  2.68275e+21
11.4397  3.42729e+21
12.0264  5.19131e+21
12.6131  3.19938e+21
13.1997  2.03313e+21
13.7864  2.22236e+21
14.3731  2.6046e+21
14.9597  3.39282e+21
15.5464  2.17429e+21
16.1331  8.55502e+20
16.7198  1.6458e+21
17.3064  1.93884e+21
17.8931  2.5506e+21
18.4798  1.93543e+21
19.0664  5.01089e+20
19.6531  1.44417e+21
20.2398  1.78818e+21
20.8265  1.46472e+21
21.4131  1.20005e+21
21.9998  3.07074e+20
22.5865  1.56046e+21
23.1731  2.11307e+21
23.7598  1.29004e+21
24.3465  1.17954e+21
24.9331  4.00724e+20
25.5198  1.12375e+21
26.1065  1.95205e+21
26.6931  8.73109e+20
27.2798  6.25518e+20
27.8665  6.17951e+20
28.4532  1.24622e+21
29.0398  2.38298e+21
29.6265  1.19145e+21
30.2132  4.85156e+20
30.7998  8.2048e+20
31.3865  9.83032e+20
31.9732  1.69964e+21
32.5599  1.11397e+21
33.1465  3.14256e+20
33.7332  1.11562e+21
34.3199  1.35408e+21
34.9065  1.63389e+21
35.4932  1.5513e+21
36.0799  2.43947e+20
36.6665  9.87857e+20
37.2532  1.595e+21
37.8399  9.48254e+20
38.4265  1.05847e+21
39.0132  3.31926e+20
39.5999  1.02102e+21
40.1866  1.85418e+21
40.7732  1.11719e+21
41.3599  8.81828e+20
41.9466  2.88767e+20
42.5332  5.21461e+20
43.1199  1.60664e+21
43.7066  9.79511e+20
44.2933  2.01114e+20
44.8799  3.3397e+20
45.4666  3.20582e+20
46.0533  1.19619e+21
46.6399  1.13688e+21
47.2266  1.66675e+20
47.8133  1.41161e+20
48.3999  3.06479e+20
48.9866  6.73523e+20
49.5733  7.8664e+20
50.1599  2.05394e+20
50.7466  2.22489e+20
51.3333  4.17263e+20
51.92  6.22611e+20
52.5066  5.26184e+20
53.0933  1.8424e+20
53.68  7.52526e+20
54.2666  8.73263e+20
54.8533  7.09269e+20
55.44  5.42252e+20
56.0266  1.00266e+20
56.6133  7.43422e+20
57.2  1.18839e+21
57.7867  8.68766e+20
58.3733  5.94923e+20
58.96  1.66011e+20
59.5467  4.74003e+20
60.1333  1.56847e+21
60.72  9.56509e+20
61.3067  4.28678e+20
61.8933  1.88718e+20
62.48  2.91193e+20
63.0667  8.10897e+20
63.6534  1.04132e+21
64.24  3.51377e+20
64.8267  2.17786e+20
65.4134  4.20462e+20
66  7.39534e+20
66.5867  7.01663e+20
67.1734  4.03391e+20
67.7601  3.82239e+20
68.3467  6.39302e+20
68.9334  8.45515e+20
69.5201  5.48114e+20
70.1067  2.50461e+20
70.6934  6.74566e+20
71.2801  1.02965e+21
71.8667  1.1603e+21
72.4534  9.01815e+20
73.0401  1.36338e+20
73.6268  5.11204e+20
74.2134  8.65983e+20
74.8001  1.08273e+21
75.3868  7.10691e+20
75.9734  3.26837e+20
76.5601  3.93215e+20
77.1468  8.3549e+20
77.7334  9.97635e+20
78.3201  7.66271e+20
78.9068  3.42118e+20
79.4934  9.47885e+20
80.0801  8.87401e+20
80.6668  8.47473e+20
81.2535  6.49687e+20
81.8401  4.91166e+20
82.4268  7.85988e+20
83.0135  1.5042e+21
83.6001  1.00316e+21
84.1868  5.12494e+20
84.7735  3.82289e+20
85.3602  8.0232e+20
85.9468  1.26396e+21
86.5335  1.03301e+21
87.1202  5.16104e+20
87.7068  4.28425e+20
88.2935  6.07029e+20
88.8802  1.47536e+21
89.4668  1.21781e+21
90.0535  5.87011e+20
90.6402  8.59615e+20
91.2268  9.22667e+20
91.8135  1.26761e+21
92.4002  1.3265e+21
92.9869  6.83839e+20
93.5735  7.57583e+20
94.1602  8.98828e+20
94.7469  1.27948e+21
95.3335  1.0669e+21
95.9202  7.59582e+20
96.5069  1.12836e+21
97.0935  1.42571e+21
97.6802  1.20798e+21
98.2669  1.05439e+21
98.8536  6.4197e+20
99.4402  1.14101e+21
100.027  1.49145e+21
100.614  1.7274e+21
101.2  9.64845e+20
101.787  6.17567e+20
102.374  9.56307e+20
102.96  1.72655e+21
103.547  1.59742e+21
104.134  1.21033e+21
104.72  7.7224e+20
105.307  1.08715e+21
105.894  1.57867e+21
106.48  1.86076e+21
107.067  1.17202e+21
107.654  9.91786e+20
108.24  1.14257e+21
108.827  1.77618e+21
109.414  1.60682e+21
110  1.39902e+21
110.587  1.15235e+21
111.174  1.24687e+21
111.76  1.89671e+21
112.347  1.67327e+21
112.934  1.11231e+21
113.52  1.34515e+21
114.107  1.61941e+21
114.694  2.047e+21
115.28  1.72133e+21
115.867  1.28653e+21
116.454  1.30338e+21
117.04  1.39082e+21
117.627  2.31839e+21
118.214  1.80554e+21
118.8  1.177e+21
119.387  1.4075e+21
119.974  1.89672e+21
120.56  1.96403e+21
121.147  1.86491e+21
121.734  1.49536e+21
122.32  1.44367e+21
122.907  1.63739e+21
123.494  2.36798e+21
124.08  1.68594e+21
124.667  1.29027e+21
125.254  1.66999e+21
125.84  2.11016e+21
126.427  1.97084e+21
127.014  1.7443e+21
127.6  1.33407e+21
128.187  1.55973e+21
128.774  2.24131e+21
129.36  2.32959e+21
129.947  1.61085e+21
130.534  1.36448e+21
131.12  1.44885e+21
131.707  2.28614e+21
132.294  2.40415e+21
132.88  1.81358e+21
133.467  1.26886e+21
134.054  1.61963e+21
134.64  2.22809e+21
135.227  2.24786e+21
135.814  2.06182e+21
136.4  1.57921e+21
136.987  1.29992e+21
137.574  2.28951e+21
138.16  2.25279e+21
138.747  1.82127e+21
139.334  1.61451e+21
139.92  1.65708e+21
140.507  2.02935e+21
141.094  2.05421e+21
141.68  1.93914e+21
142.267  1.59863e+21
142.854  1.60544e+21
143.44  2.25465e+21
144.027  1.73361e+21
144.614  1.75413e+21
145.2  1.55657e+21
145.787  1.48673e+21
146.374  2.08701e+21
146.96  2.04718e+21
147.547  1.46308e+21
148.134  1.53236e+21
148.721  1.5181e+21
149.307  1.88278e+21
149.894  1.69657e+21
150.481  1.6852e+21
151.067  1.09365e+21
151.654  1.54947e+21
152.241  1.83491e+21
152.827  1.55028e+21
153.414  1.38176e+21
154.001  1.39255e+21
154.587  1.14354e+21
155.174  1.84266e+21
155.761  1.6267e+21
156.347  1.17186e+21
156.934  1.07127e+21
157.521  1.4763e+21
158.107  1.3877e+21
158.694  1.61149e+21
159.281  1.2204e+21
159.867  9.47833e+20
160.454  1.28109e+21
161.041  1.64785e+21
161.627  1.46854e+21
162.214  1.09919e+21
162.801  8.18923e+20
163.387  1.16455e+21
163.974  1.56989e+21
164.561  1.39376e+21
165.147  1.03395e+21
165.734  7.39833e+20
166.321  9.45333e+20
166.907  1.32154e+21
167.494  1.71027e+21
168.081  8.45548e+20
168.667  6.8063e+20
169.254  8.64178e+20
169.841  1.07791e+21
170.427  1.36346e+21
171.014  1.10742e+21
171.601  4.59143e+20
172.187  8.75583e+20
172.774  9.08741e+20
173.361  1.3185e+21
173.947  1.04783e+21
174.534  5.9331e+20
175.121  6.41153e+20
175.707  1.01013e+21
176.294  1.05583e+21
176.881  9.65284e+20
177.467  6.42441e+20
178.054  7.07398e+20
178.641  7.28833e+20
179.227  1.1823e+21
179.814  9.94778e+20
180.401  6.93597e+20
180.987  7.41081e+20
181.574  7.5925e+20
182.161  1.12083e+21
182.747  1.06666e+21
183.334  7.3348e+20
183.921  8.93185e+20
184.507  6.51805e+20
185.094  1.20857e+21
185.681  1.24153e+21
186.267  7.44591e+20
186.854  1.03097e+21
187.441  8.87635e+20
188.027  1.02549e+21
188.614  1.53931e+21
189.201  8.33718e+20
189.787  1.02962e+21
190.374  1.01408e+21
190.961  1.1953e+21
191.547  1.29447e+21
192.134  1.21504e+21
192.721  9.51192e+20
193.307  1.15527e+21
193.894  1.24445e+21
194.481  1.43049e+21
195.067  1.07908e+21
195.654  1.27375e+21
196.241  9.68946e+20
196.827  1.43843e+21
197.414  1.22066e+21
198.001  1.20078e+21
198.587  1.208e+21
199.174  1.07413e+21
199.761  1.29659e+21
200.347  1.37377e+21
200.934  9.32348e+20
201.521  1.3495e+21
202.107  1.00533e+21
202.694  1.31239e+21
203.281  1.27779e+21
203.867  9.85136e+20
204.454  1.12042e+21
205.041  1.03382e+21
205.627  1.2155e+21
206.214  1.22387e+21
206.801  8.71885e+20
207.388  1.11257e+21
207.974  8.90249e+20
208.561  1.09248e+21
209.148  1.42629e+21
209.734  7.37351e+20
210.321  9.31786e+20
210.908  9.82667e+20
211.494  9.24155e+20
212.081  1.20194e+21
212.668  9.32841e+20
213.254  6.60054e+20
213.841  9.08046e+20
214.428  9.42823e+20
215.014  1.15706e+21
215.601  9.13482e+20
216.188  7.54091e+20
216.774  7.83851e+20
217.361  8.84572e+20
217.948  1.15482e+21
218.534  9.42102e+20
219.121  6.79363e+20
219.708  8.08545e+20
220.294  8.43727e+20
220.881  1.15439e+21
221.468  1.05998e+21
222.054  7.21099e+20
222.641  8.56293e+20
223.228  8.25409e+20
223.814  1.23037e+21
224.401  1.08206e+21
224.988  7.9068e+20
225.574  7.84013e+20
226.161  9.36264e+20
226.748  1.02236e+21
227.334  1.27948e+21
227.921  8.70831e+20
228.508  8.13758e+20
229.094  8.41087e+20
229.681  1.23649e+21
230.268  1.0989e+21
230.854  9.93218e+20
231.441  8.57066e+20
232.028  7.63126e+20
232.614  1.06792e+21
233.201  1.31502e+21
233.788  9.33086e+20
234.374  8.76629e+20
