#S 1 spectral density
#N 2
#UFWHM 7.62671
#L  abscissas [um]  spectral density
-234.375  7.46458e+18
-233.788  2.78006e+19
-233.202  1.65633e+19
-232.615  1.79931e+19
-232.028  2.18117e+19
-231.442  7.54742e+18
-230.855  1.81526e+19
-230.268  2.16925e+19
-229.682  2.08485e+19
-229.095  2.38662e+19
-228.508  1.11111e+19
-227.922  1.68963e+19
-227.335  2.77964e+19
-226.748  1.12538e+19
-226.162  3.03378e+19
-225.575  1.78039e+19
-224.988  2.30764e+19
-224.402  3.6315e+19
-223.815  2.09115e+19
-223.228  1.49784e+19
-222.642  3.23267e+19
-222.055  4.61913e+18
-221.468  3.85397e+19
-220.882  2.72761e+19
-220.295  1.52618e+19
-219.708  1.98593e+19
-219.122  3.14297e+19
-218.535  2.22181e+19
-217.948  3.23169e+19
-217.362  2.31185e+19
-216.775  2.3884e+19
-216.188  9.84744e+18
-215.602  3.82585e+19
-215.015  3.91389e+19
-214.428  3.60267e+19
-213.842  8.28643e+18
-213.255  1.64381e+19
-212.668  1.60386e+19
-212.082  1.48903e+19
-211.495  2.98411e+19
-210.908  4.28736e+19
-210.322  9.93574e+18
-209.735  2.63376e+19
-209.148  2.62497e+19
-208.562  2.9391e+19
-207.975  1.791e+19
-207.388  7.55733e+18
-206.802  5.46563e+18
-206.215  2.58243e+19
-205.628  1.57706e+19
-205.041  4.06027e+19
-204.455  2.57104e+19
-203.868  1.33015e+19
-203.281  1.11954e+19
-202.695  2.43712e+19
-202.108  1.50861e+19
-201.521  3.51678e+19
-200.935  6.2478e+18
-200.348  2.41793e+19
-199.761  2.45345e+19
-199.175  1.97461e+19
-198.588  2.03e+19
-198.001  3.1278e+19
-197.415  5.57625e+18
-196.828  4.59519e+19
-196.241  2.66356e+19
-195.655  2.05741e+19
-195.068  1.96083e+19
-194.481  5.72436e+18
-193.895  2.08848e+19
-193.308  5.57362e+19
-192.721  2.8337e+19
-192.135  3.32801e+19
-191.548  1.58329e+19
-190.961  9.75656e+18
-190.375  3.70473e+19
-189.788  3.27109e+19
-189.201  8.76236e+18
-188.615  8.51856e+18
-188.028  8.23708e+18
-187.441  2.7271e+19
-186.855  4.69076e+19
-186.268  2.97466e+19
-185.681  1.45672e+19
-185.095  1.10604e+19
-184.508  1.89686e+19
-183.921  4.91377e+19
-183.335  4.06038e+19
-182.748  2.48408e+18
-182.161  2.25369e+19
-181.575  2.23932e+19
-180.988  2.05111e+19
-180.401  6.78654e+19
-179.815  4.43166e+19
-179.228  1.98519e+19
-178.641  4.84932e+19
-178.055  2.50856e+19
-177.468  3.25244e+19
-176.881  2.47192e+19
-176.295  1.19946e+19
-175.708  5.35716e+19
-175.121  6.24524e+19
-174.535  2.67206e+19
-173.948  7.37984e+19
-173.361  2.39593e+19
-172.775  1.66649e+19
-172.188  5.38639e+19
-171.601  6.53835e+19
-171.015  4.29131e+18
-170.428  3.25278e+19
-169.841  3.31424e+19
-169.255  6.02573e+19
-168.668  2.89639e+19
-168.081  7.3638e+19
-167.495  3.82489e+19
-166.908  2.34762e+19
-166.321  3.22634e+19
-165.735  6.19654e+19
-165.148  1.51787e+19
-164.561  3.55492e+19
-163.975  4.32525e+19
-163.388  7.42372e+19
-162.801  3.50286e+19
-162.215  5.61057e+19
-161.628  5.03504e+19
-161.041  8.51554e+18
-160.455  3.82383e+19
-159.868  6.87562e+19
-159.281  1.5528e+19
-158.695  4.49343e+19
-158.108  4.98231e+19
-157.521  2.81723e+19
-156.935  3.24373e+19
-156.348  3.17524e+19
-155.761  8.73401e+18
-155.175  3.23966e+19
-154.588  3.92624e+19
-154.001  4.10351e+19
-153.415  3.13881e+19
-152.828  2.37148e+19
-152.241  1.75244e+19
-151.655  5.42367e+19
-151.068  1.72805e+19
-150.481  1.06395e+19
-149.895  2.31463e+19
-149.308  1.23846e+19
-148.721  2.58215e+19
-148.135  9.4328e+19
-147.548  3.18558e+19
-146.961  5.76318e+18
-146.375  3.3592e+19
-145.788  1.27157e+19
-145.201  1.99606e+19
-144.614  8.41916e+19
-144.028  3.18911e+19
-143.441  2.49983e+19
-142.854  6.87296e+19
-142.268  4.00436e+19
-141.681  3.89962e+19
-141.094  5.79637e+19
-140.508  2.79175e+19
-139.921  4.86302e+19
-139.334  9.5464e+19
-138.748  6.31678e+19
-138.161  5.5939e+19
-137.574  1.70013e+19
-136.988  2.50431e+19
-136.401  3.68409e+19
-135.814  5.78243e+19
-135.228  5.22199e+19
-134.641  6.59836e+19
-134.054  2.52369e+19
-133.468  5.99802e+19
-132.881  5.13447e+19
-132.294  3.95804e+19
-131.708  1.8599e+19
-131.121  6.95296e+19
-130.534  2.66847e+19
-129.948  5.177e+19
-129.361  4.88659e+19
-128.774  3.62732e+19
-128.188  1.43458e+19
-127.601  8.82485e+19
-127.014  3.92689e+19
-126.428  3.20754e+19
-125.841  6.45509e+19
-125.254  7.61028e+19
-124.668  4.84743e+19
-124.081  1.12296e+20
-123.494  4.95929e+19
-122.908  1.4935e+19
-122.321  5.19316e+19
-121.734  8.85374e+19
-121.148  8.1397e+19
-120.561  8.74853e+19
-119.974  6.44381e+19
-119.388  6.27012e+19
-118.801  5.32841e+19
-118.214  9.47066e+19
-117.628  9.51596e+19
-117.041  8.62765e+19
-116.454  1.00736e+20
-115.868  1.00826e+20
-115.281  6.57206e+19
-114.694  6.04872e+19
-114.108  5.43938e+19
-113.521  8.36961e+19
-112.934  1.05156e+20
-112.348  9.97578e+19
-111.761  5.30786e+19
-111.174  6.13766e+19
-110.588  7.60689e+19
-110.001  8.55902e+19
-109.414  1.30374e+20
-108.828  8.4983e+19
-108.241  5.15712e+19
-107.654  1.01887e+20
-107.068  1.20459e+20
-106.481  6.12044e+19
-105.894  8.3142e+19
-105.308  4.26405e+19
-104.721  4.51661e+19
-104.134  1.15618e+20
-103.548  1.41123e+20
-102.961  4.2565e+19
-102.374  7.14204e+19
-101.788  4.70438e+19
-101.201  7.46926e+19
-100.614  9.80161e+19
-100.028  1.42384e+20
-99.4409  7.83338e+19
-98.8542  1.07427e+20
-98.2676  1.05417e+20
-97.6809  7.89075e+19
-97.0942  4.14694e+19
-96.5075  1.31935e+20
-95.9209  1.00657e+20
-95.3342  1.33126e+20
-94.7475  1.06473e+20
-94.1609  5.2691e+19
-93.5742  2.08075e+19
-92.9875  1.63981e+20
-92.4009  1.29133e+20
-91.8142  1.05948e+20
-91.2275  1.21138e+20
-90.6409  7.98617e+19
-90.0542  5.08953e+19
-89.4675  2.30054e+20
-88.8808  1.39054e+20
-88.2942  6.36115e+19
-87.7075  1.4528e+20
-87.1208  1.21407e+20
-86.5342  6.34353e+19
-85.9475  1.69492e+20
-85.3608  9.75938e+19
-84.7741  5.691e+19
-84.1875  1.43724e+20
-83.6008  1.40345e+20
-83.0141  3.9194e+19
-82.4275  9.48553e+19
-81.8408  8.98868e+19
-81.2541  8.31794e+19
-80.6675  1.41891e+20
-80.0808  1.41653e+20
-79.4941  3.97278e+19
-78.9074  1.16094e+20
-78.3208  1.73572e+20
-77.7341  8.66923e+19
-77.1474  8.74436e+19
-76.5608  1.39871e+20
-75.9741  3.71732e+19
-75.3874  1.35382e+20
-74.8008  1.67001e+20
-74.2141  5.44017e+19
-73.6274  3.81339e+19
-73.0408  1.40973e+20
-72.4541  8.31945e+19
-71.8674  8.4431e+19
-71.2807  8.24731e+19
-70.6941  5.14955e+19
-70.1074  4.64883e+19
-69.5207  1.84954e+20
-68.9341  1.33147e+20
-68.3474  7.39324e+19
-67.7607  9.52066e+19
-67.174  1.50622e+20
-66.5874  1.20603e+20
-66.0007  1.69746e+20
-65.414  1.38203e+20
-64.8274  7.90765e+19
-64.2407  1.61981e+20
-63.654  1.72457e+20
-63.0674  1.68822e+20
-62.4807  1.13383e+20
-61.894  1.41311e+20
-61.3073  1.20675e+20
-60.7207  1.78898e+20
-60.134  9.54531e+19
-59.5473  1.5578e+20
-58.9607  8.36343e+19
-58.374  1.78868e+20
-57.7873  1.64155e+20
-57.2007  1.31585e+20
-56.614  9.07773e+19
-56.0273  2.0313e+20
-55.4407  1.43251e+20
-54.854  1.92889e+20
-54.2673  1.71387e+20
-53.6806  8.35973e+19
-53.094  1.87664e+20
-52.5073  3.1168e+20
-51.9206  2.34704e+20
-51.334  1.83089e+20
-50.7473  2.05491e+20
-50.1606  1.72532e+20
-49.5739  2.75121e+20
-48.9873  2.89074e+20
-48.4006  2.06712e+20
-47.8139  1.62552e+20
-47.2273  1.75422e+20
-46.6406  2.72744e+20
-46.0539  2.67291e+20
-45.4673  2.29448e+20
-44.8806  1.41178e+20
-44.2939  2.23147e+20
-43.7072  1.69615e+20
-43.1206  2.00296e+20
-42.5339  2.13798e+20
-41.9472  1.76876e+20
-41.3606  1.47175e+20
-40.7739  2.57378e+20
-40.1872  1.51141e+20
-39.6006  1.10425e+20
-39.0139  2.65045e+20
-38.4272  2.38742e+20
-37.8406  2.39158e+20
-37.2539  2.38619e+20
-36.6672  1.29677e+20
-36.0805  1.90384e+20
-35.4939  4.75224e+20
-34.9072  2.89558e+20
-34.3205  2.77262e+20
-33.7339  2.38627e+20
-33.1472  2.75482e+20
-32.5605  4.04475e+20
-31.9738  5.39411e+20
-31.3872  3.73271e+20
-30.8005  2.78962e+20
-30.2138  3.12114e+20
-29.6272  5.71301e+20
-29.0405  6.26433e+20
-28.4538  4.28997e+20
-27.8672  5.145e+20
-27.2805  4.37939e+20
-26.6938  4.45826e+20
-26.1072  7.148e+20
-25.5205  6.47487e+20
-24.9338  4.37263e+20
-24.3471  6.37905e+20
-23.7605  7.23574e+20
-23.1738  7.46076e+20
-22.5871  7.94381e+20
-22.0005  7.07189e+20
-21.4138  8.86827e+20
-20.8271  8.00257e+20
-20.2404  8.75898e+20
-19.6538  1.03573e+21
-19.0671  1.06663e+21
-18.4804  1.12505e+21
-17.8938  1.5175e+21
-17.3071  1.4479e+21
-16.7204  1.3778e+21
-16.1338  1.7902e+21
-15.5471  2.17406e+21
-14.9604  2.1836e+21
-14.3737  2.2941e+21
-13.7871  2.80289e+21
-13.2004  3.24326e+21
-12.6137  3.99087e+21
-12.0271  4.84131e+21
-11.4404  5.6234e+21
-10.8537  6.34103e+21
-10.2671  8.46989e+21
-9.68039  1.15272e+22
-9.09372  1.45894e+22
-8.50705  1.90779e+22
-7.92038  2.62315e+22
-7.33371  3.63027e+22
-6.74704  4.92587e+22
-6.16037  6.68587e+22
-5.5737  8.64736e+22
-4.98703  1.0955e+23
-4.40036  1.37733e+23
-3.81369  1.68549e+23
-3.22702  1.98404e+23
-2.64035  2.28362e+23
-2.05368  2.52946e+23
-1.46701  2.73388e+23
-0.88034  2.89949e+23
-0.29367  2.97942e+23
0.293  2.96843e+23
0.87967  2.86808e+23
1.46634  2.68369e+23
2.05301  2.46401e+23
2.63968  2.20781e+23
3.22635  1.90447e+23
3.81302  1.60621e+23
4.39969  1.30273e+23
4.98636  1.02836e+23
5.57303  8.06588e+22
6.1597  6.20446e+22
6.74637  4.54979e+22
7.33304  3.34485e+22
7.91971  2.41416e+22
8.50638  1.75884e+22
9.09305  1.35447e+22
9.67972  1.08003e+22
10.2664  7.97311e+21
10.8531  5.99434e+21
11.4397  5.35107e+21
12.0264  4.62552e+21
12.6131  3.82569e+21
13.1997  3.11512e+21
13.7864  2.7028e+21
14.3731  2.21726e+21
14.9597  2.11861e+21
15.5464  2.12059e+21
16.1331  1.74727e+21
16.7198  1.34157e+21
17.3064  1.41044e+21
17.8931  1.47746e+21
18.4798  1.09282e+21
19.0664  1.03932e+21
19.6531  1.01168e+21
20.2398  8.555e+20
20.8265  7.82482e+20
21.4131  8.71191e+20
21.9998  6.95868e+20
22.5865  7.82672e+20
23.1731  7.33924e+20
23.7598  7.10153e+20
24.3465  6.25129e+20
24.9331  4.28104e+20
25.5198  6.37581e+20
26.1065  7.03973e+20
26.6931  4.37048e+20
27.2798  4.3082e+20
27.8665  5.09019e+20
28.4532  4.24729e+20
29.0398  6.21376e+20
29.6265  5.65843e+20
30.2132  3.07616e+20
30.7998  2.74703e+20
31.3865  3.67951e+20
31.9732  5.33011e+20
32.5599  3.98135e+20
33.1465  2.70834e+20
33.7332  2.36203e+20
34.3199  2.75125e+20
34.9065  2.87256e+20
35.4932  4.73058e+20
36.0799  1.88515e+20
36.6665  1.27393e+20
37.2532  2.35274e+20
37.8399  2.35593e+20
38.4265  2.35074e+20
39.0132  2.62168e+20
39.5999  1.08497e+20
40.1866  1.48771e+20
40.7732  2.54517e+20
41.3599  1.45001e+20
41.9466  1.75282e+20
42.5332  2.12392e+20
43.1199  1.98318e+20
43.7066  1.68115e+20
44.2933  2.22042e+20
44.8799  1.39677e+20
45.4666  2.27813e+20
46.0533  2.64069e+20
46.6399  2.68687e+20
47.2266  1.73124e+20
47.8133  1.61517e+20
48.3999  2.05912e+20
48.9866  2.8862e+20
49.5733  2.74201e+20
50.1599  1.7153e+20
50.7466  2.04508e+20
51.3333  1.81776e+20
51.92  2.32777e+20
52.5066  3.09237e+20
53.0933  1.86526e+20
53.68  8.31965e+19
54.2666  1.70249e+20
54.8533  1.91389e+20
55.44  1.41861e+20
56.0266  2.01354e+20
56.6133  8.98673e+19
57.2  1.30606e+20
57.7867  1.63502e+20
58.3733  1.78258e+20
58.96  8.3127e+19
59.5467  1.54708e+20
60.1333  9.39694e+19
60.72  1.76566e+20
61.3067  1.19674e+20
61.8933  1.40749e+20
62.48  1.13043e+20
63.0667  1.67995e+20
63.6534  1.70778e+20
64.24  1.60478e+20
64.8267  7.85583e+19
65.4134  1.37725e+20
66  1.69268e+20
66.5867  1.20587e+20
67.1734  1.50219e+20
67.7601  9.4888e+19
68.3467  7.32665e+19
68.9334  1.3193e+20
69.5201  1.83036e+20
70.1067  4.60007e+19
70.6934  5.12218e+19
71.2801  8.19439e+19
71.8667  8.33451e+19
72.4534  8.23079e+19
73.0401  1.39639e+20
73.6268  3.77628e+19
74.2134  5.41839e+19
74.8001  1.66129e+20
75.3868  1.34676e+20
75.9734  3.69514e+19
76.5601  1.39265e+20
77.1468  8.65559e+19
77.7334  8.57354e+19
78.3201  1.72523e+20
78.9068  1.15661e+20
79.4934  3.9762e+19
80.0801  1.4103e+20
80.6668  1.40415e+20
81.2535  8.19723e+19
81.8401  8.90523e+19
82.4268  9.43628e+19
83.0135  3.9028e+19
83.6001  1.3977e+20
84.1868  1.42957e+20
84.7735  5.63197e+19
85.3602  9.68292e+19
85.9468  1.68211e+20
86.5335  6.28298e+19
87.1202  1.21244e+20
87.7068  1.45335e+20
88.2935  6.34638e+19
88.8802  1.37969e+20
89.4668  2.27656e+20
90.0535  5.01897e+19
90.6402  7.96368e+19
91.2268  1.21122e+20
91.8135  1.05681e+20
92.4002  1.2832e+20
92.9869  1.6248e+20
93.5735  2.04417e+19
94.1602  5.2385e+19
94.7469  1.05962e+20
95.3335  1.32534e+20
95.9202  1.0052e+20
96.5069  1.31072e+20
97.0935  4.08781e+19
97.6802  7.81578e+19
98.2669  1.04761e+20
98.8536  1.06938e+20
99.4402  7.85663e+19
100.027  1.41793e+20
100.614  9.67795e+19
101.2  7.37109e+19
101.787  4.66397e+19
102.374  7.10291e+19
102.96  4.25188e+19
103.547  1.4041e+20
104.134  1.14577e+20
104.72  4.44547e+19
105.307  4.24423e+19
105.894  8.26926e+19
106.48  6.06083e+19
107.067  1.2023e+20
107.654  1.01497e+20
108.24  5.10429e+19
108.827  8.46153e+19
109.414  1.29681e+20
110  8.49172e+19
110.587  7.61324e+19
111.174  6.11796e+19
111.76  5.23911e+19
112.347  9.87419e+19
112.934  1.04578e+20
113.52  8.35793e+19
114.107  5.42718e+19
114.694  5.99576e+19
115.28  6.48042e+19
115.867  1.00007e+20
116.454  1.0026e+20
117.04  8.62506e+19
117.627  9.51214e+19
118.214  9.43524e+19
118.8  5.2634e+19
119.387  6.25517e+19
119.974  6.40747e+19
120.56  8.70787e+19
121.147  8.12426e+19
121.734  8.84417e+19
122.32  5.15482e+19
122.907  1.47815e+19
123.494  4.90331e+19
124.08  1.11555e+20
124.667  4.83612e+19
125.254  7.63335e+19
125.84  6.45276e+19
126.427  3.16794e+19
127.014  3.87216e+19
127.6  8.76076e+19
128.187  1.42565e+19
128.774  3.62636e+19
129.36  4.8627e+19
129.947  5.12007e+19
130.534  2.63127e+19
131.12  6.90627e+19
131.707  1.85601e+19
132.294  3.92152e+19
132.88  5.1183e+19
133.467  5.95342e+19
134.054  2.50449e+19
134.64  6.55988e+19
135.227  5.21998e+19
135.814  5.7399e+19
136.4  3.664e+19
136.987  2.48202e+19
137.574  1.68162e+19
138.16  5.5544e+19
138.747  6.32025e+19
139.334  9.55506e+19
139.92  4.86999e+19
140.507  2.77423e+19
141.094  5.75358e+19
141.68  3.87225e+19
142.267  3.99659e+19
142.854  6.89571e+19
143.44  2.51302e+19
144.027  3.1636e+19
144.614  8.34813e+19
145.2  1.98688e+19
145.787  1.26788e+19
146.374  3.35579e+19
146.96  5.76065e+18
147.547  3.16569e+19
148.134  9.37116e+19
148.721  2.5669e+19
149.307  1.24098e+19
149.894  2.30353e+19
150.481  1.0493e+19
151.067  1.70319e+19
151.654  5.41333e+19
152.241  1.74587e+19
152.827  2.371e+19
153.414  3.12636e+19
154.001  4.08879e+19
154.587  3.89211e+19
155.174  3.22883e+19
155.761  8.72109e+18
156.347  3.16656e+19
156.934  3.22543e+19
157.521  2.81518e+19
158.107  4.96825e+19
158.694  4.47324e+19
159.281  1.5457e+19
159.867  6.87368e+19
160.454  3.80836e+19
161.041  8.37932e+18
161.627  5.03261e+19
162.214  5.58633e+19
162.801  3.49372e+19
163.387  7.44525e+19
163.974  4.32789e+19
164.561  3.53013e+19
165.147  1.50037e+19
165.734  6.17613e+19
166.321  3.21777e+19
166.907  2.34318e+19
167.494  3.84201e+19
168.081  7.33354e+19
168.667  2.86926e+19
169.254  6.01344e+19
169.841  3.31451e+19
170.427  3.23094e+19
171.014  4.15967e+18
171.601  6.50276e+19
172.187  5.38304e+19
172.774  1.65914e+19
173.361  2.39436e+19
173.947  7.35958e+19
174.534  2.65501e+19
175.121  6.23232e+19
175.707  5.3488e+19
176.294  1.19019e+19
176.881  2.44674e+19
177.467  3.2176e+19
178.054  2.50129e+19
178.641  4.85017e+19
179.227  1.98824e+19
179.814  4.41324e+19
180.401  6.74318e+19
180.987  2.03391e+19
181.574  2.22715e+19
182.161  2.25172e+19
182.747  2.42948e+18
183.334  4.0411e+19
183.921  4.89544e+19
184.507  1.90591e+19
185.094  1.10096e+19
185.681  1.46121e+19
186.267  2.95672e+19
186.854  4.68942e+19
187.441  2.7062e+19
188.027  8.26142e+18
188.614  8.48968e+18
189.201  8.81112e+18
189.787  3.25087e+19
190.374  3.7179e+19
190.961  9.82316e+18
191.547  1.57587e+19
192.134  3.31999e+19
192.721  2.84882e+19
193.307  5.54987e+19
193.894  2.09132e+19
194.481  5.73419e+18
195.067  1.95005e+19
195.654  2.06377e+19
196.241  2.67922e+19
196.827  4.59209e+19
197.414  5.62005e+18
198.001  3.12162e+19
198.587  2.01144e+19
199.174  1.96552e+19
199.761  2.43991e+19
200.347  2.41405e+19
200.934  6.26014e+18
201.521  3.52172e+19
202.107  1.50125e+19
202.694  2.44253e+19
203.281  1.12317e+19
203.867  1.32446e+19
204.454  2.55154e+19
205.041  4.03401e+19
205.627  1.5693e+19
206.214  2.58309e+19
206.801  5.43943e+18
207.388  7.50123e+18
207.974  1.78531e+19
208.561  2.91417e+19
209.148  2.63119e+19
209.734  2.64112e+19
210.321  9.84864e+18
210.908  4.25449e+19
211.494  2.96931e+19
212.081  1.48771e+19
212.668  1.61179e+19
213.254  1.63624e+19
213.841  8.25725e+18
214.428  3.58318e+19
215.014  3.9003e+19
215.601  3.8474e+19
216.188  9.80659e+18
216.774  2.36905e+19
217.361  2.2915e+19
217.948  3.23535e+19
218.534  2.21803e+19
219.121  3.16473e+19
219.708  1.9799e+19
220.294  1.51911e+19
220.881  2.71367e+19
221.468  3.86879e+19
222.054  4.60183e+18
222.641  3.23764e+19
223.228  1.48778e+19
223.814  2.10151e+19
224.401  3.63203e+19
224.988  2.31186e+19
225.574  1.77808e+19
226.161  3.03452e+19
226.748  1.12183e+19
227.334  2.79831e+19
227.921  1.70064e+19
228.508  1.11327e+19
229.094  2.37782e+19
229.681  2.08175e+19
230.268  2.17607e+19
230.854  1.81052e+19
231.441  7.54339e+18
232.028  2.17852e+19
232.614  1.8002e+19
233.201  1.66086e+19
233.788  2.80209e+19
234.374  7.49932e+18
