#S 1 spectral density
#N 2
#UFWHM 4.10669
#L  abscissas [um]  spectral density
-234.375  5.86603e+20
-233.788  1.0715e+21
-233.202  1.78285e+21
-232.615  1.95983e+21
-232.028  1.25644e+21
-231.442  5.72329e+20
-230.855  4.99249e+20
-230.268  1.07594e+21
-229.682  1.45488e+21
-229.095  2.25055e+21
-228.508  1.39812e+21
-227.922  6.67597e+20
-227.335  5.05862e+20
-226.748  9.17504e+20
-226.162  1.09394e+21
-225.575  2.79184e+21
-224.988  1.39525e+21
-224.402  7.59002e+20
-223.815  4.57523e+20
-223.228  8.69618e+20
-222.642  9.51542e+20
-222.055  3.29479e+21
-221.468  1.33772e+21
-220.882  7.87604e+20
-220.295  3.88952e+20
-219.708  7.09936e+20
-219.122  9.15027e+20
-218.535  3.56123e+21
-217.948  1.16927e+21
-217.362  7.3652e+20
-216.775  4.33304e+20
-216.188  7.35405e+20
-215.602  1.03232e+21
-215.015  3.54467e+21
-214.428  1.1264e+21
-213.842  7.55285e+20
-213.255  4.34264e+20
-212.668  7.96538e+20
-212.082  8.87215e+20
-211.495  3.75624e+21
-210.908  9.61707e+20
-210.322  7.52371e+20
-209.735  7.11534e+20
-209.148  8.77164e+20
-208.562  9.31425e+20
-207.975  3.81837e+21
-207.388  6.37783e+20
-206.802  6.88298e+20
-206.215  8.30694e+20
-205.628  8.81157e+20
-205.041  9.15214e+20
-204.455  3.57483e+21
-203.868  5.34074e+20
-203.281  6.32514e+20
-202.695  9.47621e+20
-202.108  1.02064e+21
-201.521  9.97325e+20
-200.935  2.9805e+21
-200.348  4.44048e+20
-199.761  6.33902e+20
-199.175  1.14198e+21
-198.588  1.01316e+21
-198.001  9.29475e+20
-197.415  2.69341e+21
-196.828  3.65442e+20
-196.241  6.43965e+20
-195.655  1.38982e+21
-195.068  1.0092e+21
-194.481  8.67098e+20
-193.895  2.21763e+21
-193.308  2.58221e+20
-192.721  5.04869e+20
-192.135  1.63593e+21
-191.548  8.37456e+20
-190.961  6.38887e+20
-190.375  1.93975e+21
-189.788  1.55559e+20
-189.201  4.67815e+20
-188.615  1.5161e+21
-188.028  7.79062e+20
-187.441  5.57086e+20
-186.855  1.31446e+21
-186.268  2.11657e+20
-185.681  5.14467e+20
-185.095  1.20624e+21
-184.508  8.33619e+20
-183.921  5.49681e+20
-183.335  1.00203e+21
-182.748  2.20791e+20
-182.161  3.3568e+20
-181.575  1.18739e+21
-180.988  7.21131e+20
-180.401  4.58795e+20
-179.815  8.1216e+20
-179.228  1.81641e+20
-178.641  2.95099e+20
-178.055  1.08388e+21
-177.468  6.56432e+20
-176.881  6.20068e+20
-176.295  5.24227e+20
-175.708  2.0486e+20
-175.121  2.86531e+20
-174.535  7.66121e+20
-173.948  7.01173e+20
-173.361  6.44002e+20
-172.775  5.21662e+20
-172.188  2.85117e+20
-171.601  2.50299e+20
-171.015  6.17281e+20
-170.428  8.45133e+20
-169.841  9.89955e+20
-169.255  3.29257e+20
-168.668  3.3494e+20
-168.081  4.27328e+20
-167.495  3.72492e+20
-166.908  9.62587e+20
-166.321  1.29993e+21
-165.735  4.19597e+20
-165.148  4.15492e+20
-164.561  4.03772e+20
-163.975  4.05979e+20
-163.388  1.22732e+21
-162.801  1.43901e+21
-162.215  4.79298e+20
-161.628  5.26965e+20
-161.041  5.64087e+20
-160.455  1.99933e+20
-159.868  1.52087e+21
-159.281  1.80206e+21
-158.695  3.56536e+20
-158.108  4.79869e+20
-157.521  9.05357e+20
-156.935  1.4039e+20
-156.348  2.25201e+21
-155.761  1.52706e+21
-155.175  3.63889e+20
-154.588  8.71028e+20
-154.001  8.78409e+20
-153.415  2.97763e+20
-152.828  2.63325e+21
-152.241  1.67975e+21
-151.655  4.33448e+20
-151.068  7.13488e+20
-150.481  1.54781e+21
-149.895  2.58444e+20
-149.308  2.47394e+21
-148.721  2.1542e+21
-148.135  4.63943e+20
-147.548  8.90459e+20
-146.961  1.87163e+21
-146.375  2.85901e+20
-145.788  2.98387e+21
-145.201  1.46559e+21
-144.614  3.80766e+20
-144.028  1.19417e+21
-143.441  1.63208e+21
-142.854  2.77731e+20
-142.268  3.44012e+21
-141.681  1.1872e+21
-141.094  4.76877e+20
-140.508  7.8949e+20
-139.921  2.13183e+21
-139.334  2.37659e+20
-138.748  2.9779e+21
-138.161  1.36202e+21
-137.574  3.3875e+20
-136.988  1.44615e+21
-136.401  2.28472e+21
-135.814  3.56255e+20
-135.228  3.46236e+21
-134.641  6.96131e+20
-134.054  3.06148e+20
-133.468  8.8929e+20
-132.881  2.54304e+21
-132.294  5.57922e+20
-131.708  1.93117e+21
-131.121  2.05044e+21
-130.534  1.20207e+21
-129.948  6.1608e+20
-129.361  3.10505e+21
-128.774  6.19379e+20
-128.188  1.8456e+21
-127.601  3.42118e+20
-127.014  8.18535e+20
-126.428  4.24528e+21
-125.841  3.04798e+21
-125.254  5.70505e+21
-124.668  1.31248e+22
-124.081  1.00015e+22
-123.494  1.49281e+22
-122.908  2.03577e+22
-122.321  1.76844e+22
-121.734  1.78833e+22
-121.148  1.82856e+22
-120.561  1.51928e+22
-119.974  1.33163e+22
-119.388  1.03453e+22
-118.801  1.0478e+22
-118.214  7.10583e+21
-117.628  3.71695e+21
-117.041  4.56288e+21
-116.454  3.84858e+21
-115.868  1.44736e+21
-115.281  3.01341e+21
-114.694  2.88257e+21
-114.108  1.91838e+21
-113.521  1.56168e+21
-112.934  1.64939e+21
-112.348  1.32425e+21
-111.761  7.78215e+20
-111.174  6.23362e+20
-110.588  1.27602e+21
-110.001  1.1164e+21
-109.414  6.81617e+20
-108.828  8.52416e+20
-108.241  1.01808e+21
-107.654  1.04237e+21
-107.068  6.33126e+20
-106.481  9.84687e+20
-105.894  1.52858e+21
-105.308  1.72306e+20
-104.721  3.39776e+20
-104.134  1.77997e+21
-103.548  5.91984e+20
-102.961  9.41609e+20
-102.374  1.49461e+21
-101.788  4.99248e+20
-101.201  5.97534e+20
-100.614  1.24478e+21
-100.028  8.26282e+20
-99.4409  1.512e+21
-98.8542  1.3084e+21
-98.2676  4.21749e+20
-97.6809  7.35403e+20
-97.0942  1.83362e+21
-96.5075  4.4966e+20
-95.9209  1.29345e+21
-95.3342  1.9705e+21
-94.7475  1.21938e+20
-94.1609  5.11876e+20
-93.5742  2.40288e+21
-92.9875  5.43376e+20
-92.4009  1.46939e+21
-91.8142  1.59848e+21
-91.2275  3.4169e+20
-90.6409  8.57303e+20
-90.0542  1.91009e+21
-89.4675  6.09053e+20
-88.8808  1.4084e+21
-88.2942  1.85403e+21
-87.7075  3.09734e+20
-87.1208  6.76946e+20
-86.5342  2.66288e+21
-85.9475  3.50324e+20
-85.3608  1.08518e+21
-84.7741  1.95831e+21
-84.1875  1.93344e+20
-83.6008  1.02466e+21
-83.0141  2.11924e+21
-82.4275  4.90067e+20
-81.8408  1.63682e+21
-81.2541  1.26459e+21
-80.6675  3.20529e+20
-80.0808  1.1221e+21
-79.4941  1.98559e+21
-78.9074  2.54984e+20
-78.3208  9.78033e+20
-77.7341  1.69805e+21
-77.1474  1.93547e+20
-76.5608  6.05053e+20
-75.9741  2.22279e+21
-75.3874  1.52078e+20
-74.8008  8.38726e+20
-74.2141  1.17081e+21
-73.6274  1.75094e+20
-73.0408  9.88804e+20
-72.4541  1.21667e+21
-71.8674  3.18918e+20
-71.2807  1.10817e+21
-70.6941  5.63644e+20
-70.1074  3.15329e+20
-69.5207  7.62013e+20
-68.9341  1.24739e+21
-68.3474  1.99617e+20
-67.7607  3.51448e+20
-67.174  1.1398e+21
-66.5874  1.38154e+20
-66.0007  4.74024e+20
-65.414  1.21961e+21
-64.8274  1.70803e+20
-64.2407  3.23428e+20
-63.654  6.04165e+20
-63.0674  3.19208e+20
-62.4807  6.82737e+20
-61.894  4.83936e+20
-61.3073  5.26826e+20
-60.7207  4.2086e+20
-60.134  2.52376e+20
-59.5473  5.09407e+20
-58.9607  5.32298e+20
-58.374  4.62112e+20
-57.7873  3.33797e+20
-57.2007  2.08141e+20
-56.614  6.28414e+20
-56.0273  2.85898e+20
-55.4407  5.61038e+20
-54.854  5.74973e+20
-54.2673  3.57772e+20
-53.6806  2.60598e+20
-53.094  2.30141e+20
-52.5073  6.14183e+20
-51.9206  6.19321e+20
-51.334  1.25437e+20
-50.7473  8.60096e+20
-50.1606  4.75238e+20
-49.5739  1.19528e+20
-48.9873  9.24443e+20
-48.4006  7.06088e+20
-47.8139  1.45515e+20
-47.2273  8.26341e+20
-46.6406  5.93245e+20
-46.0539  3.66232e+20
-45.4673  9.85966e+20
-44.8806  8.47944e+20
-44.2939  3.87931e+20
-43.7072  1.21697e+21
-43.1206  6.39734e+20
-42.5339  1.84012e+20
-41.9472  1.43716e+21
-41.3606  8.15325e+20
-40.7739  2.35875e+20
-40.1872  1.58297e+21
-39.6006  9.67601e+20
-39.0139  2.12369e+20
-38.4272  1.40192e+21
-37.8406  1.15505e+21
-37.2539  4.30997e+20
-36.6672  1.35476e+21
-36.0805  1.20359e+21
-35.4939  4.04837e+20
-34.9072  1.69001e+21
-34.3205  1.25863e+21
-33.7339  5.69716e+20
-33.1472  1.86668e+21
-32.5605  1.02097e+21
-31.9738  1.66117e+20
-31.3872  2.0095e+21
-30.8005  1.07865e+21
-30.2138  3.85932e+20
-29.6272  1.89617e+21
-29.0405  1.35529e+21
-28.4538  3.86877e+20
-27.8672  1.84843e+21
-27.2805  1.21156e+21
-26.6938  3.22796e+20
-26.1072  1.91062e+21
-25.5205  1.02085e+21
-24.9338  2.56851e+20
-24.3471  2.49649e+21
-23.7605  1.14832e+21
-23.1738  3.25643e+20
-22.5871  2.30245e+21
-22.0005  9.03685e+20
-21.4138  1.78457e+20
-20.8271  1.65045e+21
-20.2404  1.28932e+21
-19.6538  7.87825e+20
-19.0671  1.45592e+21
-18.4804  1.48727e+21
-17.8938  9.81936e+20
-17.3071  1.35411e+21
-16.7204  9.15916e+20
-16.1338  2.72564e+20
-15.5471  1.58156e+21
-14.9604  6.68139e+20
-14.3737  3.5368e+20
-13.7871  2.66119e+21
-13.2004  1.40319e+21
-12.6137  6.42127e+20
-12.0271  1.96768e+21
-11.4404  8.89973e+20
-10.8537  1.99494e+20
-10.2671  5.90951e+20
-9.68039  1.47746e+21
-9.09372  2.07808e+21
-8.50705  1.95221e+21
-7.92038  3.46792e+21
-7.33371  3.36508e+21
-6.74704  2.53109e+21
-6.16037  1.25722e+21
-5.5737  6.07749e+20
-4.98703  2.57673e+21
-4.40036  2.64334e+21
-3.81369  9.01906e+21
-3.22702  2.02467e+22
-2.64035  2.55917e+22
-2.05368  4.01426e+22
-1.46701  5.37058e+22
-0.88034  5.67771e+22
-0.29367  6.73599e+22
0.293  6.69964e+22
0.87967  5.68524e+22
1.46634  5.42752e+22
2.05301  4.01813e+22
2.63968  2.58778e+22
3.22635  2.08026e+22
3.81302  9.07001e+21
4.39969  2.6958e+21
4.98636  2.71983e+21
5.57303  5.88142e+20
6.1597  1.23088e+21
6.74637  2.50057e+21
7.33304  3.3717e+21
7.91971  3.52684e+21
8.50638  1.96619e+21
9.09305  2.12778e+21
9.67972  1.54347e+21
10.2664  6.12163e+20
10.8531  1.92514e+20
11.4397  9.04104e+20
12.0264  2.0017e+21
12.6131  6.208e+20
13.1997  1.40818e+21
13.7864  2.73346e+21
14.3731  3.65041e+20
14.9597  6.89711e+20
15.5464  1.63215e+21
16.1331  2.7082e+20
16.7198  9.50304e+20
17.3064  1.38175e+21
17.8931  9.61618e+20
18.4798  1.51442e+21
19.0664  1.48144e+21
19.6531  7.84358e+20
20.2398  1.3384e+21
20.8265  1.67702e+21
21.4131  1.74538e+20
21.9998  9.25114e+20
22.5865  2.32255e+21
23.1731  3.32754e+20
23.7598  1.16531e+21
24.3465  2.49106e+21
24.9331  2.59489e+20
25.5198  1.0401e+21
26.1065  1.9151e+21
26.6931  3.1883e+20
27.2798  1.23217e+21
27.8665  1.8503e+21
28.4532  3.76133e+20
29.0398  1.36652e+21
29.6265  1.89764e+21
30.2132  3.67677e+20
30.7998  1.08837e+21
31.3865  1.99667e+21
31.9732  1.58941e+20
32.5599  1.01611e+21
33.1465  1.84331e+21
33.7332  5.71699e+20
34.3199  1.25756e+21
34.9065  1.65155e+21
35.4932  4.01418e+20
36.0799  1.18646e+21
36.6665  1.3263e+21
37.2532  4.18506e+20
37.8399  1.13412e+21
38.4265  1.36419e+21
39.0132  2.01706e+20
39.5999  9.49024e+20
40.1866  1.55246e+21
40.7732  2.24065e+20
41.3599  7.89736e+20
41.9466  1.38472e+21
42.5332  1.83261e+20
43.1199  6.14054e+20
43.7066  1.16792e+21
44.2933  3.83614e+20
44.8799  8.26777e+20
45.4666  9.29844e+20
46.0533  3.78306e+20
46.6399  5.71052e+20
47.2266  7.81096e+20
47.8133  1.4761e+20
48.3999  6.84072e+20
48.9866  8.69853e+20
49.5733  1.25946e+20
50.1599  4.57182e+20
50.7466  8.2883e+20
51.3333  1.31892e+20
51.92  6.04348e+20
52.5066  5.80199e+20
53.0933  2.44651e+20
53.68  2.4429e+20
54.2666  3.36729e+20
54.8533  5.90877e+20
55.44  5.38719e+20
56.0266  2.65402e+20
56.6133  6.54931e+20
57.2  1.99197e+20
57.7867  3.17176e+20
58.3733  4.91706e+20
58.96  5.38192e+20
59.5467  4.96701e+20
60.1333  2.69021e+20
60.72  4.30484e+20
61.3067  5.0809e+20
61.8933  5.20823e+20
62.48  6.98622e+20
63.0667  3.18676e+20
63.6534  6.27809e+20
64.24  3.35115e+20
64.8267  1.62404e+20
65.4134  1.28685e+21
66  4.75537e+20
66.5867  1.41897e+20
67.1734  1.17022e+21
67.7601  3.67073e+20
68.3467  1.93754e+20
68.9334  1.31446e+21
69.5201  7.73956e+20
70.1067  3.23976e+20
70.6934  5.85616e+20
71.2801  1.14511e+21
71.8667  3.12944e+20
72.4534  1.27354e+21
73.0401  9.90978e+20
73.6268  1.81721e+20
74.2134  1.20038e+21
74.8001  8.67697e+20
75.3868  1.55333e+20
75.9734  2.27081e+21
76.5601  6.07467e+20
77.1468  1.99754e+20
77.7334  1.72156e+21
78.3201  1.00578e+21
78.9068  2.62623e+20
79.4934  2.01584e+21
80.0801  1.1061e+21
80.6668  3.24227e+20
81.2535  1.29922e+21
81.8401  1.64886e+21
82.4268  5.05643e+20
83.0135  2.14685e+21
83.6001  9.91441e+20
84.1868  1.93291e+20
84.7735  1.98403e+21
85.3602  1.09529e+21
85.9468  3.6234e+20
86.5335  2.63543e+21
87.1202  6.64894e+20
87.7068  3.15742e+20
88.2935  1.84742e+21
88.8802  1.41537e+21
89.4668  6.20136e+20
90.0535  1.8826e+21
90.6402  8.30611e+20
91.2268  3.38497e+20
91.8135  1.60357e+21
92.4002  1.43101e+21
92.9869  5.45791e+20
93.5735  2.37424e+21
94.1602  4.83379e+20
94.7469  1.18488e+20
95.3335  1.94007e+21
95.9202  1.27809e+21
96.5069  4.59217e+20
97.0935  1.77196e+21
97.6802  7.15502e+20
98.2669  4.19002e+20
98.8536  1.26129e+21
99.4402  1.47439e+21
100.027  8.29248e+20
100.614  1.19788e+21
101.2  5.69009e+20
101.787  5.0334e+20
102.374  1.46058e+21
102.96  9.07089e+20
103.547  5.91903e+20
104.134  1.71078e+21
104.72  3.38265e+20
105.307  1.80507e+20
105.894  1.46898e+21
106.48  9.63403e+20
107.067  6.39319e+20
107.654  1.00522e+21
108.24  1.02674e+21
108.827  8.5897e+20
109.414  6.74228e+20
110  1.05778e+21
110.587  1.28667e+21
111.174  6.03403e+20
111.76  7.78799e+20
112.347  1.32939e+21
112.934  1.61602e+21
113.52  1.56994e+21
114.107  1.93393e+21
114.694  2.81924e+21
115.28  3.10883e+21
115.867  1.42194e+21
116.454  3.77215e+21
117.04  4.55573e+21
117.627  3.71768e+21
118.214  7.05159e+21
118.8  1.05109e+22
119.387  1.04496e+22
119.974  1.33834e+22
120.56  1.50808e+22
121.147  1.84505e+22
121.734  1.79144e+22
122.32  1.75333e+22
122.907  2.06119e+22
123.494  1.50424e+22
124.08  9.97166e+21
124.667  1.34086e+22
125.254  5.79109e+21
125.84  3.04984e+21
126.427  4.34423e+21
127.014  8.26813e+20
127.6  3.61973e+20
128.187  1.89732e+21
128.774  6.07843e+20
129.36  3.16805e+21
129.947  6.18855e+20
130.534  1.21723e+21
131.12  2.09784e+21
131.707  1.9977e+21
132.294  5.57536e+20
132.88  2.56591e+21
133.467  8.99789e+20
134.054  3.01755e+20
134.64  7.35213e+20
135.227  3.48921e+21
135.814  3.57519e+20
136.4  2.33234e+21
136.987  1.4168e+21
137.574  3.50106e+20
138.16  1.42517e+21
138.747  2.97566e+21
139.334  2.37071e+20
139.92  2.13411e+21
140.507  7.75066e+20
141.094  4.68896e+20
141.68  1.21268e+21
142.267  3.44169e+21
142.854  2.80519e+20
143.44  1.61221e+21
144.027  1.17252e+21
144.614  3.76844e+20
145.2  1.50895e+21
145.787  2.92786e+21
146.374  2.86938e+20
146.96  1.84534e+21
147.547  8.53289e+20
148.134  4.64443e+20
148.721  2.18186e+21
149.307  2.42722e+21
149.894  2.57512e+20
150.481  1.49092e+21
151.067  7.01665e+20
151.654  4.30088e+20
152.241  1.67373e+21
152.827  2.56435e+21
153.414  3.07344e+20
154.001  8.43989e+20
154.587  8.46706e+20
155.174  3.65984e+20
155.761  1.52281e+21
156.347  2.16239e+21
156.934  1.49264e+20
157.521  8.77455e+20
158.107  4.67805e+20
158.694  3.51272e+20
159.281  1.77144e+21
159.867  1.46571e+21
160.454  2.1248e+20
161.041  5.43649e+20
161.627  5.09785e+20
162.214  4.84769e+20
162.801  1.39985e+21
163.387  1.16909e+21
163.974  4.344e+20
164.561  3.90829e+20
165.147  3.98539e+20
165.734  4.24047e+20
166.321  1.26002e+21
166.907  9.26387e+20
167.494  4.00287e+20
168.081  4.23848e+20
168.667  3.26885e+20
169.254  3.34813e+20
169.841  9.43287e+20
170.427  8.11859e+20
171.014  6.56975e+20
171.601  2.52457e+20
172.187  2.78632e+20
172.774  5.32749e+20
173.361  6.15454e+20
173.947  6.8967e+20
174.534  8.07436e+20
175.121  2.89668e+20
175.707  2.05453e+20
176.294  5.36524e+20
176.881  5.93664e+20
177.467  6.57356e+20
178.054  1.13774e+21
178.641  2.96093e+20
179.227  1.8031e+20
179.814  8.48874e+20
180.401  4.49907e+20
180.987  7.3122e+20
181.574  1.22756e+21
182.161  3.36712e+20
182.747  2.17609e+20
183.334  1.0496e+21
183.921  5.4389e+20
184.507  8.6035e+20
185.094  1.23305e+21
185.681  5.19631e+20
186.267  2.15239e+20
186.854  1.38479e+21
187.441  5.56308e+20
188.027  7.97643e+20
188.614  1.53314e+21
189.201  4.64003e+20
189.787  1.57752e+20
190.374  2.02569e+21
190.961  6.38076e+20
191.547  8.615e+20
192.134  1.63578e+21
192.721  5.0921e+20
193.307  2.71591e+20
193.894  2.29982e+21
194.481  8.62099e+20
195.067  1.02152e+21
195.654  1.38059e+21
196.241  6.37855e+20
196.827  3.84813e+20
197.414  2.77874e+21
198.001  9.19815e+20
198.587  1.0285e+21
199.174  1.12089e+21
199.761  6.28845e+20
200.347  4.69074e+20
200.934  3.03934e+21
201.521  9.89445e+20
202.107  1.02637e+21
202.694  9.13895e+20
203.281  6.26346e+20
203.867  5.60887e+20
204.454  3.62852e+21
205.041  9.04857e+20
205.627  8.86378e+20
206.214  7.91237e+20
206.801  6.82701e+20
207.388  6.68599e+20
207.974  3.84589e+21
208.561  9.17889e+20
209.148  8.75689e+20
209.734  6.70238e+20
210.321  7.52889e+20
210.908  1.00229e+21
211.494  3.76406e+21
212.081  8.71881e+20
212.668  7.94079e+20
213.254  4.09725e+20
213.841  7.48821e+20
214.428  1.15937e+21
215.014  3.51976e+21
215.601  1.02532e+21
216.188  7.32415e+20
216.774  4.23478e+20
217.361  7.40801e+20
217.948  1.19286e+21
218.534  3.50849e+21
219.121  9.19269e+20
219.708  7.20086e+20
220.294  3.82967e+20
220.881  7.81761e+20
221.468  1.34871e+21
222.054  3.23282e+21
222.641  9.61472e+20
223.228  8.96632e+20
223.814  4.55837e+20
224.401  7.59674e+20
224.988  1.38871e+21
225.574  2.73025e+21
226.161  1.11485e+21
226.748  9.45679e+20
227.334  5.07903e+20
227.921  6.59499e+20
228.508  1.38464e+21
229.094  2.18973e+21
229.681  1.49057e+21
230.268  1.10293e+21
230.854  5.04694e+20
231.441  5.71085e+20
232.028  1.22979e+21
232.614  1.89966e+21
233.201  1.83787e+21
233.788  1.08854e+21
234.374  5.92486e+20
