#S 1 spectral density
#N 2
#UFWHM 6.45337
#L  abscissas [um]  spectral density
-234.375  9.85363e+19
-233.788  1.32183e+20
-233.202  2.12258e+20
-232.615  1.11043e+20
-232.028  1.59793e+20
-231.442  1.39625e+20
-230.855  1.70997e+20
-230.268  2.04395e+20
-229.682  9.33732e+19
-229.095  1.13391e+20
-228.508  1.24258e+20
-227.922  2.79585e+20
-227.335  2.39782e+20
-226.748  7.20915e+19
-226.162  1.45113e+20
-225.575  1.44732e+20
-224.988  2.89754e+20
-224.402  2.48511e+20
-223.815  6.37183e+19
-223.228  6.51013e+19
-222.642  1.07144e+20
-222.055  3.25225e+20
-221.468  2.97535e+20
-220.882  1.51181e+20
-220.295  8.61414e+19
-219.708  1.04329e+20
-219.122  2.15666e+20
-218.535  2.25252e+20
-217.948  1.92715e+20
-217.362  1.20265e+20
-216.775  1.51323e+20
-216.188  1.82883e+20
-215.602  1.51418e+20
-215.015  2.46142e+20
-214.428  1.95465e+20
-213.842  2.08109e+20
-213.255  1.86069e+20
-212.668  6.18764e+19
-212.082  1.63681e+20
-211.495  1.78314e+20
-210.908  3.40298e+20
-210.322  2.45977e+20
-209.735  5.37821e+19
-209.148  8.44204e+19
-208.562  1.3434e+20
-207.975  3.13329e+20
-207.388  3.44038e+20
-206.802  1.10914e+20
-206.215  1.11381e+20
-205.628  6.78148e+19
-205.041  2.77692e+20
-204.455  2.9273e+20
-203.868  1.84299e+20
-203.281  1.52022e+20
-202.695  1.73367e+20
-202.108  2.12868e+20
-201.521  2.14136e+20
-200.935  2.07353e+20
-200.348  2.57373e+20
-199.761  2.07346e+20
-199.175  2.60305e+20
-198.588  1.1408e+20
-198.001  1.358e+20
-197.415  2.315e+20
-196.828  4.13004e+20
-196.241  3.72513e+20
-195.655  1.26078e+20
-195.068  1.05236e+20
-194.481  1.69564e+20
-193.895  3.53171e+20
-193.308  4.68801e+20
-192.721  1.7468e+20
-192.135  1.45919e+20
-191.548  1.31735e+20
-190.961  3.18355e+20
-190.375  4.04195e+20
-189.788  2.43021e+20
-189.201  2.0737e+20
-188.615  2.0166e+20
-188.028  3.20387e+20
-187.441  3.26395e+20
-186.855  2.49746e+20
-186.268  2.87726e+20
-185.681  2.50977e+20
-185.095  4.05203e+20
-184.508  2.59741e+20
-183.921  1.97114e+20
-183.335  2.53763e+20
-182.748  3.11775e+20
-182.161  4.88033e+20
-181.575  2.90668e+20
-180.988  2.00319e+20
-180.401  2.09727e+20
-179.815  3.16165e+20
-179.228  5.1809e+20
-178.641  3.36049e+20
-178.055  3.03614e+20
-177.468  2.56831e+20
-176.881  2.99361e+20
-176.295  4.1623e+20
-175.708  2.60059e+20
-175.121  3.49317e+20
-174.535  3.11634e+20
-173.948  4.88951e+20
-173.361  4.30438e+20
-172.775  2.4006e+20
-172.188  2.98006e+20
-171.601  3.53193e+20
-171.015  5.76735e+20
-170.428  5.16892e+20
-169.841  2.71033e+20
-169.255  3.25086e+20
-168.668  2.5552e+20
-168.081  6.37174e+20
-167.495  4.42349e+20
-166.908  3.38386e+20
-166.321  3.50081e+20
-165.735  3.71744e+20
-165.148  6.00341e+20
-164.561  4.31371e+20
-163.975  3.18896e+20
-163.388  4.30245e+20
-162.801  4.08604e+20
-162.215  8.00819e+20
-161.628  4.54505e+20
-161.041  3.62964e+20
-160.455  3.58397e+20
-159.868  5.09249e+20
-159.281  6.88474e+20
-158.695  5.20667e+20
-158.108  4.57127e+20
-157.521  4.05772e+20
-156.935  4.98492e+20
-156.348  7.0721e+20
-155.761  4.23409e+20
-155.175  5.37468e+20
-154.588  5.10315e+20
-154.001  6.91276e+20
-153.415  6.33645e+20
-152.828  4.66515e+20
-152.241  5.13263e+20
-151.655  4.78974e+20
-151.068  8.24476e+20
-150.481  7.0752e+20
-149.895  4.3125e+20
-149.308  5.67149e+20
-148.721  4.94857e+20
-148.135  8.2434e+20
-147.548  5.97915e+20
-146.961  4.93317e+20
-146.375  6.05308e+20
-145.788  6.07432e+20
-145.201  9.28989e+20
-144.614  6.01588e+20
-144.028  4.55716e+20
-143.441  5.51792e+20
-142.854  7.00425e+20
-142.268  1.17637e+21
-141.681  6.7743e+20
-141.094  5.79202e+20
-140.508  4.72906e+20
-139.921  6.20315e+20
-139.334  9.80104e+20
-138.748  7.87654e+20
-138.161  7.58062e+20
-137.574  5.82098e+20
-136.988  7.03718e+20
-136.401  9.07766e+20
-135.814  5.54776e+20
-135.228  8.40266e+20
-134.641  6.90668e+20
-134.054  9.46308e+20
-133.468  9.26129e+20
-132.881  6.19403e+20
-132.294  7.39387e+20
-131.708  6.55844e+20
-131.121  1.09476e+21
-130.534  9.00931e+20
-129.948  6.14843e+20
-129.361  8.56886e+20
-128.774  6.84427e+20
-128.188  1.13626e+21
-127.601  8.73353e+20
-127.014  5.7663e+20
-126.428  6.8884e+20
-125.841  7.13036e+20
-125.254  1.34051e+21
-124.668  9.86294e+20
-124.081  7.32476e+20
-123.494  6.91831e+20
-122.908  6.1515e+20
-122.321  1.14775e+21
-121.734  9.17086e+20
-121.148  9.40835e+20
-120.561  7.95843e+20
-119.974  8.00603e+20
-119.388  1.19323e+21
-118.801  7.52543e+20
-118.214  8.26716e+20
-117.628  7.64444e+20
-117.041  9.10844e+20
-116.454  1.17917e+21
-115.868  8.08633e+20
-115.281  9.51484e+20
-114.694  6.43434e+20
-114.108  9.39797e+20
-113.521  1.04141e+21
-112.934  6.35031e+20
-112.348  9.02285e+20
-111.761  7.17318e+20
-111.174  1.08578e+21
-110.588  1.16054e+21
-110.001  6.25859e+20
-109.414  8.55934e+20
-108.828  5.21376e+20
-108.241  1.15586e+21
-107.654  1.01831e+21
-107.068  8.06824e+20
-106.481  9.22919e+20
-105.894  6.07681e+20
-105.308  1.1209e+21
-104.721  9.56986e+20
-104.134  6.18904e+20
-103.548  9.11278e+20
-102.961  5.55156e+20
-102.374  1.20813e+21
-101.788  9.51148e+20
-101.201  7.78982e+20
-100.614  7.34589e+20
-100.028  5.55283e+20
-99.4409  1.00873e+21
-98.8542  7.35046e+20
-98.2676  7.492e+20
-97.6809  7.27788e+20
-97.0942  5.3113e+20
-96.5075  1.08687e+21
-95.9209  6.441e+20
-95.3342  7.32254e+20
-94.7475  5.2963e+20
-94.1609  5.64274e+20
-93.5742  8.62686e+20
-92.9875  6.10995e+20
-92.4009  7.96276e+20
-91.8142  6.1704e+20
-91.2275  5.75606e+20
-90.6409  7.77342e+20
-90.0542  4.42304e+20
-89.4675  7.32036e+20
-88.8808  4.61006e+20
-88.2942  7.40776e+20
-87.7075  7.52973e+20
-87.1208  4.88023e+20
-86.5342  7.10431e+20
-85.9475  4.14349e+20
-85.3608  7.20721e+20
-84.7741  5.89825e+20
-84.1875  3.76728e+20
-83.6008  6.5375e+20
-83.0141  2.42037e+20
-82.4275  7.96484e+20
-81.8408  6.34614e+20
-81.2541  4.00809e+20
-80.6675  5.93382e+20
-80.0808  1.6717e+20
-79.4941  5.09989e+20
-78.9074  5.00378e+20
-78.3208  3.62356e+20
-77.7341  5.78456e+20
-77.1474  1.14043e+20
-76.5608  5.84351e+20
-75.9741  3.7787e+20
-75.3874  3.98943e+20
-74.8008  4.728e+20
-74.2141  7.12177e+19
-73.6274  3.72564e+20
-73.0408  2.55644e+20
-72.4541  3.6305e+20
-71.8674  6.03561e+20
-71.2807  9.77211e+19
-70.6941  4.05636e+20
-70.1074  2.43265e+20
-69.5207  3.6599e+20
-68.9341  5.1913e+20
-68.3474  1.18192e+20
-67.7607  3.24174e+20
-67.174  1.87327e+20
-66.5874  3.73244e+20
-66.0007  6.97978e+20
-65.414  1.52441e+20
-64.8274  4.40375e+20
-64.2407  2.34267e+20
-63.654  3.74319e+20
-63.0674  6.38168e+20
-62.4807  2.46202e+20
-61.894  3.49849e+20
-61.3073  3.27938e+20
-60.7207  4.39464e+20
-60.134  6.84371e+20
-59.5473  3.23462e+20
-58.9607  4.36418e+20
-58.374  3.84458e+20
-57.7873  5.21695e+20
-57.2007  6.80343e+20
-56.614  2.92973e+20
-56.0273  4.20404e+20
-55.4407  3.93314e+20
-54.854  6.232e+20
-54.2673  6.61543e+20
-53.6806  3.99124e+20
-53.094  5.19025e+20
-52.5073  4.0467e+20
-51.9206  7.52173e+20
-51.334  6.05321e+20
-50.7473  3.94642e+20
-50.1606  4.18848e+20
-49.5739  3.82989e+20
-48.9873  8.2111e+20
-48.4006  6.03666e+20
-47.8139  3.59081e+20
-47.2273  6.05298e+20
-46.6406  3.5651e+20
-46.0539  1.0314e+21
-45.4673  5.68791e+20
-44.8806  3.67866e+20
-44.2939  5.71521e+20
-43.7072  2.59465e+20
-43.1206  9.56984e+20
-42.5339  5.26349e+20
-41.9472  4.86432e+20
-41.3606  6.26412e+20
-40.7739  2.83428e+20
-40.1872  1.29252e+21
-39.6006  4.94509e+20
-39.0139  4.36266e+20
-38.4272  6.87506e+20
-37.8406  2.45979e+20
-37.2539  1.05227e+21
-36.6672  4.2422e+20
-36.0805  5.33119e+20
-35.4939  8.12098e+20
-34.9072  2.66414e+20
-34.3205  1.37148e+21
-33.7339  4.08287e+20
-33.1472  5.915e+20
-32.5605  7.63913e+20
-31.9738  2.43353e+20
-31.3872  1.23934e+21
-30.8005  2.92794e+20
-30.2138  7.02147e+20
-29.6272  9.10118e+20
-29.0405  3.95269e+20
-28.4538  1.34776e+21
-27.8672  3.58556e+20
-27.2805  7.50563e+20
-26.6938  9.85355e+20
-26.1072  4.1727e+20
-25.5205  1.26049e+21
-24.9338  3.90476e+20
-24.3471  9.45906e+20
-23.7605  1.20218e+21
-23.1738  5.832e+20
-22.5871  1.44275e+21
-22.0005  4.52894e+20
-21.4138  1.02359e+21
-20.8271  1.44697e+21
-20.2404  8.39548e+20
-19.6538  1.57552e+21
-19.0671  7.84431e+20
-18.4804  1.40547e+21
-17.8938  1.9869e+21
-17.3071  1.10685e+21
-16.7204  1.74963e+21
-16.1338  1.25828e+21
-15.5471  1.89178e+21
-14.9604  2.77324e+21
-14.3737  1.89085e+21
-13.7871  2.83584e+21
-13.2004  2.37515e+21
-12.6137  2.79287e+21
-12.0271  4.39939e+21
-11.4404  3.10647e+21
-10.8537  4.40079e+21
-10.2671  4.85914e+21
-9.68039  6.27366e+21
-9.09372  9.39176e+21
-8.50705  8.33472e+21
-7.92038  1.14817e+22
-7.33371  1.52037e+22
-6.74704  1.98529e+22
-6.16037  3.10675e+22
-5.5737  4.11081e+22
-4.98703  6.06109e+22
-4.40036  8.72567e+22
-3.81369  1.1761e+23
-3.22702  1.60765e+23
-2.64035  1.94676e+23
-2.05368  2.31073e+23
-1.46701  2.69009e+23
-0.88034  2.90179e+23
-0.29367  3.13736e+23
0.293  3.1482e+23
0.87967  2.93864e+23
1.46634  2.74829e+23
2.05301  2.38096e+23
2.63968  2.02564e+23
3.22635  1.68526e+23
3.81302  1.24366e+23
4.39969  9.29655e+22
4.98636  6.50319e+22
5.57303  4.43121e+22
6.1597  3.32533e+22
6.74637  2.12348e+22
7.33304  1.60841e+22
7.91971  1.2001e+22
8.50638  8.71392e+21
9.09305  9.7283e+21
9.67972  6.50888e+21
10.2664  5.06133e+21
10.8531  4.55236e+21
11.4397  3.20117e+21
12.0264  4.47516e+21
12.6131  2.83065e+21
13.1997  2.42109e+21
13.7864  2.88213e+21
14.3731  1.93689e+21
14.9597  2.84115e+21
15.5464  1.93446e+21
16.1331  1.29069e+21
16.7198  1.76739e+21
17.3064  1.11517e+21
17.8931  2.00075e+21
18.4798  1.40709e+21
19.0664  8.02044e+20
19.6531  1.59984e+21
20.2398  8.57214e+20
20.8265  1.47328e+21
21.4131  1.03757e+21
21.9998  4.60463e+20
22.5865  1.44182e+21
23.1731  5.82609e+20
23.7598  1.21386e+21
24.3465  9.46321e+20
24.9331  4.00112e+20
25.5198  1.27702e+21
26.1065  4.24806e+20
26.6931  9.94033e+20
27.2798  7.54645e+20
27.8665  3.6307e+20
28.4532  1.34563e+21
29.0398  3.93422e+20
29.6265  9.23568e+20
30.2132  7.04446e+20
30.7998  2.97588e+20
31.3865  1.24929e+21
31.9732  2.46899e+20
32.5599  7.66546e+20
33.1465  5.9094e+20
33.7332  4.14479e+20
34.3199  1.37402e+21
34.9065  2.64251e+20
35.4932  8.25635e+20
36.0799  5.36432e+20
36.6665  4.26467e+20
37.2532  1.05723e+21
37.8399  2.47603e+20
38.4265  6.89545e+20
39.0132  4.34043e+20
39.5999  5.02482e+20
40.1866  1.29824e+21
40.7732  2.82673e+20
41.3599  6.36914e+20
41.9466  4.90526e+20
42.5332  5.27666e+20
43.1199  9.59231e+20
43.7066  2.60868e+20
44.2933  5.73976e+20
44.8799  3.66016e+20
45.4666  5.77644e+20
46.0533  1.03902e+21
46.6399  3.55114e+20
47.2266  6.13455e+20
47.8133  3.61199e+20
48.3999  6.04072e+20
48.9866  8.21433e+20
49.5733  3.84845e+20
50.1599  4.2203e+20
50.7466  3.92881e+20
51.3333  6.14283e+20
51.92  7.58926e+20
52.5066  4.0394e+20
53.0933  5.2433e+20
53.68  4.00476e+20
54.2666  6.60836e+20
54.8533  6.22952e+20
55.44  3.95415e+20
56.0266  4.23478e+20
56.6133  2.92272e+20
57.2  6.88441e+20
57.7867  5.26738e+20
58.3733  3.8395e+20
58.96  4.39005e+20
59.5467  3.23924e+20
60.1333  6.84441e+20
60.72  4.3847e+20
61.3067  3.30207e+20
61.8933  3.52011e+20
62.48  2.45972e+20
63.0667  6.44798e+20
63.6534  3.77117e+20
64.24  2.34761e+20
64.8267  4.40749e+20
65.4134  1.52614e+20
66  6.99193e+20
66.5867  3.71979e+20
67.1734  1.8894e+20
67.7601  3.26129e+20
68.3467  1.1787e+20
68.9334  5.22465e+20
69.5201  3.6678e+20
70.1067  2.44331e+20
70.6934  4.04302e+20
71.2801  9.77596e+19
71.8667  6.07431e+20
72.4534  3.60874e+20
73.0401  2.56464e+20
73.6268  3.73896e+20
74.2134  7.13483e+19
74.8001  4.73574e+20
75.3868  3.99848e+20
75.9734  3.80917e+20
76.5601  5.81447e+20
77.1468  1.14649e+20
77.7334  5.84419e+20
78.3201  3.6123e+20
78.9068  5.0004e+20
79.4934  5.11201e+20
80.0801  1.66792e+20
80.6668  5.92833e+20
81.2535  4.02435e+20
81.8401  6.40096e+20
82.4268  7.93072e+20
83.0135  2.43195e+20
83.6001  6.60609e+20
84.1868  3.7612e+20
84.7735  5.90282e+20
85.3602  7.22622e+20
85.9468  4.13548e+20
86.5335  7.10345e+20
87.1202  4.90059e+20
87.7068  7.58477e+20
88.2935  7.39769e+20
88.8802  4.63347e+20
89.4668  7.36862e+20
90.0535  4.42322e+20
90.6402  7.77594e+20
91.2268  5.77592e+20
91.8135  6.17043e+20
92.4002  7.99125e+20
92.9869  6.12514e+20
93.5735  8.66847e+20
94.1602  5.64874e+20
94.7469  5.32617e+20
95.3335  7.34709e+20
95.9202  6.46973e+20
96.5069  1.08704e+21
97.0935  5.32805e+20
97.6802  7.30154e+20
98.2669  7.52985e+20
98.8536  7.35776e+20
99.4402  1.01486e+21
100.027  5.55738e+20
100.614  7.37503e+20
101.2  7.81477e+20
101.787  9.57389e+20
102.374  1.20707e+21
102.96  5.58457e+20
103.547  9.16703e+20
104.134  6.2178e+20
104.72  9.58344e+20
105.307  1.12817e+21
105.894  6.07652e+20
106.48  9.27281e+20
107.067  8.11062e+20
107.654  1.0261e+21
108.24  1.15454e+21
108.827  5.25459e+20
109.414  8.60546e+20
110  6.29244e+20
110.587  1.16411e+21
111.174  1.09341e+21
111.76  7.18173e+20
112.347  9.07648e+20
112.934  6.38862e+20
113.52  1.05035e+21
114.107  9.39028e+20
114.694  6.48681e+20
115.28  9.5643e+20
115.867  8.11822e+20
116.454  1.18441e+21
117.04  9.19604e+20
117.627  7.6599e+20
118.214  8.31094e+20
118.8  7.57648e+20
119.387  1.19732e+21
119.974  8.00214e+20
120.56  8.03575e+20
121.147  9.4598e+20
121.734  9.20154e+20
122.32  1.1541e+21
122.907  6.19552e+20
123.494  6.92943e+20
124.08  7.37012e+20
124.667  9.93671e+20
125.254  1.34449e+21
125.84  7.14622e+20
126.427  6.94911e+20
127.014  5.81502e+20
127.6  8.77239e+20
128.187  1.14176e+21
128.774  6.88516e+20
129.36  8.60961e+20
129.947  6.17042e+20
130.534  9.10487e+20
131.12  1.10053e+21
131.707  6.57587e+20
132.294  7.43557e+20
132.88  6.23872e+20
133.467  9.28262e+20
134.054  9.52367e+20
134.64  6.96165e+20
135.227  8.46492e+20
135.814  5.56054e+20
136.4  9.15365e+20
136.987  7.06553e+20
137.574  5.85021e+20
138.16  7.61818e+20
138.747  7.95523e+20
139.334  9.83138e+20
139.92  6.24606e+20
140.507  4.77799e+20
141.094  5.84142e+20
141.68  6.78424e+20
142.267  1.1863e+21
142.854  7.03237e+20
143.44  5.54992e+20
144.027  4.59451e+20
144.614  6.079e+20
145.2  9.29439e+20
145.787  6.11765e+20
146.374  6.09162e+20
146.96  4.96881e+20
147.547  6.01161e+20
148.134  8.33423e+20
148.721  4.95549e+20
149.307  5.69978e+20
149.894  4.33304e+20
150.481  7.12873e+20
151.067  8.25631e+20
151.654  4.84018e+20
152.241  5.17172e+20
152.827  4.67489e+20
153.414  6.37631e+20
154.001  6.98635e+20
154.587  5.1051e+20
155.174  5.4149e+20
155.761  4.26784e+20
156.347  7.09987e+20
156.934  5.00041e+20
157.521  4.101e+20
158.107  4.59549e+20
158.694  5.22266e+20
159.281  6.93795e+20
159.867  5.14233e+20
160.454  3.60905e+20
161.041  3.6545e+20
161.627  4.58963e+20
162.214  8.02445e+20
162.801  4.09964e+20
163.387  4.34213e+20
163.974  3.22176e+20
164.561  4.32696e+20
165.147  6.04751e+20
165.734  3.73065e+20
166.321  3.52862e+20
166.907  3.39724e+20
167.494  4.4777e+20
168.081  6.40013e+20
168.667  2.56693e+20
169.254  3.25164e+20
169.841  2.73668e+20
170.427  5.17675e+20
171.014  5.81348e+20
171.601  3.55735e+20
172.187  3.01428e+20
172.774  2.39128e+20
173.361  4.34488e+20
173.947  4.89971e+20
174.534  3.13573e+20
175.121  3.4986e+20
175.707  2.62987e+20
176.294  4.15807e+20
176.881  3.02207e+20
177.467  2.58252e+20
178.054  3.06414e+20
178.641  3.35913e+20
179.227  5.24425e+20
179.814  3.16651e+20
180.401  2.11125e+20
180.987  2.00529e+20
181.574  2.92586e+20
182.161  4.8733e+20
182.747  3.15315e+20
183.334  2.55459e+20
183.921  1.98351e+20
184.507  2.60519e+20
185.094  4.09878e+20
185.681  2.50947e+20
186.267  2.89838e+20
186.854  2.50781e+20
187.441  3.26691e+20
188.027  3.19777e+20
188.614  2.04126e+20
189.201  2.08686e+20
189.787  2.43477e+20
190.374  4.07375e+20
190.961  3.21297e+20
191.547  1.31754e+20
192.134  1.46593e+20
192.721  1.76198e+20
193.307  4.6913e+20
193.894  3.53502e+20
194.481  1.71245e+20
195.067  1.06128e+20
195.654  1.2516e+20
196.241  3.75758e+20
196.827  4.14871e+20
197.414  2.33048e+20
198.001  1.35589e+20
198.587  1.14826e+20
199.174  2.59748e+20
199.761  2.07777e+20
200.347  2.57915e+20
200.934  2.09224e+20
201.521  2.12865e+20
202.107  2.15182e+20
202.694  1.74439e+20
203.281  1.53579e+20
203.867  1.83756e+20
204.454  2.9462e+20
205.041  2.76294e+20
205.627  6.85774e+19
206.214  1.11573e+20
206.801  1.12513e+20
207.388  3.43064e+20
207.974  3.16202e+20
208.561  1.34595e+20
209.148  8.55484e+19
209.734  5.36715e+19
210.321  2.48532e+20
210.908  3.38093e+20
211.494  1.7968e+20
212.081  1.6315e+20
212.668  6.20178e+19
213.254  1.85898e+20
213.841  2.10546e+20
214.428  1.9527e+20
215.014  2.46673e+20
215.601  1.51975e+20
216.188  1.84697e+20
216.774  1.50755e+20
217.361  1.21296e+20
217.948  1.92344e+20
218.534  2.24602e+20
219.121  2.15943e+20
219.708  1.06015e+20
220.294  8.63711e+19
220.881  1.50979e+20
221.468  2.99587e+20
222.054  3.26457e+20
222.641  1.07493e+20
223.228  6.49624e+19
223.814  6.40065e+19
224.401  2.46367e+20
224.988  2.90006e+20
225.574  1.45521e+20
226.161  1.4617e+20
226.748  7.10494e+19
227.334  2.41735e+20
227.921  2.7931e+20
228.508  1.25162e+20
229.094  1.13185e+20
229.681  9.35015e+19
230.268  2.01818e+20
230.854  1.71342e+20
231.441  1.39399e+20
232.028  1.61378e+20
232.614  1.10282e+20
233.201  2.13907e+20
233.788  1.31379e+20
234.374  9.91602e+19
