#S 1 spectral density
#N 2
#UFWHM 4.10669
#L  abscissas [um]  spectral density
-234.375  5.2127e+20
-233.788  1.59207e+21
-233.202  1.65915e+21
-232.615  2.26681e+21
-232.028  1.34636e+21
-231.442  9.64598e+20
-230.855  5.02845e+20
-230.268  1.42677e+21
-229.682  1.49176e+21
-229.095  2.18855e+21
-228.508  1.43662e+21
-227.922  1.34602e+21
-227.335  5.08389e+20
-226.748  1.09631e+21
-226.162  1.19411e+21
-225.575  2.42493e+21
-224.988  1.54601e+21
-224.402  1.47142e+21
-223.815  3.79457e+20
-223.228  8.88506e+20
-222.642  1.05773e+21
-222.055  2.10564e+21
-221.468  2.08056e+21
-220.882  1.32449e+21
-220.295  1.90618e+20
-219.708  1.14791e+21
-219.122  6.46559e+20
-218.535  2.22595e+21
-217.948  1.85094e+21
-217.362  1.63994e+21
-216.775  2.22895e+20
-216.188  1.28543e+21
-215.602  3.38453e+20
-215.015  1.98977e+21
-214.428  1.85996e+21
-213.842  1.902e+21
-213.255  2.34493e+20
-212.668  1.15652e+21
-212.082  2.3734e+20
-211.495  1.9084e+21
-210.908  1.48123e+21
-210.322  2.28595e+21
-209.735  1.85521e+20
-209.148  8.40859e+20
-208.562  1.97224e+20
-207.975  1.49366e+21
-207.388  1.68395e+21
-206.802  2.15155e+21
-206.215  2.85833e+20
-205.628  9.60175e+20
-205.041  1.70473e+20
-204.455  1.17843e+21
-203.868  1.55715e+21
-203.281  2.16618e+21
-202.695  3.94564e+20
-202.108  8.6627e+20
-201.521  2.01721e+20
-200.935  1.01327e+21
-200.348  1.44455e+21
-199.761  2.09541e+21
-199.175  5.18421e+20
-198.588  6.75138e+20
-198.001  3.26753e+20
-197.415  7.58868e+20
-196.828  9.85712e+20
-196.241  2.23385e+21
-195.655  4.80098e+20
-195.068  5.84378e+20
-194.481  3.99952e+20
-193.895  7.08267e+20
-193.308  7.83522e+20
-192.721  2.22714e+21
-192.135  5.7982e+20
-191.548  5.50246e+20
-190.961  4.16989e+20
-190.375  7.27748e+20
-189.788  7.5559e+20
-189.201  1.93075e+21
-188.615  8.08972e+20
-188.028  5.20858e+20
-187.441  4.8777e+20
-186.855  9.61096e+20
-186.268  6.74284e+20
-185.681  1.64725e+21
-185.095  9.31651e+20
-184.508  2.57032e+20
-183.921  8.85423e+20
-183.335  7.51932e+20
-182.748  4.81331e+20
-182.161  1.5813e+21
-181.575  1.06616e+21
-180.988  2.98358e+20
-180.401  9.38762e+20
-179.815  8.84868e+20
-179.228  3.12958e+20
-178.641  1.55549e+21
-178.055  1.05199e+21
-177.468  2.73441e+20
-176.881  9.33175e+20
-176.295  1.10384e+21
-175.708  3.6097e+20
-175.121  1.44299e+21
-174.535  1.22551e+21
-173.948  3.20068e+20
-173.361  7.92571e+20
-172.775  1.4882e+21
-172.188  2.92222e+20
-171.601  1.10247e+21
-171.015  1.11091e+21
-170.428  1.97451e+20
-169.841  9.61871e+20
-169.255  1.43698e+21
-168.668  3.45934e+20
-168.081  1.09776e+21
-167.495  8.43435e+20
-166.908  1.18241e+20
-166.321  1.07053e+21
-165.735  1.45257e+21
-165.148  3.53456e+20
-164.561  8.56285e+20
-163.975  7.42354e+20
-163.388  9.37926e+19
-162.801  9.57666e+20
-162.215  1.79293e+21
-161.628  3.8114e+20
-161.041  6.01646e+20
-160.455  8.74281e+20
-159.868  1.0651e+20
-159.281  7.41464e+20
-158.695  1.70565e+21
-158.108  5.05627e+20
-157.521  4.95729e+20
-156.935  9.09164e+20
-156.348  1.59981e+20
-155.761  5.32474e+20
-155.175  1.59858e+21
-154.588  6.52916e+20
-154.001  6.44651e+20
-153.415  6.0235e+20
-152.828  1.60214e+20
-152.241  6.29749e+20
-151.655  1.23226e+21
-151.068  7.71376e+20
-150.481  4.67396e+20
-149.895  4.79835e+20
-149.308  2.39516e+20
-148.721  3.89404e+20
-148.135  1.77192e+21
-147.548  5.72075e+20
-146.961  1.38009e+20
-146.375  7.37346e+20
-145.788  3.02777e+20
-145.201  3.43524e+20
-144.614  1.59629e+21
-144.028  8.70921e+20
-143.441  1.56715e+20
-142.854  6.55727e+20
-142.268  7.71929e+20
-141.681  2.80713e+20
-141.094  1.23171e+21
-140.508  1.02128e+21
-139.921  1.05239e+20
-139.334  5.91873e+20
-138.748  1.14346e+21
-138.161  3.33756e+20
-137.574  9.04347e+20
-136.988  1.1715e+21
-136.401  8.81443e+19
-135.814  5.6146e+20
-135.228  1.02064e+21
-134.641  3.78292e+20
-134.054  8.31014e+20
-133.468  1.28564e+21
-132.881  1.26169e+20
-132.294  6.10366e+20
-131.708  1.14959e+21
-131.121  5.64552e+20
-130.534  8.54148e+20
-129.948  1.01484e+21
-129.361  1.94459e+20
-128.774  4.72363e+20
-128.188  1.51549e+21
-127.601  7.98235e+20
-127.014  6.05373e+20
-126.428  1.41551e+21
-125.841  1.29521e+20
-125.254  2.52496e+20
-124.668  2.05164e+21
-124.081  5.48855e+20
-123.494  3.77232e+20
-122.908  1.10346e+21
-122.321  2.64734e+20
-121.734  3.56736e+20
-121.148  1.50556e+21
-120.561  9.11234e+20
-119.974  4.91595e+20
-119.388  7.42332e+20
-118.801  3.95714e+20
-118.214  3.26121e+20
-117.628  1.369e+21
-117.041  7.86215e+20
-116.454  2.17614e+20
-115.868  7.66104e+20
-115.281  4.38732e+20
-114.694  1.95298e+20
-114.108  1.60125e+21
-113.521  7.28053e+20
-112.934  1.11918e+20
-112.348  8.73862e+20
-111.761  4.77037e+20
-111.174  2.29366e+20
-110.588  1.12034e+21
-110.001  7.90974e+20
-109.414  1.45183e+20
-108.828  7.73918e+20
-108.241  6.44322e+20
-107.654  1.93462e+20
-107.068  1.09225e+21
-106.481  8.49173e+20
-105.894  1.28437e+20
-105.308  5.42821e+20
-104.721  7.94877e+20
-104.134  1.87553e+20
-103.548  7.28863e+20
-102.961  9.37479e+20
-102.374  1.61488e+20
-101.788  4.29202e+20
-101.201  8.27994e+20
-100.614  3.12762e+20
-100.028  9.56873e+20
-99.4409  6.50261e+20
-98.8542  2.48929e+20
-98.2676  5.31614e+20
-97.6809  8.96331e+20
-97.0942  5.21349e+20
-96.5075  7.48539e+20
-95.9209  8.54016e+20
-95.3342  3.11251e+20
-94.7475  2.28826e+20
-94.1609  1.75527e+21
-93.5742  4.49636e+20
-92.9875  4.00628e+20
-92.4009  1.22926e+21
-91.8142  3.95557e+20
-91.2275  2.60076e+20
-90.6409  1.82997e+21
-90.0542  5.83561e+20
-89.4675  4.40093e+20
-88.8808  7.01078e+20
-88.2942  1.01788e+21
-87.7075  4.21801e+20
-87.1208  1.17203e+21
-86.5342  8.35906e+20
-85.9475  2.54631e+20
-85.3608  8.59949e+20
-84.7741  8.70042e+20
-84.1875  1.32693e+20
-83.6008  1.59057e+21
-83.0141  5.01593e+20
-82.4275  1.33796e+20
-81.8408  1.10109e+21
-81.2541  8.12607e+20
-80.6675  1.22584e+20
-80.0808  1.17205e+21
-79.4941  7.09514e+20
-78.9074  7.14825e+19
-78.3208  8.15578e+20
-77.7341  1.26178e+21
-77.1474  2.4678e+20
-76.5608  7.71331e+20
-75.9741  9.71644e+20
-75.3874  5.79989e+19
-74.8008  8.93321e+20
-74.2141  9.99031e+20
-73.6274  1.39026e+20
-73.0408  9.25678e+20
-72.4541  8.58826e+20
-71.8674  1.09759e+20
-71.2807  1.05142e+21
-70.6941  1.12463e+21
-70.1074  1.42067e+20
-69.5207  8.004e+20
-68.9341  8.11393e+20
-68.3474  2.36854e+20
-67.7607  8.00453e+20
-67.174  9.93984e+20
-66.5874  3.49e+20
-66.0007  6.64515e+20
-65.414  1.00207e+21
-64.8274  3.94255e+20
-64.2407  5.10341e+20
-63.654  1.41058e+21
-63.0674  2.8976e+20
-62.4807  3.08273e+20
-61.894  1.2966e+21
-61.3073  4.54507e+20
-60.7207  3.71856e+20
-60.134  1.63032e+21
-59.5473  4.18796e+20
-58.9607  2.3619e+20
-58.374  9.47521e+20
-57.7873  9.80003e+20
-57.2007  6.12736e+20
-56.614  8.22502e+20
-56.0273  9.29725e+20
-55.4407  3.48673e+20
-54.854  8.26547e+20
-54.2673  1.27612e+21
-53.6806  3.51612e+20
-53.094  1.07915e+21
-52.5073  6.79291e+20
-51.9206  6.51561e+19
-51.334  1.67616e+21
-50.7473  7.12402e+20
-50.1606  1.64695e+20
-49.5739  1.27359e+21
-48.9873  6.51071e+20
-48.4006  2.03287e+20
-47.8139  1.04345e+21
-47.2273  1.11659e+21
-46.6406  2.49757e+20
-46.0539  3.34628e+20
-45.4673  1.64851e+21
-44.8806  1.17472e+20
-44.2939  4.97287e+20
-43.7072  1.41118e+21
-43.1206  8.10958e+19
-42.5339  5.45896e+20
-41.9472  1.13286e+21
-41.3606  2.94121e+20
-40.7739  1.41583e+21
-40.1872  4.83033e+20
-39.6006  5.6776e+20
-39.0139  1.12867e+21
-38.4272  9.58545e+20
-37.8406  3.39299e+20
-37.2539  7.13897e+20
-36.6672  1.30632e+21
-36.0805  1.60216e+20
-35.4939  2.30318e+20
-34.9072  2.67143e+21
-34.3205  1.22215e+20
-33.7339  2.40909e+20
-33.1472  1.79268e+21
-32.5605  1.71479e+20
-31.9738  6.92349e+20
-31.3872  1.26783e+21
-30.8005  4.23659e+20
-30.2138  1.12086e+21
-29.6272  4.0632e+20
-29.0405  1.33535e+21
-28.4538  1.36627e+21
-27.8672  5.53214e+20
-27.2805  6.73485e+20
-26.6938  2.67007e+20
-26.1072  1.50825e+21
-25.5205  3.64918e+20
-24.9338  1.35246e+20
-24.3471  2.28473e+21
-23.7605  1.9053e+20
-23.1738  4.29106e+20
-22.5871  2.02255e+21
-22.0005  3.3556e+20
-21.4138  3.32743e+20
-20.8271  5.92846e+20
-20.2404  1.31155e+21
-19.6538  5.64407e+20
-19.0671  3.5262e+20
-18.4804  2.51968e+21
-17.8938  6.97952e+20
-17.3071  2.38811e+20
-16.7204  2.01875e+21
-16.1338  1.22987e+20
-15.5471  1.25342e+21
-14.9604  5.40486e+20
-14.3737  1.07872e+21
-13.7871  2.82717e+21
-13.2004  3.48519e+20
-12.6137  1.85622e+21
-12.0271  2.91135e+21
-11.4404  1.64747e+20
-10.8537  6.19038e+20
-10.2671  6.52403e+20
-9.68039  3.56912e+21
-9.09372  1.76668e+21
-8.50705  1.43903e+21
-7.92038  7.74202e+21
-7.33371  2.5148e+21
-6.74704  1.21903e+21
-6.16037  6.57397e+21
-5.5737  7.95885e+20
-4.98703  2.452e+21
-4.40036  5.52368e+21
-3.81369  1.55175e+22
-3.22702  2.90662e+22
-2.64035  3.08456e+22
-2.05368  5.75995e+22
-1.46701  7.47982e+22
-0.88034  6.82335e+22
-0.29367  9.62422e+22
0.293  9.63187e+22
0.87967  6.85703e+22
1.46634  7.5312e+22
2.05301  5.81387e+22
2.63968  3.14387e+22
3.22635  2.95979e+22
3.81302  1.58498e+22
4.39969  5.70102e+21
4.98636  2.54871e+21
5.57303  8.12799e+20
6.1597  6.45705e+21
6.74637  1.18692e+21
7.33304  2.54464e+21
7.91971  7.70041e+21
8.50638  1.4691e+21
9.09305  1.84599e+21
9.67972  3.58132e+21
10.2664  6.55933e+20
10.8531  6.02024e+20
11.4397  1.63594e+20
12.0264  2.90523e+21
12.6131  1.79857e+21
13.1997  3.5312e+20
13.7864  2.87223e+21
14.3731  1.05968e+21
14.9597  5.32976e+20
15.5464  1.30064e+21
16.1331  1.24013e+20
16.7198  1.96077e+21
17.3064  2.42664e+20
17.8931  7.2738e+20
18.4798  2.47576e+21
19.0664  3.55451e+20
19.6531  5.98428e+20
20.2398  1.29936e+21
20.8265  5.92053e+20
21.4131  3.45679e+20
21.9998  3.28796e+20
22.5865  2.03895e+21
23.1731  4.08338e+20
23.7598  1.88983e+20
24.3465  2.31154e+21
24.9331  1.31805e+20
25.5198  3.5144e+20
26.1065  1.54447e+21
26.6931  2.77494e+20
27.2798  6.46957e+20
27.8665  5.62369e+20
28.4532  1.40413e+21
29.0398  1.30433e+21
29.6265  4.08993e+20
30.2132  1.15926e+21
30.7998  4.1186e+20
31.3865  1.26025e+21
31.9732  7.19413e+20
32.5599  1.66761e+20
33.1465  1.79354e+21
33.7332  2.48914e+20
34.3199  1.24172e+20
34.9065  2.67794e+21
35.4932  2.34784e+20
36.0799  1.5664e+20
36.6665  1.31605e+21
37.2532  7.21048e+20
37.8399  3.26404e+20
38.4265  9.62553e+20
39.0132  1.14399e+21
39.5999  5.56466e+20
40.1866  4.80051e+20
40.7732  1.43549e+21
41.3599  2.86802e+20
41.9466  1.12402e+21
42.5332  5.53487e+20
43.1199  8.35792e+19
43.7066  1.39191e+21
44.2933  5.00607e+20
44.8799  1.23434e+20
45.4666  1.64593e+21
46.0533  3.32825e+20
46.6399  2.65709e+20
47.2266  1.09916e+21
47.8133  1.04146e+21
48.3999  2.05093e+20
48.9866  6.38782e+20
49.5733  1.28345e+21
50.1599  1.68309e+20
50.7466  6.86126e+20
51.3333  1.69715e+21
51.92  6.76198e+19
52.5066  6.56479e+20
53.0933  1.10328e+21
53.68  3.66377e+20
54.2666  1.23275e+21
54.8533  8.34147e+20
55.44  3.58806e+20
56.0266  9.00265e+20
56.6133  8.37435e+20
57.2  6.37935e+20
57.7867  9.47719e+20
58.3733  9.53593e+20
58.96  2.48218e+20
59.5467  3.96702e+20
60.1333  1.654e+21
60.72  3.92403e+20
61.3067  4.28226e+20
61.8933  1.31116e+21
62.48  3.22039e+20
63.0667  2.70336e+20
63.6534  1.42967e+21
64.24  5.30816e+20
64.8267  3.83193e+20
65.4134  1.00665e+21
66  6.81921e+20
66.5867  3.38369e+20
67.1734  1.00051e+21
67.7601  8.24977e+20
68.3467  2.29645e+20
68.9334  8.16064e+20
69.5201  8.24038e+20
70.1067  1.34883e+20
70.6934  1.12106e+21
71.2801  1.07325e+21
71.8667  1.04257e+20
72.4534  8.61058e+20
73.0401  9.48106e+20
73.6268  1.37208e+20
74.2134  9.9247e+20
74.8001  8.98867e+20
75.3868  5.82701e+19
75.9734  9.77216e+20
76.5601  7.84654e+20
77.1468  2.4909e+20
77.7334  1.25409e+21
78.3201  8.1372e+20
78.9068  7.17142e+19
79.4934  7.06264e+20
80.0801  1.18534e+21
80.6668  1.25718e+20
81.2535  7.96908e+20
81.8401  1.09762e+21
82.4268  1.39464e+20
83.0135  4.8927e+20
83.6001  1.60149e+21
84.1868  1.40421e+20
84.7735  8.44638e+20
85.3602  8.60966e+20
85.9468  2.62917e+20
86.5335  8.1366e+20
87.1202  1.17036e+21
87.7068  4.44331e+20
88.2935  9.87491e+20
88.8802  6.96866e+20
89.4668  4.58531e+20
90.0535  5.62923e+20
90.6402  1.81209e+21
91.2268  2.7686e+20
91.8135  3.7875e+20
92.4002  1.22295e+21
92.9869  4.19512e+20
93.5735  4.25982e+20
94.1602  1.74394e+21
94.7469  2.42012e+20
95.3335  2.95758e+20
95.9202  8.54236e+20
96.5069  7.74484e+20
97.0935  4.91085e+20
97.6802  8.82903e+20
98.2669  5.50089e+20
98.8536  2.3781e+20
99.4402  6.43856e+20
100.027  9.88197e+20
100.614  2.93801e+20
101.2  8.11248e+20
101.787  4.4447e+20
102.374  1.54684e+20
102.96  9.3323e+20
103.547  7.54255e+20
104.134  1.81725e+20
104.72  7.78132e+20
105.307  5.55175e+20
105.894  1.28775e+20
106.48  8.45512e+20
107.067  1.11481e+21
107.654  1.93854e+20
108.24  6.28993e+20
108.827  7.8256e+20
109.414  1.48256e+20
110  7.84257e+20
110.587  1.13869e+21
111.174  2.35136e+20
111.76  4.63651e+20
112.347  8.81299e+20
112.934  1.13985e+20
113.52  7.13178e+20
114.107  1.62006e+21
114.694  2.00883e+20
115.28  4.23966e+20
115.867  7.69944e+20
116.454  2.22939e+20
117.04  7.66838e+20
117.627  1.37804e+21
118.214  3.36471e+20
118.8  3.82715e+20
119.387  7.37732e+20
119.974  5.015e+20
120.56  8.87798e+20
121.147  1.50324e+21
121.734  3.70732e+20
122.32  2.5679e+20
122.907  1.09317e+21
123.494  3.90284e+20
124.08  5.29026e+20
124.667  2.03959e+21
125.254  2.57345e+20
125.84  1.24072e+20
126.427  1.40226e+21
127.014  6.28679e+20
127.6  7.65541e+20
128.187  1.50478e+21
128.774  4.7799e+20
129.36  1.87548e+20
129.947  1.00435e+21
130.534  8.81583e+20
131.12  5.38238e+20
131.707  1.12362e+21
132.294  6.14382e+20
132.88  1.23662e+20
133.467  1.2719e+21
134.054  8.59708e+20
134.64  3.67674e+20
135.227  9.92771e+20
135.814  5.61372e+20
136.4  8.81268e+19
136.987  1.15742e+21
137.574  9.26852e+20
138.16  3.30177e+20
138.747  1.10792e+21
139.334  5.96118e+20
139.92  1.11142e+20
140.507  1.00659e+21
141.094  1.26106e+21
141.68  2.8014e+20
142.267  7.4251e+20
142.854  6.51262e+20
143.44  1.65037e+20
144.027  8.50939e+20
144.614  1.62798e+21
145.2  3.45945e+20
145.787  2.87336e+20
146.374  7.35659e+20
146.96  1.45163e+20
147.547  5.53316e+20
148.134  1.79663e+21
148.721  3.98829e+20
149.307  2.25961e+20
149.894  4.75458e+20
150.481  4.86084e+20
151.067  7.55902e+20
151.654  1.24235e+21
152.241  6.48274e+20
152.827  1.53417e+20
153.414  5.93148e+20
154.001  6.6291e+20
154.587  6.38603e+20
155.174  1.61492e+21
155.761  5.45691e+20
156.347  1.58064e+20
156.934  9.04813e+20
157.521  5.06176e+20
158.107  4.85305e+20
158.694  1.71378e+21
159.281  7.61713e+20
159.867  1.07185e+20
160.454  8.75264e+20
161.041  6.18804e+20
161.627  3.62889e+20
162.214  1.78819e+21
162.801  9.73986e+20
163.387  9.60877e+19
163.974  7.47041e+20
164.561  8.72095e+20
165.147  3.37123e+20
165.734  1.44316e+21
166.321  1.07678e+21
166.907  1.23097e+20
167.494  8.51064e+20
168.081  1.12215e+21
168.667  3.35468e+20
169.254  1.41412e+21
169.841  9.63258e+20
170.427  2.0242e+20
171.014  1.10898e+21
171.601  1.13262e+21
172.187  2.89288e+20
172.774  1.45984e+21
173.361  7.85787e+20
173.947  3.29088e+20
174.534  1.22057e+21
175.121  1.47537e+21
175.707  3.51941e+20
176.294  1.07896e+21
176.881  9.19033e+20
177.467  2.78866e+20
178.054  1.04164e+21
178.641  1.58684e+21
179.227  3.11377e+20
179.814  8.62344e+20
180.401  9.23688e+20
180.987  3.03472e+20
181.574  1.0506e+21
182.161  1.6056e+21
182.747  4.92682e+20
183.334  7.30346e+20
183.921  8.64984e+20
184.507  2.61266e+20
185.094  9.15921e+20
185.681  1.66877e+21
186.267  7.00968e+20
186.854  9.37828e+20
187.441  4.72447e+20
188.027  5.24781e+20
188.614  7.86662e+20
189.201  1.95267e+21
189.787  7.81771e+20
190.374  7.17645e+20
190.961  3.96264e+20
191.547  5.57969e+20
192.134  5.60842e+20
192.721  2.24643e+21
193.307  8.12332e+20
193.894  7.16978e+20
194.481  3.78597e+20
195.067  5.88881e+20
195.654  4.5957e+20
196.241  2.25333e+21
196.827  1.01618e+21
197.414  7.74026e+20
198.001  3.08177e+20
198.587  6.87047e+20
199.174  4.96621e+20
199.761  2.11034e+21
200.347  1.4847e+21
200.934  1.0248e+21
201.521  1.89994e+20
202.107  8.79841e+20
202.694  3.77753e+20
203.281  2.17286e+21
203.867  1.58712e+21
204.454  1.19383e+21
205.041  1.71014e+20
205.627  9.7198e+20
206.214  2.72781e+20
206.801  2.147e+21
207.388  1.70638e+21
207.974  1.51492e+21
208.561  2.02981e+20
209.148  8.48816e+20
209.734  1.8377e+20
210.321  2.26862e+21
210.908  1.48794e+21
211.494  1.93713e+21
212.081  2.48904e+20
212.668  1.1629e+21
213.254  2.31481e+20
213.841  1.88158e+21
214.428  1.86061e+21
215.014  2.01085e+21
215.601  3.53782e+20
216.188  1.29275e+21
216.774  2.19844e+20
217.361  1.61266e+21
217.948  1.85097e+21
218.534  2.24002e+21
219.121  6.66525e+20
219.708  1.14995e+21
220.294  1.92812e+20
220.881  1.29733e+21
221.468  2.07911e+21
222.054  2.10359e+21
222.641  1.08763e+21
223.228  8.8971e+20
223.814  3.91606e+20
224.401  1.43656e+21
224.988  1.54562e+21
225.574  2.41353e+21
226.161  1.22516e+21
226.748  1.09532e+21
227.334  5.30256e+20
227.921  1.31489e+21
228.508  1.42765e+21
229.094  2.17213e+21
229.681  1.52528e+21
230.268  1.42866e+21
230.854  5.23049e+20
231.441  9.37462e+20
232.028  1.33597e+21
232.614  2.24711e+21
233.201  1.68386e+21
233.788  1.6044e+21
234.374  5.42842e+20
