#S 1 spectral density
#N 2
#UFWHM 15.2534
#L  abscissas [um]  spectral density
-234.375  1.02979e+19
-233.788  5.90476e+19
-233.202  3.24543e+19
-232.615  1.54506e+19
-232.028  4.26343e+19
-231.442  1.05242e+19
-230.855  1.24268e+19
-230.268  4.76045e+19
-229.682  5.25731e+19
-229.095  2.42674e+19
-228.508  1.86179e+19
-227.922  1.84299e+19
-227.335  2.94235e+19
-226.748  2.79306e+19
-226.162  5.02368e+19
-225.575  4.21227e+19
-224.988  1.49826e+19
-224.402  3.45834e+19
-223.815  6.2933e+19
-223.228  2.66242e+19
-222.642  3.87156e+19
-222.055  4.58217e+19
-221.468  1.67303e+19
-220.882  3.44498e+19
-220.295  7.33276e+19
-219.708  2.62861e+19
-219.122  2.72626e+19
-218.535  3.57823e+19
-217.948  1.69355e+19
-217.362  2.38415e+19
-216.775  5.17301e+19
-216.188  1.56702e+19
-215.602  2.34987e+19
-215.015  2.90224e+19
-214.428  2.8642e+19
-213.842  2.87553e+19
-213.255  3.68923e+19
-212.668  1.78821e+19
-212.082  3.18555e+19
-211.495  2.75056e+19
-210.908  3.91378e+19
-210.322  3.35243e+19
-209.735  3.37105e+19
-209.148  2.6468e+19
-208.562  4.26307e+19
-207.975  3.29208e+19
-207.388  3.86762e+19
-206.802  2.95495e+19
-206.215  2.39398e+19
-205.628  1.6151e+19
-205.041  4.08414e+19
-204.455  2.75389e+19
-203.868  2.39943e+19
-203.281  3.45808e+19
-202.695  2.18499e+19
-202.108  1.133e+19
-201.521  5.42633e+19
-200.935  1.96315e+19
-200.348  2.00914e+19
-199.761  4.79198e+19
-199.175  2.72989e+19
-198.588  2.3657e+19
-198.001  6.26579e+19
-197.415  1.35916e+19
-196.828  2.75389e+19
-196.241  4.53839e+19
-195.655  1.91469e+19
-195.068  3.82751e+19
-194.481  5.03542e+19
-193.895  8.68842e+18
-193.308  4.21649e+19
-192.721  3.84625e+19
-192.135  1.52939e+19
-191.548  3.66073e+19
-190.961  2.18617e+19
-190.375  1.1978e+19
-189.788  3.9077e+19
-189.201  3.54453e+19
-188.615  3.05957e+19
-188.028  3.56345e+19
-187.441  3.43463e+19
-186.855  4.63704e+19
-186.268  3.80688e+19
-185.681  4.95217e+19
-185.095  3.46778e+19
-184.508  2.14818e+19
-183.921  5.51426e+19
-183.335  6.33969e+19
-182.748  3.6464e+19
-182.161  5.27462e+19
-181.575  2.11766e+19
-180.988  1.62768e+19
-180.401  3.74942e+19
-179.815  4.05736e+19
-179.228  3.62095e+19
-178.641  3.02369e+19
-178.055  1.55088e+19
-177.468  4.99866e+19
-176.881  2.88148e+19
-176.295  3.31261e+19
-175.708  6.36124e+19
-175.121  3.61594e+19
-174.535  2.79772e+19
-173.948  8.54152e+19
-173.361  3.7877e+19
-172.775  3.2254e+19
-172.188  9.12762e+19
-171.601  7.13537e+19
-171.015  4.65524e+19
-170.428  9.51404e+19
-169.841  4.30149e+19
-169.255  1.6241e+19
-168.668  6.13792e+19
-168.081  4.99423e+19
-167.495  2.53176e+19
-166.908  6.28902e+19
-166.321  3.19314e+19
-165.735  2.65898e+19
-165.148  4.61114e+19
-164.561  1.84412e+19
-163.975  1.41759e+19
-163.388  3.52653e+19
-162.801  2.34703e+19
-162.215  5.1156e+19
-161.628  6.34811e+19
-161.041  2.88985e+19
-160.455  3.46145e+19
-159.868  4.61226e+19
-159.281  4.416e+19
-158.695  5.59977e+19
-158.108  6.12922e+19
-157.521  3.40113e+19
-156.935  2.26738e+19
-156.348  2.92429e+19
-155.761  3.93085e+19
-155.175  3.06286e+19
-154.588  4.1208e+19
-154.001  3.04845e+19
-153.415  1.06878e+19
-152.828  1.91063e+19
-152.241  2.61751e+19
-151.655  1.00317e+19
-151.068  2.79064e+19
-150.481  3.25623e+19
-149.895  2.12994e+19
-149.308  3.20019e+19
-148.721  4.5828e+19
-148.135  2.75579e+19
-147.548  4.44059e+19
-146.961  4.90624e+19
-146.375  2.58638e+19
-145.788  3.49941e+19
-145.201  5.22887e+19
-144.614  3.05046e+19
-144.028  5.30108e+19
-143.441  4.83795e+19
-142.854  2.397e+19
-142.268  2.93074e+19
-141.681  3.62916e+19
-141.094  2.11587e+19
-140.508  4.12388e+19
-139.921  1.93841e+19
-139.334  2.42869e+19
-138.748  2.05717e+19
-138.161  2.77649e+19
-137.574  4.26411e+19
-136.988  6.34577e+19
-136.401  3.6655e+19
-135.814  5.54345e+19
-135.228  2.99571e+19
-134.641  4.12747e+19
-134.054  4.92178e+19
-133.468  6.77287e+19
-132.881  6.93146e+19
-132.294  7.10852e+19
-131.708  4.29347e+19
-131.121  6.08096e+19
-130.534  3.55766e+19
-129.948  4.19578e+19
-129.361  5.79884e+19
-128.774  4.20819e+19
-128.188  3.59287e+19
-127.601  5.63988e+19
-127.014  3.17261e+19
-126.428  3.91345e+19
-125.841  5.9406e+19
-125.254  4.96241e+19
-124.668  6.0406e+19
-124.081  6.78794e+19
-123.494  5.23182e+19
-122.908  4.92466e+19
-122.321  7.53775e+19
-121.734  7.16285e+19
-121.148  1.06505e+20
-120.561  9.29717e+19
-119.974  7.47854e+19
-119.388  6.86165e+19
-118.801  8.68879e+19
-118.214  5.74522e+19
-117.628  1.0348e+20
-117.041  8.29005e+19
-116.454  6.40178e+19
-115.868  7.71888e+19
-115.281  9.25808e+19
-114.694  4.29918e+19
-114.108  8.32431e+19
-113.521  6.72851e+19
-112.934  5.78059e+19
-112.348  8.11104e+19
-111.761  9.96168e+19
-111.174  4.78728e+19
-110.588  8.25659e+19
-110.001  8.0154e+19
-109.414  8.75474e+19
-108.828  1.10268e+20
-108.241  1.14492e+20
-107.654  8.96758e+19
-107.068  1.06448e+20
-106.481  1.00795e+20
-105.894  1.08641e+20
-105.308  1.15684e+20
-104.721  8.95306e+19
-104.134  1.15707e+20
-103.548  1.16329e+20
-102.961  1.00437e+20
-102.374  1.04815e+20
-101.788  9.01721e+19
-101.201  5.43917e+19
-100.614  1.10153e+20
-100.028  9.70286e+19
-99.4409  8.21188e+19
-98.8542  8.69331e+19
-98.2676  6.9658e+19
-97.6809  6.40511e+19
-97.0942  1.40996e+20
-96.5075  9.67455e+19
-95.9209  1.1289e+20
-95.3342  1.30918e+20
-94.7475  7.85013e+19
-94.1609  9.01724e+19
-93.5742  1.76464e+20
-92.9875  9.37343e+19
-92.4009  1.25799e+20
-91.8142  2.11137e+20
-91.2275  1.06778e+20
-90.6409  1.03129e+20
-90.0542  1.67408e+20
-89.4675  8.31733e+19
-88.8808  7.68251e+19
-88.2942  1.95077e+20
-87.7075  1.03701e+20
-87.1208  8.10262e+19
-86.5342  1.21983e+20
-85.9475  9.99429e+19
-85.3608  6.27337e+19
-84.7741  1.45424e+20
-84.1875  9.87751e+19
-83.6008  8.39214e+19
-83.0141  1.0997e+20
-82.4275  1.41071e+20
-81.8408  9.1133e+19
-81.2541  1.53287e+20
-80.6675  1.3082e+20
-80.0808  1.35092e+20
-79.4941  1.72338e+20
-78.9074  1.78478e+20
-78.3208  1.13083e+20
-77.7341  1.37568e+20
-77.1474  1.34258e+20
-76.5608  1.37835e+20
-75.9741  2.09252e+20
-75.3874  1.75587e+20
-74.8008  1.1135e+20
-74.2141  1.15142e+20
-73.6274  1.14941e+20
-73.0408  8.97098e+19
-72.4541  1.90131e+20
-71.8674  1.54143e+20
-71.2807  1.07553e+20
-70.6941  1.36329e+20
-70.1074  1.65177e+20
-69.5207  1.01691e+20
-68.9341  1.85702e+20
-68.3474  1.79797e+20
-67.7607  1.56018e+20
-67.174  1.72734e+20
-66.5874  2.35822e+20
-66.0007  1.77402e+20
-65.414  1.74385e+20
-64.8274  2.29014e+20
-64.2407  2.17669e+20
-63.654  2.07338e+20
-63.0674  2.44264e+20
-62.4807  2.43275e+20
-61.894  1.40169e+20
-61.3073  2.40103e+20
-60.7207  2.42307e+20
-60.134  2.26876e+20
-59.5473  2.24274e+20
-58.9607  2.74929e+20
-58.374  1.64792e+20
-57.7873  2.40222e+20
-57.2007  2.52388e+20
-56.614  2.62614e+20
-56.0273  2.52242e+20
-55.4407  3.22371e+20
-54.854  3.07542e+20
-54.2673  3.13833e+20
-53.6806  3.07773e+20
-53.094  3.13508e+20
-52.5073  3.34006e+20
-51.9206  3.5442e+20
-51.334  4.78511e+20
-50.7473  4.17531e+20
-50.1606  3.86867e+20
-49.5739  3.64084e+20
-48.9873  4.15709e+20
-48.4006  3.68512e+20
-47.8139  5.69915e+20
-47.2273  4.86943e+20
-46.6406  4.60834e+20
-46.0539  4.50618e+20
-45.4673  4.69519e+20
-44.8806  4.53019e+20
-44.2939  6.5883e+20
-43.7072  6.15183e+20
-43.1206  6.04146e+20
-42.5339  6.70117e+20
-41.9472  5.62887e+20
-41.3606  6.04924e+20
-40.7739  7.57581e+20
-40.1872  7.88647e+20
-39.6006  7.87877e+20
-39.0139  9.73054e+20
-38.4272  7.48986e+20
-37.8406  7.93263e+20
-37.2539  8.81337e+20
-36.6672  1.00406e+21
-36.0805  1.0325e+21
-35.4939  1.32771e+21
-34.9072  1.17739e+21
-34.3205  1.13538e+21
-33.7339  1.17058e+21
-33.1472  1.37136e+21
-32.5605  1.43044e+21
-31.9738  1.68976e+21
-31.3872  1.84416e+21
-30.8005  1.71653e+21
-30.2138  1.72285e+21
-29.6272  1.99072e+21
-29.0405  2.09309e+21
-28.4538  2.18054e+21
-27.8672  2.70519e+21
-27.2805  2.63662e+21
-26.6938  2.65541e+21
-26.1072  3.04647e+21
-25.5205  3.28863e+21
-24.9338  3.25509e+21
-24.3471  4.10074e+21
-23.7605  4.42349e+21
-23.1738  4.61062e+21
-22.5871  5.28058e+21
-22.0005  5.81183e+21
-21.4138  5.87762e+21
-20.8271  6.95741e+21
-20.2404  7.98638e+21
-19.6538  8.51347e+21
-19.0671  9.62111e+21
-18.4804  1.06822e+22
-17.8938  1.12272e+22
-17.3071  1.25276e+22
-16.7204  1.46086e+22
-16.1338  1.60169e+22
-15.5471  1.79612e+22
-14.9604  2.01883e+22
-14.3737  2.22884e+22
-13.7871  2.45549e+22
-13.2004  2.8519e+22
-12.6137  3.2156e+22
-12.0271  3.59723e+22
-11.4404  4.06131e+22
-10.8537  4.59012e+22
-10.2671  5.04555e+22
-9.68039  5.72142e+22
-9.09372  6.41022e+22
-8.50705  7.03049e+22
-7.92038  7.75102e+22
-7.33371  8.55919e+22
-6.74704  9.21074e+22
-6.16037  1.00427e+23
-5.5737  1.08498e+23
-4.98703  1.1496e+23
-4.40036  1.21854e+23
-3.81369  1.28661e+23
-3.22702  1.33725e+23
-2.64035  1.39348e+23
-2.05368  1.43777e+23
-1.46701  1.46405e+23
-0.88034  1.48195e+23
-0.29367  1.48785e+23
0.293  1.48486e+23
0.87967  1.47366e+23
1.46634  1.45064e+23
2.05301  1.41937e+23
2.63968  1.37047e+23
3.22635  1.31084e+23
3.81302  1.25631e+23
4.39969  1.18545e+23
4.98636  1.11483e+23
5.57303  1.04863e+23
6.1597  9.66976e+22
6.74637  8.84598e+22
7.33304  8.19479e+22
7.91971  7.39657e+22
8.50638  6.69516e+22
9.09305  6.09061e+22
9.67972  5.42006e+22
10.2664  4.77426e+22
10.8531  4.33927e+22
11.4397  3.83368e+22
12.0264  3.39568e+22
12.6131  3.03478e+22
13.1997  2.69017e+22
13.7864  2.31719e+22
14.3731  2.10692e+22
14.9597  1.91115e+22
15.5464  1.70284e+22
16.1331  1.51945e+22
16.7198  1.38728e+22
17.3064  1.1897e+22
17.8931  1.06742e+22
18.4798  1.01751e+22
19.0664  9.16969e+21
19.6531  8.10962e+21
20.2398  7.61271e+21
20.8265  6.62793e+21
21.4131  5.59249e+21
21.9998  5.54513e+21
22.5865  5.04296e+21
23.1731  4.40255e+21
23.7598  4.23394e+21
24.3465  3.93349e+21
24.9331  3.11589e+21
25.5198  3.16186e+21
26.1065  2.93612e+21
26.6931  2.56018e+21
27.2798  2.54897e+21
27.8665  2.62338e+21
28.4532  2.10975e+21
29.0398  2.02903e+21
29.6265  1.93143e+21
30.2132  1.66954e+21
30.7998  1.66482e+21
31.3865  1.79141e+21
31.9732  1.64052e+21
32.5599  1.38777e+21
33.1465  1.33094e+21
33.7332  1.13545e+21
34.3199  1.10284e+21
34.9065  1.14575e+21
35.4932  1.29792e+21
36.0799  1.00806e+21
36.6665  9.80909e+20
37.2532  8.62022e+20
37.8399  7.76856e+20
38.4265  7.334e+20
39.0132  9.56612e+20
39.5999  7.73888e+20
40.1866  7.7337e+20
40.7732  7.4262e+20
41.3599  5.92687e+20
41.9466  5.50777e+20
42.5332  6.56787e+20
43.1199  5.91552e+20
43.7066  6.02305e+20
44.2933  6.45888e+20
44.8799  4.42497e+20
45.4666  4.59733e+20
46.0533  4.41707e+20
46.6399  4.52307e+20
47.2266  4.79461e+20
47.8133  5.62544e+20
48.3999  3.62419e+20
48.9866  4.10096e+20
49.5733  3.58932e+20
50.1599  3.81679e+20
50.7466  4.1305e+20
51.3333  4.73419e+20
51.92  3.49173e+20
52.5066  3.29072e+20
53.0933  3.08513e+20
53.68  3.02246e+20
54.2666  3.08684e+20
54.8533  3.02646e+20
55.44  3.16998e+20
56.0266  2.47712e+20
56.6133  2.58675e+20
57.2  2.48367e+20
57.7867  2.36315e+20
58.3733  1.61858e+20
58.96  2.71922e+20
59.5467  2.2183e+20
60.1333  2.24504e+20
60.72  2.40397e+20
61.3067  2.37544e+20
61.8933  1.38228e+20
62.48  2.4129e+20
63.0667  2.4216e+20
63.6534  2.04929e+20
64.24  2.15454e+20
64.8267  2.26112e+20
65.4134  1.71767e+20
66  1.74581e+20
66.5867  2.32666e+20
67.1734  1.70054e+20
67.7601  1.53599e+20
68.3467  1.77675e+20
68.9334  1.83634e+20
69.5201  9.97944e+19
70.1067  1.63026e+20
70.6934  1.348e+20
71.2801  1.0624e+20
71.8667  1.53072e+20
72.4534  1.89125e+20
73.0401  8.86709e+19
73.6268  1.13629e+20
74.2134  1.14154e+20
74.8001  1.10207e+20
75.3868  1.73942e+20
75.9734  2.07689e+20
76.5601  1.36198e+20
77.1468  1.32529e+20
77.7334  1.35816e+20
78.3201  1.11272e+20
78.9068  1.76139e+20
79.4934  1.70206e+20
80.0801  1.33316e+20
80.6668  1.29494e+20
81.2535  1.51922e+20
81.8401  9.00377e+19
82.4268  1.39881e+20
83.0135  1.08998e+20
83.6001  8.30945e+19
84.1868  9.82156e+19
84.7735  1.44627e+20
85.3602  6.21248e+19
85.9468  9.95761e+19
86.5335  1.20995e+20
87.1202  8.01229e+19
87.7068  1.02931e+20
88.2935  1.93578e+20
88.8802  7.57316e+19
89.4668  8.26661e+19
90.0535  1.65682e+20
90.6402  1.01653e+20
91.2268  1.05438e+20
91.8135  2.09238e+20
92.4002  1.24789e+20
92.9869  9.33826e+19
93.5735  1.75579e+20
94.1602  8.94492e+19
94.7469  7.78849e+19
95.3335  1.30125e+20
95.9202  1.1242e+20
96.5069  9.64485e+19
97.0935  1.4083e+20
97.6802  6.37044e+19
98.2669  6.92211e+19
98.8536  8.62858e+19
99.4402  8.13801e+19
100.027  9.61387e+19
100.614  1.09568e+20
101.2  5.39571e+19
101.787  8.93031e+19
102.374  1.03837e+20
102.96  9.92815e+19
103.547  1.15097e+20
104.134  1.14916e+20
104.72  8.9147e+19
105.307  1.15122e+20
105.894  1.08271e+20
106.48  1.00049e+20
107.067  1.05885e+20
107.654  8.93657e+19
108.24  1.14193e+20
108.827  1.09882e+20
109.414  8.74525e+19
110  7.98502e+19
110.587  8.20435e+19
111.174  4.74975e+19
111.76  9.89763e+19
112.347  8.04995e+19
112.934  5.74372e+19
113.52  6.69556e+19
114.107  8.27943e+19
114.694  4.25248e+19
115.28  9.16601e+19
115.867  7.6828e+19
116.454  6.37445e+19
117.04  8.26539e+19
117.627  1.03321e+20
118.214  5.72311e+19
118.8  8.61696e+19
119.387  6.8463e+19
119.974  7.4707e+19
120.56  9.27988e+19
121.147  1.06348e+20
121.734  7.15029e+19
122.32  7.48061e+19
122.907  4.89274e+19
123.494  5.20652e+19
124.08  6.73777e+19
124.667  6.01736e+19
125.254  4.9354e+19
125.84  5.89261e+19
126.427  3.88571e+19
127.014  3.14356e+19
127.6  5.58851e+19
128.187  3.58538e+19
128.774  4.20371e+19
129.36  5.77087e+19
129.947  4.17216e+19
130.534  3.53152e+19
131.12  6.04758e+19
131.707  4.28708e+19
132.294  7.10921e+19
132.88  6.93061e+19
133.467  6.75158e+19
134.054  4.89648e+19
134.64  4.10824e+19
135.227  2.97355e+19
135.814  5.51488e+19
136.4  3.64588e+19
136.987  6.32366e+19
137.574  4.23194e+19
138.16  2.74732e+19
138.747  2.02739e+19
139.334  2.4072e+19
139.92  1.9172e+19
140.507  4.10379e+19
141.094  2.10222e+19
141.68  3.59875e+19
142.267  2.89322e+19
142.854  2.38022e+19
143.44  4.82169e+19
144.027  5.28435e+19
144.614  3.04299e+19
145.2  5.21735e+19
145.787  3.47401e+19
146.374  2.57277e+19
146.96  4.90404e+19
147.547  4.42792e+19
148.134  2.74175e+19
148.721  4.57266e+19
149.307  3.19276e+19
149.894  2.11556e+19
150.481  3.23962e+19
151.067  2.77018e+19
151.654  9.93593e+18
152.241  2.60874e+19
152.827  1.90287e+19
153.414  1.05522e+19
154.001  3.02924e+19
154.587  4.08628e+19
155.174  3.04057e+19
155.761  3.93277e+19
156.347  2.91911e+19
156.934  2.25402e+19
157.521  3.38363e+19
158.107  6.08923e+19
158.694  5.55415e+19
159.281  4.41281e+19
159.867  4.60827e+19
160.454  3.45473e+19
161.041  2.87448e+19
161.627  6.31931e+19
162.214  5.07944e+19
162.801  2.33022e+19
163.387  3.50998e+19
163.974  1.41529e+19
164.561  1.84451e+19
165.147  4.60061e+19
165.734  2.6422e+19
166.321  3.17905e+19
166.907  6.25033e+19
167.494  2.52484e+19
168.081  4.99605e+19
168.667  6.13846e+19
169.254  1.61811e+19
169.841  4.30009e+19
170.427  9.46638e+19
171.014  4.64061e+19
171.601  7.13818e+19
172.187  9.12888e+19
172.774  3.22663e+19
173.361  3.78296e+19
173.947  8.50241e+19
174.534  2.78467e+19
175.121  3.61443e+19
175.707  6.34719e+19
176.294  3.31651e+19
176.881  2.88654e+19
177.467  4.9767e+19
178.054  1.54083e+19
178.641  3.00887e+19
179.227  3.61112e+19
179.814  4.055e+19
180.401  3.76039e+19
180.987  1.62642e+19
181.574  2.11846e+19
182.161  5.26257e+19
182.747  3.63936e+19
183.334  6.33684e+19
183.921  5.51635e+19
184.507  2.14597e+19
185.094  3.48212e+19
185.681  4.9398e+19
186.267  3.79353e+19
186.854  4.64314e+19
187.441  3.4209e+19
188.027  3.55808e+19
188.614  3.07436e+19
189.201  3.5507e+19
189.787  3.90172e+19
190.374  1.19621e+19
190.961  2.1804e+19
191.547  3.65193e+19
192.134  1.53859e+19
192.721  3.85666e+19
193.307  4.21789e+19
193.894  8.6883e+18
194.481  5.04616e+19
195.067  3.81864e+19
195.654  1.90754e+19
196.241  4.53586e+19
196.827  2.74134e+19
197.414  1.35835e+19
198.001  6.26831e+19
198.587  2.35927e+19
199.174  2.70693e+19
199.761  4.77442e+19
200.347  1.99387e+19
200.934  1.96551e+19
201.521  5.44285e+19
202.107  1.12914e+19
202.694  2.17161e+19
203.281  3.43536e+19
203.867  2.39441e+19
204.454  2.7532e+19
205.041  4.09675e+19
205.627  1.62631e+19
206.214  2.39715e+19
206.801  2.93445e+19
207.388  3.85732e+19
207.974  3.29033e+19
208.561  4.26209e+19
209.148  2.65305e+19
209.734  3.3748e+19
210.321  3.34217e+19
210.908  3.885e+19
211.494  2.74527e+19
212.081  3.18903e+19
212.668  1.77832e+19
213.254  3.69159e+19
213.841  2.87246e+19
214.428  2.85054e+19
215.014  2.88525e+19
215.601  2.34512e+19
216.188  1.55964e+19
216.774  5.17503e+19
217.361  2.39339e+19
217.948  1.69723e+19
218.534  3.57441e+19
219.121  2.71833e+19
219.708  2.6341e+19
220.294  7.32171e+19
220.881  3.45967e+19
221.468  1.68834e+19
222.054  4.56779e+19
222.641  3.87483e+19
223.228  2.66371e+19
223.814  6.28359e+19
224.401  3.45372e+19
224.988  1.50355e+19
225.574  4.20464e+19
226.161  5.04456e+19
226.748  2.79369e+19
227.334  2.93799e+19
227.921  1.84138e+19
228.508  1.84758e+19
229.094  2.43126e+19
229.681  5.27945e+19
230.268  4.77896e+19
230.854  1.24166e+19
231.441  1.05678e+19
232.028  4.24472e+19
232.614  1.54002e+19
233.201  3.26606e+19
233.788  5.922e+19
234.374  1.03136e+19
