#S 1 spectral density
#N 2
#UFWHM 12.3201
#L  abscissas [um]  spectral density
-234.375  4.74698e+18
-233.788  1.83703e+19
-233.202  5.86722e+18
-232.615  2.93899e+18
-232.028  1.32625e+19
-231.442  1.17594e+19
-230.855  7.76795e+18
-230.268  1.6402e+19
-229.682  1.39162e+19
-229.095  6.51367e+18
-228.508  9.79809e+18
-227.922  1.54523e+19
-227.335  1.87489e+19
-226.748  1.06464e+19
-226.162  1.73801e+19
-225.575  1.30223e+19
-224.988  7.52055e+18
-224.402  1.63613e+19
-223.815  1.42986e+19
-223.228  1.13367e+19
-222.642  1.438e+19
-222.055  7.64704e+18
-221.468  1.49929e+19
-220.882  1.07319e+19
-220.295  9.5442e+18
-219.708  6.32189e+18
-219.122  6.20371e+18
-218.535  1.3357e+18
-217.948  5.88303e+18
-217.362  9.66516e+18
-216.775  7.21914e+18
-216.188  1.17781e+19
-215.602  3.85229e+18
-215.015  4.6038e+18
-214.428  8.25559e+18
-213.842  3.08253e+18
-213.255  1.28082e+19
-212.668  6.86501e+18
-212.082  1.70054e+19
-211.495  1.65958e+19
-210.908  9.19765e+18
-210.322  1.11248e+19
-209.735  8.54544e+18
-209.148  7.26728e+18
-208.562  1.55955e+19
-207.975  2.08805e+19
-207.388  2.25039e+19
-206.802  1.12738e+19
-206.215  1.36963e+19
-205.628  1.00913e+18
-205.041  1.68953e+19
-204.455  1.34108e+19
-203.868  1.21299e+19
-203.281  1.332e+19
-202.695  8.00335e+18
-202.108  1.26516e+19
-201.521  9.40636e+18
-200.935  2.62631e+18
-200.348  9.29715e+18
-199.761  6.34468e+18
-199.175  9.14094e+18
-198.588  1.94649e+19
-198.001  2.64109e+19
-197.415  1.46829e+19
-196.828  5.978e+18
-196.241  1.77437e+19
-195.655  3.92281e+18
-195.068  1.43959e+19
-194.481  2.70776e+19
-193.895  1.75427e+19
-193.308  1.63416e+19
-192.721  2.60252e+19
-192.135  1.08048e+19
-191.548  1.62506e+19
-190.961  2.38116e+19
-190.375  1.18913e+19
-189.788  4.1499e+18
-189.201  1.84578e+19
-188.615  1.80821e+19
-188.028  1.5915e+19
-187.441  1.79359e+19
-186.855  3.58074e+18
-186.268  2.15146e+18
-185.681  3.95622e+18
-185.095  1.31566e+19
-184.508  2.79626e+19
-183.921  8.05451e+18
-183.335  1.04527e+19
-182.748  9.15984e+18
-182.161  1.11354e+19
-181.575  2.00754e+19
-180.988  2.35164e+19
-180.401  5.2716e+18
-179.815  3.26023e+18
-179.228  1.90009e+19
-178.641  1.93958e+19
-178.055  2.0365e+19
-177.468  5.36481e+19
-176.881  3.92803e+18
-176.295  5.89972e+18
-175.708  2.06966e+19
-175.121  8.97301e+18
-174.535  1.59854e+19
-173.948  4.97243e+19
-173.361  3.01797e+19
-172.775  1.41121e+19
-172.188  1.70742e+19
-171.601  1.32026e+19
-171.015  3.78436e+18
-170.428  3.36033e+19
-169.841  4.19514e+18
-169.255  2.15529e+19
-168.668  1.30752e+19
-168.081  1.04466e+19
-167.495  1.52952e+19
-166.908  1.14985e+19
-166.321  1.46713e+19
-165.735  1.56603e+19
-165.148  6.87361e+18
-164.561  1.56832e+19
-163.975  3.73752e+18
-163.388  2.51667e+19
-162.801  1.64446e+19
-162.215  4.04401e+19
-161.628  3.65413e+19
-161.041  8.14047e+18
-160.455  1.80529e+19
-159.868  5.15289e+18
-159.281  1.64502e+19
-158.695  3.42053e+19
-158.108  1.69047e+19
-157.521  3.6332e+19
-156.935  2.24306e+19
-156.348  2.16148e+19
-155.761  1.83082e+19
-155.175  2.25103e+19
-154.588  1.80434e+19
-154.001  5.13765e+18
-153.415  3.87348e+19
-152.828  3.05244e+19
-152.241  7.93867e+18
-151.655  4.29046e+19
-151.068  1.27128e+18
-150.481  3.06148e+19
-149.895  3.04817e+19
-149.308  1.92641e+19
-148.721  2.17935e+19
-148.135  1.20287e+19
-147.548  2.38219e+19
-146.961  8.99851e+18
-146.375  3.4838e+19
-145.788  6.2276e+19
-145.201  5.68603e+18
-144.614  4.20549e+19
-144.028  3.254e+19
-143.441  1.14063e+19
-142.854  3.81246e+19
-142.268  3.9215e+19
-141.681  5.39309e+19
-141.094  2.40899e+19
-140.508  4.57219e+19
-139.921  3.79392e+19
-139.334  2.30721e+19
-138.748  4.38921e+19
-138.161  5.44395e+18
-137.574  3.59192e+19
-136.988  4.27774e+19
-136.401  1.21817e+19
-135.814  6.92388e+19
-135.228  1.06161e+19
-134.641  2.37848e+19
-134.054  2.57219e+19
-133.468  2.12543e+19
-132.881  5.23943e+19
-132.294  6.64425e+18
-131.708  2.89817e+19
-131.121  1.84646e+19
-130.534  2.03184e+19
-129.948  7.40312e+19
-129.361  9.96997e+18
-128.774  6.61364e+19
-128.188  3.30281e+19
-127.601  9.00205e+18
-127.014  5.09378e+19
-126.428  1.45458e+19
-125.841  5.79438e+19
-125.254  6.75592e+18
-124.668  5.01889e+19
-124.081  7.9685e+19
-123.494  6.49801e+18
-122.908  8.23899e+19
-122.321  3.27594e+19
-121.734  2.35852e+19
-121.148  6.11181e+19
-120.561  1.69446e+19
-119.974  6.70567e+19
-119.388  5.05977e+19
-118.801  4.30016e+19
-118.214  3.69374e+19
-117.628  4.20986e+19
-117.041  7.1411e+19
-116.454  2.13577e+19
-115.868  6.77631e+19
-115.281  6.14975e+19
-114.694  1.78388e+19
-114.108  3.84444e+19
-113.521  3.62452e+19
-112.934  5.78202e+19
-112.348  5.59051e+19
-111.761  2.44432e+19
-111.174  7.60728e+19
-110.588  5.31678e+19
-110.001  2.10275e+19
-109.414  5.5909e+19
-108.828  4.84852e+19
-108.241  4.60636e+19
-107.654  4.43346e+19
-107.068  6.72858e+19
-106.481  8.86463e+19
-105.894  3.60827e+19
-105.308  6.73355e+19
-104.721  8.0052e+19
-104.134  5.39493e+19
-103.548  8.4539e+19
-102.961  3.11743e+19
-102.374  5.78479e+19
-101.788  7.85994e+19
-101.201  3.76638e+19
-100.614  7.1205e+19
-100.028  7.79237e+19
-99.4409  7.71205e+19
-98.8542  5.13209e+19
-98.2676  6.16541e+19
-97.6809  1.26812e+20
-97.0942  2.62003e+19
-96.5075  5.37777e+19
-95.9209  1.10773e+20
-95.3342  4.33469e+19
-94.7475  9.14137e+19
-94.1609  5.77465e+19
-93.5742  7.39779e+19
-92.9875  9.64298e+19
-92.4009  3.79687e+19
-91.8142  8.91165e+19
-91.2275  8.97185e+19
-90.6409  5.76852e+19
-90.0542  6.85109e+19
-89.4675  8.21845e+19
-88.8808  1.18797e+20
-88.2942  7.20751e+19
-87.7075  7.28178e+19
-87.1208  1.12324e+20
-86.5342  8.93245e+19
-85.9475  8.61488e+19
-85.3608  9.25622e+19
-84.7741  9.53211e+19
-84.1875  1.40824e+20
-83.6008  5.6186e+19
-83.0141  1.27815e+20
-82.4275  1.83392e+20
-81.8408  2.85687e+19
-81.2541  1.31536e+20
-80.6675  9.69978e+19
-80.0808  6.36529e+19
-79.4941  1.16615e+20
-78.9074  4.50893e+19
-78.3208  1.53011e+20
-77.7341  1.06833e+20
-77.1474  6.60185e+19
-76.5608  1.48652e+20
-75.9741  9.12087e+19
-75.3874  1.00581e+20
-74.8008  5.99267e+19
-74.2141  9.40129e+19
-73.6274  1.44635e+20
-73.0408  6.6796e+19
-72.4541  1.19772e+20
-71.8674  1.68639e+20
-71.2807  7.81927e+19
-70.6941  1.29326e+20
-70.1074  1.04701e+20
-69.5207  1.16165e+20
-68.9341  1.84618e+20
-68.3474  6.58896e+19
-67.7607  1.7994e+20
-67.174  1.76168e+20
-66.5874  6.89296e+19
-66.0007  2.30384e+20
-65.414  1.52819e+20
-64.8274  1.66797e+20
-64.2407  1.66195e+20
-63.654  1.2152e+20
-63.0674  1.9117e+20
-62.4807  1.65853e+20
-61.894  1.16969e+20
-61.3073  1.66966e+20
-60.7207  1.40371e+20
-60.134  1.37655e+20
-59.5473  1.3223e+20
-58.9607  1.9438e+20
-58.374  1.79355e+20
-57.7873  1.1231e+20
-57.2007  1.84134e+20
-56.614  1.91332e+20
-56.0273  1.12744e+20
-55.4407  2.30819e+20
-54.854  1.45835e+20
-54.2673  2.15286e+20
-53.6806  1.82567e+20
-53.094  1.50566e+20
-52.5073  2.79606e+20
-51.9206  1.86559e+20
-51.334  1.56695e+20
-50.7473  3.1309e+20
-50.1606  1.79143e+20
-49.5739  2.50351e+20
-48.9873  2.80423e+20
-48.4006  2.10139e+20
-47.8139  2.67444e+20
-47.2273  2.62869e+20
-46.6406  2.19059e+20
-46.0539  3.49899e+20
-45.4673  2.30104e+20
-44.8806  3.41696e+20
-44.2939  3.23458e+20
-43.7072  2.90616e+20
-43.1206  3.06086e+20
-42.5339  3.11961e+20
-41.9472  2.97907e+20
-41.3606  3.28328e+20
-40.7739  3.02256e+20
-40.1872  4.05675e+20
-39.6006  3.43914e+20
-39.0139  3.85181e+20
-38.4272  4.255e+20
-37.8406  3.74379e+20
-37.2539  4.64272e+20
-36.6672  4.37715e+20
-36.0805  4.3505e+20
-35.4939  6.65733e+20
-34.9072  4.63767e+20
-34.3205  5.88816e+20
-33.7339  7.28577e+20
-33.1472  4.77113e+20
-32.5605  6.61401e+20
-31.9738  7.25837e+20
-31.3872  6.37371e+20
-30.8005  8.22274e+20
-30.2138  7.4208e+20
-29.6272  8.55474e+20
-29.0405  1.05023e+21
-28.4538  7.7548e+20
-27.8672  1.16825e+21
-27.2805  1.13426e+21
-26.6938  9.17611e+20
-26.1072  1.28711e+21
-25.5205  1.3286e+21
-24.9338  1.2422e+21
-24.3471  1.55579e+21
-23.7605  1.40125e+21
-23.1738  1.65528e+21
-22.5871  1.76973e+21
-22.0005  1.6811e+21
-21.4138  2.1554e+21
-20.8271  2.18461e+21
-20.2404  2.12555e+21
-19.6538  2.787e+21
-19.0671  2.82919e+21
-18.4804  3.08099e+21
-17.8938  3.71889e+21
-17.3071  3.80044e+21
-16.7204  4.45132e+21
-16.1338  5.37383e+21
-15.5471  5.79695e+21
-14.9604  7.18382e+21
-14.3737  8.43417e+21
-13.7871  9.58228e+21
-13.2004  1.21352e+22
-12.6137  1.42962e+22
-12.0271  1.74774e+22
-11.4404  2.17763e+22
-10.8537  2.57077e+22
-10.2671  3.17257e+22
-9.68039  3.90403e+22
-9.09372  4.51057e+22
-8.50705  5.50095e+22
-7.92038  6.44586e+22
-7.33371  7.35302e+22
-6.74704  8.5947e+22
-6.16037  9.76077e+22
-5.5737  1.09346e+23
-4.98703  1.23342e+23
-4.40036  1.32942e+23
-3.81369  1.45451e+23
-3.22702  1.57653e+23
-2.64035  1.63929e+23
-2.05368  1.73965e+23
-1.46701  1.82198e+23
-0.88034  1.83513e+23
-0.29367  1.88472e+23
0.293  1.88875e+23
0.87967  1.8486e+23
1.46634  1.84428e+23
2.05301  1.7679e+23
2.63968  1.67535e+23
3.22635  1.61811e+23
3.81302  1.49958e+23
4.39969  1.37844e+23
4.98636  1.28426e+23
5.57303  1.14388e+23
6.1597  1.02662e+23
6.74637  9.07571e+22
7.33304  7.80516e+22
7.91971  6.87179e+22
8.50638  5.88535e+22
9.09305  4.85063e+22
9.67972  4.20796e+22
10.2664  3.43126e+22
10.8531  2.78941e+22
11.4397  2.36217e+22
12.0264  1.89807e+22
12.6131  1.55142e+22
13.1997  1.31206e+22
13.7864  1.03547e+22
14.3731  9.05223e+21
14.9597  7.67245e+21
15.5464  6.17865e+21
16.1331  5.68643e+21
16.7198  4.6987e+21
17.3064  4.00197e+21
17.8931  3.8957e+21
18.4798  3.226e+21
19.0664  2.95335e+21
19.6531  2.89948e+21
20.2398  2.21387e+21
20.8265  2.26318e+21
21.4131  2.22637e+21
21.9998  1.73592e+21
22.5865  1.81955e+21
23.1731  1.69826e+21
23.7598  1.43731e+21
24.3465  1.59161e+21
24.9331  1.2716e+21
25.5198  1.35896e+21
26.1065  1.31666e+21
26.6931  9.41699e+20
27.2798  1.1616e+21
27.8665  1.19561e+21
28.4532  7.96916e+20
29.0398  1.07385e+21
29.6265  8.75281e+20
30.2132  7.58594e+20
30.7998  8.37469e+20
31.3865  6.49806e+20
31.9732  7.37005e+20
32.5599  6.71036e+20
33.1465  4.85282e+20
33.7332  7.38411e+20
34.3199  5.97001e+20
34.9065  4.71746e+20
35.4932  6.76067e+20
36.0799  4.4293e+20
36.6665  4.45986e+20
37.2532  4.73219e+20
37.8399  3.82057e+20
38.4265  4.33707e+20
39.0132  3.92844e+20
39.5999  3.50228e+20
40.1866  4.11798e+20
40.7732  3.06815e+20
41.3599  3.33034e+20
41.9466  3.01498e+20
42.5332  3.14674e+20
43.1199  3.09788e+20
43.7066  2.93269e+20
44.2933  3.26843e+20
44.8799  3.45873e+20
45.4666  2.3328e+20
46.0533  3.55053e+20
46.6399  2.22838e+20
47.2266  2.67008e+20
47.8133  2.72142e+20
48.3999  2.13629e+20
48.9866  2.84148e+20
49.5733  2.54215e+20
50.1599  1.81441e+20
50.7466  3.15697e+20
51.3333  1.58599e+20
51.92  1.88413e+20
52.5066  2.81403e+20
53.0933  1.51903e+20
53.68  1.8449e+20
54.2666  2.16804e+20
54.8533  1.47636e+20
55.44  2.33302e+20
56.0266  1.14421e+20
56.6133  1.93831e+20
57.2  1.86647e+20
57.7867  1.14139e+20
58.3733  1.81659e+20
58.96  1.96734e+20
59.5467  1.33919e+20
60.1333  1.39403e+20
60.72  1.41559e+20
61.3067  1.68136e+20
61.8933  1.17973e+20
62.48  1.66386e+20
63.0667  1.92056e+20
63.6534  1.22309e+20
64.24  1.67167e+20
64.8267  1.67891e+20
65.4134  1.54438e+20
66  2.32146e+20
66.5867  6.99751e+19
67.1734  1.78154e+20
67.7601  1.81971e+20
68.3467  6.68484e+19
68.9334  1.86128e+20
69.5201  1.1765e+20
70.1067  1.05396e+20
70.6934  1.3025e+20
71.2801  7.89494e+19
71.8667  1.69259e+20
72.4534  1.20143e+20
73.0401  6.71708e+19
73.6268  1.45528e+20
74.2134  9.45749e+19
74.8001  6.04952e+19
75.3868  1.01326e+20
75.9734  9.21925e+19
76.5601  1.49639e+20
77.1468  6.68469e+19
77.7334  1.08031e+20
78.3201  1.54162e+20
78.9068  4.56287e+19
79.4934  1.177e+20
80.0801  6.43908e+19
80.6668  9.74155e+19
81.2535  1.32317e+20
81.8401  2.87997e+19
82.4268  1.83698e+20
83.0135  1.28188e+20
83.6001  5.63556e+19
84.1868  1.4147e+20
84.7735  9.56929e+19
85.3602  9.3247e+19
85.9468  8.67175e+19
86.5335  9.01974e+19
87.1202  1.13487e+20
87.7068  7.35781e+19
88.2935  7.27844e+19
88.8802  1.19476e+20
89.4668  8.26124e+19
90.0535  6.91158e+19
90.6402  5.79492e+19
91.2268  8.9897e+19
91.8135  8.97038e+19
92.4002  3.8078e+19
92.9869  9.67661e+19
93.5735  7.42802e+19
94.1602  5.79118e+19
94.7469  9.17471e+19
95.3335  4.34893e+19
95.9202  1.11539e+20
96.5069  5.40394e+19
97.0935  2.63585e+19
97.6802  1.27812e+20
98.2669  6.21558e+19
98.8536  5.1859e+19
99.4402  7.76121e+19
100.027  7.83846e+19
100.614  7.16897e+19
101.2  3.77866e+19
101.787  7.89382e+19
102.374  5.81453e+19
102.96  3.12433e+19
103.547  8.47139e+19
104.134  5.40896e+19
104.72  8.03369e+19
105.307  6.75683e+19
105.894  3.63639e+19
106.48  8.92866e+19
107.067  6.77603e+19
107.654  4.47938e+19
108.24  4.64996e+19
108.827  4.89488e+19
109.414  5.64001e+19
110  2.12011e+19
110.587  5.3386e+19
111.174  7.63829e+19
111.76  2.45453e+19
112.347  5.59474e+19
112.934  5.79937e+19
113.52  3.64226e+19
114.107  3.85276e+19
114.694  1.78297e+19
115.28  6.18152e+19
115.867  6.77015e+19
116.454  2.14535e+19
117.04  7.1772e+19
117.627  4.23341e+19
118.214  3.71345e+19
118.8  4.32161e+19
119.387  5.08799e+19
119.974  6.75966e+19
120.56  1.69156e+19
121.147  6.14381e+19
121.734  2.38384e+19
122.32  3.2678e+19
122.907  8.25391e+19
123.494  6.56565e+18
124.08  7.98233e+19
124.667  5.01005e+19
125.254  6.84599e+18
125.84  5.82403e+19
126.427  1.45597e+19
127.014  5.11671e+19
127.6  9.08579e+18
128.187  3.32621e+19
128.774  6.65235e+19
129.36  1.00202e+19
129.947  7.4432e+19
130.534  2.05471e+19
131.12  1.85997e+19
131.707  2.92017e+19
132.294  6.65766e+18
132.88  5.26305e+19
133.467  2.14767e+19
134.054  2.57528e+19
134.64  2.39148e+19
135.227  1.06274e+19
135.814  6.91426e+19
136.4  1.22468e+19
136.987  4.30168e+19
137.574  3.60385e+19
138.16  5.45441e+18
138.747  4.43084e+19
139.334  2.31204e+19
139.92  3.80593e+19
140.507  4.60051e+19
141.094  2.40828e+19
141.68  5.41302e+19
142.267  3.95326e+19
142.854  3.81174e+19
143.44  1.15264e+19
144.027  3.24393e+19
144.614  4.22004e+19
145.2  5.64928e+18
145.787  6.24825e+19
146.374  3.49019e+19
146.96  8.97828e+18
147.547  2.40173e+19
148.134  1.20481e+19
148.721  2.18478e+19
149.307  1.93337e+19
149.894  3.07097e+19
150.481  3.06297e+19
151.067  1.28563e+18
151.654  4.32007e+19
152.241  7.9153e+18
152.827  3.05435e+19
153.414  3.89588e+19
154.001  5.08671e+18
154.587  1.81519e+19
155.174  2.26745e+19
155.761  1.83451e+19
156.347  2.17086e+19
156.934  2.24215e+19
157.521  3.64061e+19
158.107  1.69693e+19
158.694  3.43313e+19
159.281  1.65142e+19
159.867  5.23197e+18
160.454  1.81514e+19
161.041  8.12439e+18
161.627  3.68875e+19
162.214  4.05884e+19
162.801  1.64861e+19
163.387  2.53958e+19
163.974  3.75773e+18
164.561  1.57534e+19
165.147  6.98572e+18
165.734  1.57169e+19
166.321  1.48258e+19
166.907  1.14867e+19
167.494  1.53815e+19
168.081  1.04991e+19
168.667  1.30536e+19
169.254  2.16143e+19
169.841  4.20187e+18
170.427  3.34948e+19
171.014  3.80506e+18
171.601  1.32363e+19
172.187  1.71051e+19
172.774  1.40854e+19
173.361  3.03546e+19
173.947  4.96116e+19
174.534  1.60939e+19
175.121  9.02516e+18
175.707  2.08125e+19
176.294  5.94101e+18
176.881  3.90646e+18
177.467  5.37368e+19
178.054  2.05148e+19
178.641  1.93706e+19
179.227  1.90034e+19
179.814  3.26185e+18
180.401  5.31202e+18
180.987  2.35575e+19
181.574  2.01152e+19
182.161  1.11772e+19
182.747  9.19779e+18
183.334  1.04185e+19
183.921  8.08071e+18
184.507  2.8053e+19
185.094  1.31548e+19
185.681  3.97021e+18
186.267  2.1626e+18
186.854  3.58478e+18
187.441  1.79869e+19
188.027  1.59127e+19
188.614  1.8109e+19
189.201  1.85435e+19
189.787  4.13026e+18
190.374  1.18967e+19
190.961  2.38754e+19
191.547  1.63317e+19
192.134  1.08801e+19
192.721  2.59096e+19
193.307  1.63356e+19
193.894  1.75633e+19
194.481  2.71058e+19
195.067  1.44173e+19
195.654  3.94573e+18
196.241  1.77357e+19
196.827  6.01535e+18
197.414  1.47381e+19
198.001  2.63936e+19
198.587  1.9564e+19
199.174  9.09594e+18
199.761  6.3477e+18
200.347  9.38045e+18
200.934  2.61923e+18
201.521  9.38824e+18
202.107  1.26737e+19
202.694  7.99367e+18
203.281  1.32705e+19
203.867  1.21426e+19
204.454  1.34365e+19
205.041  1.68793e+19
205.627  9.94516e+17
206.214  1.37089e+19
206.801  1.11458e+19
207.388  2.2547e+19
207.974  2.09729e+19
208.561  1.55016e+19
209.148  7.30694e+18
209.734  8.54953e+18
210.321  1.11193e+19
210.908  9.23752e+18
211.494  1.66462e+19
212.081  1.69887e+19
212.668  6.91306e+18
213.254  1.28418e+19
213.841  3.09034e+18
214.428  8.30605e+18
215.014  4.58314e+18
215.601  3.86216e+18
216.188  1.18949e+19
216.774  7.2447e+18
217.361  9.67047e+18
217.948  5.89272e+18
218.534  1.35464e+18
219.121  6.20459e+18
219.708  6.33567e+18
220.294  9.58499e+18
220.881  1.06383e+19
221.468  1.50055e+19
222.054  7.70091e+18
222.641  1.43568e+19
223.228  1.1359e+19
223.814  1.42853e+19
224.401  1.63744e+19
224.988  7.51648e+18
225.574  1.29699e+19
226.161  1.73551e+19
226.748  1.07085e+19
227.334  1.8799e+19
227.921  1.54419e+19
228.508  9.7613e+18
229.094  6.47037e+18
229.681  1.39742e+19
230.268  1.64016e+19
230.854  7.7939e+18
231.441  1.17261e+19
232.028  1.3292e+19
232.614  2.95229e+18
233.201  5.89334e+18
233.788  1.84971e+19
234.374  4.74715e+18
