#S 1 spectral density
#N 2
#UFWHM 40.001
#L  abscissas [um]  spectral density
-58.5938  2.07771e+20
-58.4764  2.03066e+20
-58.3591  1.97442e+20
-58.2418  1.9156e+20
-58.1245  1.86024e+20
-58.0072  1.81227e+20
-57.8899  1.77512e+20
-57.7726  1.75034e+20
-57.6553  1.73845e+20
-57.538  1.7401e+20
-57.4207  1.75508e+20
-57.3034  1.78182e+20
-57.1861  1.81727e+20
-57.0688  1.85798e+20
-56.9515  1.89793e+20
-56.8342  1.93028e+20
-56.7169  1.94798e+20
-56.5996  1.94528e+20
-56.4823  1.91819e+20
-56.365  1.86537e+20
-56.2477  1.7895e+20
-56.1303  1.69447e+20
-56.013  1.58768e+20
-55.8957  1.47652e+20
-55.7784  1.36954e+20
-55.6611  1.27316e+20
-55.5438  1.19265e+20
-55.4265  1.13258e+20
-55.3092  1.09529e+20
-55.1919  1.08143e+20
-55.0746  1.09151e+20
-54.9573  1.12351e+20
-54.84  1.17564e+20
-54.7227  1.24366e+20
-54.6054  1.32247e+20
-54.4881  1.40594e+20
-54.3708  1.48616e+20
-54.2535  1.5575e+20
-54.1362  1.61357e+20
-54.0189  1.64957e+20
-53.9016  1.66302e+20
-53.7842  1.65496e+20
-53.6669  1.62663e+20
-53.5496  1.58258e+20
-53.4323  1.52809e+20
-53.315  1.46859e+20
-53.1977  1.41083e+20
-53.0804  1.35847e+20
-52.9631  1.31593e+20
-52.8458  1.28541e+20
-52.7285  1.26798e+20
-52.6112  1.26293e+20
-52.4939  1.26871e+20
-52.3766  1.28244e+20
-52.2593  1.30082e+20
-52.142  1.31971e+20
-52.0247  1.3354e+20
-51.9074  1.34509e+20
-51.7901  1.34564e+20
-51.6728  1.33578e+20
-51.5555  1.31538e+20
-51.4381  1.2844e+20
-51.3208  1.24393e+20
-51.2035  1.19579e+20
-51.0862  1.14235e+20
-50.9689  1.08592e+20
-50.8516  1.02908e+20
-50.7343  9.75055e+19
-50.617  9.27189e+19
-50.4997  8.88545e+19
-50.3824  8.62212e+19
-50.2651  8.50481e+19
-50.1478  8.5477e+19
-50.0305  8.75375e+19
-49.9132  9.10934e+19
-49.7959  9.58907e+19
-49.6786  1.01509e+20
-49.5613  1.0757e+20
-49.444  1.13566e+20
-49.3267  1.19003e+20
-49.2094  1.23485e+20
-49.092  1.26653e+20
-48.9747  1.28272e+20
-48.8574  1.28257e+20
-48.7401  1.26605e+20
-48.6228  1.2349e+20
-48.5055  1.19203e+20
-48.3882  1.14082e+20
-48.2709  1.08591e+20
-48.1536  1.03174e+20
-48.0363  9.82757e+19
-47.919  9.42671e+19
-47.8017  9.14506e+19
-47.6844  9.00085e+19
-47.5671  9.00807e+19
-47.4498  9.16708e+19
-47.3325  9.47387e+19
-47.2152  9.91774e+19
-47.0979  1.0478e+20
-46.9806  1.11282e+20
-46.8633  1.18306e+20
-46.7459  1.25372e+20
-46.6286  1.31943e+20
-46.5113  1.3747e+20
-46.394  1.41541e+20
-46.2767  1.43793e+20
-46.1594  1.44153e+20
-46.0421  1.42799e+20
-45.9248  1.40142e+20
-45.8075  1.36764e+20
-45.6902  1.3332e+20
-45.5729  1.30418e+20
-45.4556  1.28541e+20
-45.3383  1.27983e+20
-45.221  1.2884e+20
-45.1037  1.31053e+20
-44.9864  1.34481e+20
-44.8691  1.39009e+20
-44.7518  1.44556e+20
-44.6345  1.51118e+20
-44.5172  1.58689e+20
-44.3998  1.67189e+20
-44.2825  1.76447e+20
-44.1652  1.86078e+20
-44.0479  1.95486e+20
-43.9306  2.03932e+20
-43.8133  2.10638e+20
-43.696  2.14918e+20
-43.5787  2.1636e+20
-43.4614  2.14824e+20
-43.3441  2.10571e+20
-43.2268  2.04223e+20
-43.1095  1.96649e+20
-42.9922  1.88803e+20
-42.8749  1.8172e+20
-42.7576  1.7617e+20
-42.6403  1.72748e+20
-42.523  1.71764e+20
-42.4057  1.73257e+20
-42.2884  1.77047e+20
-42.171  1.82763e+20
-42.0537  1.89835e+20
-41.9364  1.97716e+20
-41.8191  2.05766e+20
-41.7018  2.13449e+20
-41.5845  2.20159e+20
-41.4672  2.25501e+20
-41.3499  2.29246e+20
-41.2326  2.31289e+20
-41.1153  2.31803e+20
-40.998  2.31101e+20
-40.8807  2.2968e+20
-40.7634  2.28212e+20
-40.6461  2.27375e+20
-40.5288  2.27904e+20
-40.4115  2.30447e+20
-40.2942  2.35494e+20
-40.1769  2.43533e+20
-40.0596  2.5482e+20
-39.9423  2.69334e+20
-39.825  2.86819e+20
-39.7076  3.06742e+20
-39.5903  3.28241e+20
-39.473  3.50243e+20
-39.3557  3.71403e+20
-39.2384  3.90382e+20
-39.1211  4.05975e+20
-39.0038  4.17079e+20
-38.8865  4.23208e+20
-38.7692  4.24295e+20
-38.6519  4.20722e+20
-38.5346  4.13514e+20
-38.4173  4.03965e+20
-38.3  3.93544e+20
-38.1827  3.83784e+20
-38.0654  3.75929e+20
-37.9481  3.71036e+20
-37.8308  3.69766e+20
-37.7135  3.72504e+20
-37.5962  3.79398e+20
-37.4789  3.90362e+20
-37.3615  4.05116e+20
-37.2442  4.23279e+20
-37.1269  4.44458e+20
-37.0096  4.68043e+20
-36.8923  4.93203e+20
-36.775  5.18972e+20
-36.6577  5.44346e+20
-36.5404  5.68127e+20
-36.4231  5.89294e+20
-36.3058  6.06966e+20
-36.1885  6.20585e+20
-36.0712  6.29931e+20
-35.9539  6.35351e+20
-35.8366  6.37372e+20
-35.7193  6.36917e+20
-35.602  6.34894e+20
-35.4847  6.32454e+20
-35.3674  6.30562e+20
-35.2501  6.29993e+20
-35.1328  6.31236e+20
-35.0154  6.34598e+20
-34.8981  6.40254e+20
-34.7808  6.48089e+20
-34.6635  6.57837e+20
-34.5462  6.69213e+20
-34.4289  6.81818e+20
-34.3116  6.94987e+20
-34.1943  7.08352e+20
-34.077  7.21397e+20
-33.9597  7.33649e+20
-33.8424  7.44806e+20
-33.7251  7.54703e+20
-33.6078  7.63393e+20
-33.4905  7.71042e+20
-33.3732  7.77972e+20
-33.2559  7.84653e+20
-33.1386  7.91496e+20
-33.0213  7.98988e+20
-32.904  8.07571e+20
-32.7867  8.17459e+20
-32.6693  8.28786e+20
-32.552  8.41502e+20
-32.4347  8.55615e+20
-32.3174  8.70842e+20
-32.2001  8.86926e+20
-32.0828  9.03558e+20
-31.9655  9.20403e+20
-31.8482  9.37231e+20
-31.7309  9.53877e+20
-31.6136  9.70339e+20
-31.4963  9.86695e+20
-31.379  1.00306e+21
-31.2617  1.01994e+21
-31.1444  1.03752e+21
-31.0271  1.0564e+21
-30.9098  1.0768e+21
-30.7925  1.099e+21
-30.6752  1.12299e+21
-30.5579  1.14873e+21
-30.4406  1.17572e+21
-30.3232  1.20324e+21
-30.2059  1.23097e+21
-30.0886  1.25781e+21
-29.9713  1.28299e+21
-29.854  1.30575e+21
-29.7367  1.32542e+21
-29.6194  1.34125e+21
-29.5021  1.35313e+21
-29.3848  1.3609e+21
-29.2675  1.36483e+21
-29.1502  1.36529e+21
-29.0329  1.36311e+21
-28.9156  1.35919e+21
-28.7983  1.35474e+21
-28.681  1.35082e+21
-28.5637  1.34882e+21
-28.4464  1.34966e+21
-28.3291  1.35449e+21
-28.2118  1.36393e+21
-28.0944  1.37845e+21
-27.9771  1.39827e+21
-27.8598  1.42316e+21
-27.7425  1.45292e+21
-27.6252  1.48655e+21
-27.5079  1.52329e+21
-27.3906  1.56201e+21
-27.2733  1.60133e+21
-27.156  1.64012e+21
-27.0387  1.67709e+21
-26.9214  1.71136e+21
-26.8041  1.74215e+21
-26.6868  1.7688e+21
-26.5695  1.79126e+21
-26.4522  1.80936e+21
-26.3349  1.82363e+21
-26.2176  1.83447e+21
-26.1003  1.84245e+21
-25.983  1.84812e+21
-25.8657  1.85214e+21
-25.7483  1.85512e+21
-25.631  1.85731e+21
-25.5137  1.85978e+21
-25.3964  1.86239e+21
-25.2791  1.86564e+21
-25.1618  1.86975e+21
-25.0445  1.87487e+21
-24.9272  1.88105e+21
-24.8099  1.88839e+21
-24.6926  1.89698e+21
-24.5753  1.90717e+21
-24.458  1.91899e+21
-24.3407  1.93307e+21
-24.2234  1.94975e+21
-24.1061  1.96987e+21
-23.9888  1.99376e+21
-23.8715  2.02234e+21
-23.7542  2.05572e+21
-23.6369  2.09438e+21
-23.5196  2.13801e+21
-23.4023  2.18633e+21
-23.2849  2.23867e+21
-23.1676  2.29371e+21
-23.0503  2.35039e+21
-22.933  2.40658e+21
-22.8157  2.46061e+21
-22.6984  2.51037e+21
-22.5811  2.55393e+21
-22.4638  2.58968e+21
-22.3465  2.61605e+21
-22.2292  2.63249e+21
-22.1119  2.63883e+21
-21.9946  2.63555e+21
-21.8773  2.62374e+21
-21.76  2.60506e+21
-21.6427  2.58196e+21
-21.5254  2.55676e+21
-21.4081  2.53202e+21
-21.2908  2.51007e+21
-21.1735  2.49307e+21
-21.0561  2.48309e+21
-20.9388  2.48138e+21
-20.8215  2.48941e+21
-20.7042  2.50716e+21
-20.5869  2.53489e+21
-20.4696  2.57186e+21
-20.3523  2.61713e+21
-20.235  2.66921e+21
-20.1177  2.72606e+21
-20.0004  2.78564e+21
-19.8831  2.84612e+21
-19.7658  2.90523e+21
-19.6485  2.96131e+21
-19.5312  3.0131e+21
-19.4139  3.05961e+21
-19.2966  3.10037e+21
-19.1793  3.13529e+21
-19.062  3.16462e+21
-18.9447  3.18889e+21
-18.8274  3.20857e+21
-18.71  3.22441e+21
-18.5927  3.23718e+21
-18.4754  3.24731e+21
-18.3581  3.25561e+21
-18.2408  3.26204e+21
-18.1235  3.26697e+21
-18.0062  3.27018e+21
-17.8889  3.27161e+21
-17.7716  3.27112e+21
-17.6543  3.26808e+21
-17.537  3.26272e+21
-17.4197  3.25489e+21
-17.3024  3.24513e+21
-17.1851  3.23401e+21
-17.0678  3.22263e+21
-16.9505  3.21265e+21
-16.8332  3.20576e+21
-16.7159  3.20386e+21
-16.5986  3.20849e+21
-16.4813  3.22128e+21
-16.364  3.24347e+21
-16.2466  3.27584e+21
-16.1293  3.31873e+21
-16.012  3.37125e+21
-15.8947  3.43257e+21
-15.7774  3.50094e+21
-15.6601  3.57409e+21
-15.5428  3.64958e+21
-15.4255  3.72427e+21
-15.3082  3.79523e+21
-15.1909  3.86001e+21
-15.0736  3.91569e+21
-14.9563  3.96045e+21
-14.839  3.99299e+21
-14.7217  4.01278e+21
-14.6044  4.02019e+21
-14.4871  4.01609e+21
-14.3698  4.00267e+21
-14.2525  3.9819e+21
-14.1352  3.95641e+21
-14.0178  3.92923e+21
-13.9005  3.90288e+21
-13.7832  3.8799e+21
-13.6659  3.86233e+21
-13.5486  3.85151e+21
-13.4313  3.84851e+21
-13.314  3.85347e+21
-13.1967  3.86632e+21
-13.0794  3.88646e+21
-12.9621  3.91256e+21
-12.8448  3.94367e+21
-12.7275  3.9782e+21
-12.6102  4.01503e+21
-12.4929  4.05273e+21
-12.3756  4.09037e+21
-12.2583  4.12725e+21
-12.141  4.1632e+21
-12.0237  4.19787e+21
-11.9064  4.23128e+21
-11.7891  4.26363e+21
-11.6718  4.29515e+21
-11.5544  4.32636e+21
-11.4371  4.35722e+21
-11.3198  4.38754e+21
-11.2025  4.41733e+21
-11.0852  4.44605e+21
-10.9679  4.47289e+21
-10.8506  4.49734e+21
-10.7333  4.51824e+21
-10.616  4.53463e+21
-10.4987  4.54616e+21
-10.3814  4.55181e+21
-10.2641  4.55164e+21
-10.1468  4.54556e+21
-10.0295  4.53431e+21
-9.91217  4.51892e+21
-9.79487  4.50075e+21
-9.67756  4.48176e+21
-9.56026  4.46368e+21
-9.44295  4.44855e+21
-9.32565  4.43852e+21
-9.20834  4.43516e+21
-9.09104  4.43996e+21
-8.97373  4.45366e+21
-8.85643  4.47669e+21
-8.73913  4.50878e+21
-8.62182  4.5492e+21
-8.50452  4.5967e+21
-8.38721  4.64962e+21
-8.26991  4.70573e+21
-8.1526  4.76284e+21
-8.03529  4.81852e+21
-7.91799  4.87057e+21
-7.80069  4.91664e+21
-7.68338  4.95512e+21
-7.56608  4.98457e+21
-7.44877  5.00441e+21
-7.33146  5.01415e+21
-7.21416  5.01419e+21
-7.09685  5.00514e+21
-6.97955  4.98824e+21
-6.86224  4.96519e+21
-6.74494  4.93732e+21
-6.62763  4.9065e+21
-6.51033  4.87457e+21
-6.39302  4.84329e+21
-6.27572  4.81393e+21
-6.15842  4.78822e+21
-6.04111  4.76714e+21
-5.92381  4.75165e+21
-5.8065  4.74275e+21
-5.68919  4.74081e+21
-5.57189  4.74638e+21
-5.45458  4.75958e+21
-5.33728  4.78044e+21
-5.21997  4.80878e+21
-5.10267  4.8442e+21
-4.98536  4.88615e+21
-4.86806  4.93358e+21
-4.75075  4.9853e+21
-4.63345  5.04009e+21
-4.51614  5.09608e+21
-4.39884  5.15153e+21
-4.28154  5.20424e+21
-4.16423  5.25224e+21
-4.04692  5.29346e+21
-3.92962  5.32631e+21
-3.81231  5.34927e+21
-3.69501  5.36129e+21
-3.5777  5.3619e+21
-3.4604  5.35101e+21
-3.34309  5.32912e+21
-3.22579  5.29758e+21
-3.10849  5.25766e+21
-2.99118  5.2117e+21
-2.87387  5.1617e+21
-2.75657  5.11052e+21
-2.63926  5.06036e+21
-2.52196  5.01411e+21
-2.40465  4.97367e+21
-2.28735  4.94117e+21
-2.17005  4.91824e+21
-2.05274  4.90548e+21
-1.93544  4.90365e+21
-1.81813  4.91279e+21
-1.70083  4.93241e+21
-1.58352  4.96151e+21
-1.46622  4.99911e+21
-1.34891  5.04351e+21
-1.2316  5.09306e+21
-1.1143  5.14578e+21
-0.996995  5.19978e+21
-0.87969  5.25318e+21
-0.762385  5.30408e+21
-0.64508  5.35077e+21
-0.527775  5.39188e+21
-0.41047  5.42607e+21
-0.293165  5.45249e+21
-0.17586  5.47038e+21
-0.058555  5.47926e+21
0.05875  5.47915e+21
0.176055  5.46972e+21
0.29336  5.45162e+21
0.410665  5.42483e+21
0.52797  5.39041e+21
0.645275  5.34921e+21
0.76258  5.3024e+21
0.879885  5.2516e+21
0.99719  5.19825e+21
1.1145  5.14447e+21
1.2318  5.092e+21
1.3491  5.04276e+21
1.46641  4.99858e+21
1.58371  4.96143e+21
1.70102  4.9328e+21
1.81832  4.91361e+21
1.93563  4.90494e+21
2.05294  4.90707e+21
2.17024  4.92013e+21
2.28754  4.9436e+21
2.40485  4.97639e+21
2.52216  5.01727e+21
2.63946  5.06372e+21
2.75677  5.11408e+21
2.87407  5.16567e+21
2.99137  5.21574e+21
3.10868  5.26196e+21
3.22599  5.30189e+21
3.34329  5.33365e+21
3.4606  5.35553e+21
3.5779  5.3663e+21
3.69521  5.36567e+21
3.81251  5.35344e+21
3.92982  5.33037e+21
4.04712  5.29729e+21
4.16443  5.25583e+21
4.28173  5.20761e+21
4.39903  5.15476e+21
4.51634  5.0992e+21
4.63364  5.04309e+21
4.75095  4.98839e+21
4.86825  4.93667e+21
4.98556  4.88955e+21
5.10286  4.84783e+21
5.22017  4.81288e+21
5.33748  4.78503e+21
5.45478  4.7647e+21
5.57209  4.75208e+21
5.68939  4.74713e+21
5.8067  4.74973e+21
5.924  4.75922e+21
6.0413  4.77511e+21
6.15861  4.79653e+21
6.27591  4.82269e+21
6.39322  4.85231e+21
6.51052  4.88391e+21
6.62783  4.91586e+21
6.74514  4.94649e+21
6.86244  4.97413e+21
6.97975  4.99716e+21
7.09705  5.01372e+21
7.21436  5.02258e+21
7.33166  5.02212e+21
7.44897  5.01223e+21
7.56627  4.99224e+21
7.68358  4.96247e+21
7.80088  4.92394e+21
7.91819  4.87776e+21
8.03549  4.82584e+21
8.1528  4.77036e+21
8.2701  4.71332e+21
8.38741  4.65743e+21
8.50471  4.60478e+21
8.62202  4.55752e+21
8.73932  4.51728e+21
8.85662  4.48547e+21
8.97393  4.46265e+21
9.09123  4.4491e+21
9.20854  4.44444e+21
9.32584  4.44794e+21
9.44315  4.45805e+21
9.56045  4.47312e+21
9.67776  4.49123e+21
9.79506  4.51014e+21
9.91237  4.52832e+21
10.0297  4.54368e+21
10.147  4.55488e+21
10.2643  4.56085e+21
10.3816  4.56099e+21
10.4989  4.55534e+21
10.6162  4.54388e+21
10.7335  4.52732e+21
10.8508  4.50642e+21
10.9681  4.48207e+21
11.0854  4.45529e+21
11.2027  4.42678e+21
11.32  4.39701e+21
11.4373  4.36662e+21
11.5546  4.33587e+21
11.6719  4.30488e+21
11.7893  4.27336e+21
11.9066  4.24106e+21
12.0239  4.20772e+21
12.1412  4.17332e+21
12.2585  4.13751e+21
12.3758  4.10061e+21
12.4931  4.06316e+21
12.6104  4.02545e+21
12.7277  3.98889e+21
12.845  3.95459e+21
12.9623  3.92358e+21
13.0796  3.89767e+21
13.1969  3.87786e+21
13.3142  3.8652e+21
13.4315  3.86049e+21
13.5488  3.86373e+21
13.6661  3.87482e+21
13.7834  3.89262e+21
13.9007  3.91573e+21
14.018  3.94227e+21
14.1354  3.96958e+21
14.2527  3.99504e+21
14.37  4.0158e+21
14.4873  4.02915e+21
14.6046  4.03303e+21
14.7219  4.02542e+21
14.8392  4.00545e+21
14.9565  3.97262e+21
15.0738  3.92749e+21
15.1911  3.8716e+21
15.3084  3.8067e+21
15.4257  3.73536e+21
15.543  3.66044e+21
15.6603  3.58496e+21
15.7776  3.51182e+21
15.8949  3.44362e+21
16.0122  3.38236e+21
16.1295  3.33e+21
16.2468  3.28757e+21
16.3641  3.25549e+21
16.4815  3.23375e+21
16.5988  3.22118e+21
16.7161  3.21692e+21
16.8334  3.21944e+21
16.9507  3.22659e+21
17.068  3.23682e+21
17.1853  3.24835e+21
17.3026  3.25949e+21
17.4199  3.26937e+21
17.5372  3.27726e+21
17.6545  3.28247e+21
17.7718  3.28529e+21
17.8891  3.2857e+21
18.0064  3.28404e+21
18.1237  3.28056e+21
18.241  3.27545e+21
18.3583  3.2688e+21
18.4756  3.26035e+21
18.5929  3.24991e+21
18.7102  3.23713e+21
18.8275  3.2211e+21
18.9449  3.20134e+21
19.0622  3.17698e+21
19.1795  3.14757e+21
19.2968  3.11252e+21
19.4141  3.07165e+21
19.5314  3.02515e+21
19.6487  2.97332e+21
19.766  2.91706e+21
19.8833  2.85789e+21
20.0006  2.79741e+21
20.1179  2.73783e+21
20.2352  2.68094e+21
20.3525  2.62901e+21
20.4698  2.58382e+21
20.5871  2.54702e+21
20.7044  2.51944e+21
20.8217  2.50187e+21
20.939  2.49427e+21
21.0563  2.49617e+21
21.1736  2.50656e+21
21.291  2.52367e+21
21.4083  2.54597e+21
21.5256  2.57105e+21
21.6429  2.59639e+21
21.7602  2.61956e+21
21.8775  2.63816e+21
21.9948  2.64978e+21
22.1121  2.65293e+21
22.2294  2.6464e+21
22.3467  2.62956e+21
22.464  2.6027e+21
22.5813  2.56658e+21
22.6986  2.5226e+21
22.8159  2.4724e+21
22.9332  2.41799e+21
23.0505  2.3615e+21
23.1678  2.3046e+21
23.2851  2.24935e+21
23.4024  2.19706e+21
23.5198  2.14865e+21
23.6371  2.10509e+21
23.7544  2.06654e+21
23.8717  2.03335e+21
23.989  2.00496e+21
24.1063  1.98115e+21
24.2236  1.96134e+21
24.3409  1.94479e+21
24.4582  1.93087e+21
24.5755  1.91912e+21
24.6928  1.90907e+21
24.8101  1.9006e+21
24.9274  1.89327e+21
25.0447  1.88713e+21
25.162  1.88197e+21
25.2793  1.87785e+21
25.3966  1.87456e+21
25.5139  1.87191e+21
25.6312  1.86953e+21
25.7485  1.86713e+21
25.8658  1.86423e+21
25.9832  1.86005e+21
26.1005  1.85442e+21
26.2178  1.84645e+21
26.3351  1.83559e+21
26.4524  1.82127e+21
26.5697  1.80301e+21
26.687  1.7805e+21
26.8043  1.7537e+21
26.9216  1.72285e+21
27.0389  1.68845e+21
27.1562  1.65125e+21
27.2735  1.61229e+21
27.3908  1.57273e+21
27.5081  1.53389e+21
27.6254  1.49698e+21
27.7427  1.46319e+21
27.86  1.43338e+21
27.9773  1.40841e+21
28.0946  1.38864e+21
28.212  1.37404e+21
28.3293  1.36464e+21
28.4466  1.35987e+21
28.5639  1.35913e+21
28.6812  1.3612e+21
28.7985  1.36514e+21
28.9158  1.3697e+21
29.0331  1.3737e+21
29.1504  1.37592e+21
29.2677  1.37542e+21
29.385  1.37148e+21
29.5023  1.36368e+21
29.6196  1.35173e+21
29.7369  1.33568e+21
29.8542  1.31585e+21
29.9715  1.29287e+21
30.0888  1.26749e+21
30.2061  1.2405e+21
30.3234  1.21266e+21
30.4407  1.18477e+21
30.558  1.15768e+21
30.6754  1.13178e+21
30.7927  1.10773e+21
30.91  1.08539e+21
31.0273  1.06493e+21
31.1446  1.04601e+21
31.2619  1.02827e+21
31.3792  1.01143e+21
31.4965  9.94981e+20
31.6138  9.78594e+20
31.7311  9.62146e+20
31.8484  9.45403e+20
31.9657  9.2853e+20
32.083  9.11558e+20
32.2003  8.94872e+20
32.3176  8.78696e+20
32.4349  8.63348e+20
32.5522  8.4913e+20
32.6695  8.36304e+20
32.7868  8.24906e+20
32.9042  8.14879e+20
33.0215  8.0622e+20
33.1388  7.98583e+20
33.2561  7.91695e+20
33.3734  7.84913e+20
33.4907  7.77924e+20
33.608  7.70187e+20
33.7253  7.61483e+20
33.8426  7.51546e+20
33.9599  7.40325e+20
34.0772  7.28076e+20
34.1945  7.15072e+20
34.3118  7.01762e+20
34.4291  6.88544e+20
34.5464  6.75999e+20
34.6637  6.64645e+20
34.781  6.54894e+20
34.8983  6.47142e+20
35.0156  6.41573e+20
35.1329  6.38156e+20
35.2503  6.36946e+20
35.3676  6.37564e+20
35.4849  6.3951e+20
35.6022  6.41844e+20
35.7195  6.43795e+20
35.8368  6.44179e+20
35.9541  6.41998e+20
36.0714  6.36436e+20
36.1887  6.2687e+20
36.306  6.13004e+20
36.4233  5.95133e+20
36.5406  5.7371e+20
36.6579  5.49694e+20
36.7752  5.24077e+20
36.8925  4.98081e+20
37.0098  4.72756e+20
37.1271  4.49041e+20
37.2444  4.27761e+20
37.3617  4.09507e+20
37.479  3.94754e+20
37.5964  3.83832e+20
37.7137  3.76992e+20
37.831  3.74353e+20
37.9483  3.75759e+20
38.0656  3.80796e+20
38.1829  3.88799e+20
38.3002  3.98652e+20
38.4175  4.0913e+20
38.5348  4.18689e+20
38.6521  4.25823e+20
38.7694  4.29269e+20
38.8867  4.28045e+20
39.004  4.21722e+20
39.1213  4.10311e+20
39.2386  3.94498e+20
39.3559  3.75237e+20
39.4732  3.53814e+20
39.5905  3.31632e+20
39.7078  3.09972e+20
39.8251  2.89907e+20
39.9425  2.72304e+20
40.0598  2.57762e+20
40.1771  2.46472e+20
40.2944  2.38374e+20
40.4117  2.33331e+20
40.529  2.30818e+20
40.6463  2.30294e+20
40.7636  2.31132e+20
40.8809  2.32596e+20
40.9982  2.33926e+20
41.1155  2.34576e+20
41.2328  2.33967e+20
41.3501  2.31801e+20
41.4674  2.27924e+20
41.5847  2.22422e+20
41.702  2.15597e+20
41.8193  2.07825e+20
41.9366  1.99689e+20
42.0539  1.91769e+20
42.1712  1.84676e+20
42.2885  1.79026e+20
42.4059  1.75306e+20
42.5232  1.73915e+20
42.6405  1.75027e+20
42.7578  1.78608e+20
42.8751  1.8431e+20
42.9924  1.91501e+20
43.1097  1.99415e+20
43.227  2.07041e+20
43.3443  2.13355e+20
43.4616  2.17533e+20
43.5789  2.18932e+20
43.6962  2.17336e+20
43.8135  2.1282e+20
43.9308  2.05883e+20
44.0481  1.97202e+20
44.1654  1.87566e+20
44.2827  1.77732e+20
44.4  1.6829e+20
44.5173  1.59625e+20
44.6347  1.51931e+20
44.752  1.45284e+20
44.8693  1.39688e+20
44.9866  1.35141e+20
45.1039  1.3174e+20
45.2212  1.29596e+20
45.3385  1.2882e+20
45.4558  1.29484e+20
45.5731  1.31469e+20
45.6904  1.34454e+20
45.8077  1.37981e+20
45.925  1.41386e+20
46.0423  1.44043e+20
46.1596  1.45328e+20
46.2769  1.4488e+20
46.3942  1.42537e+20
46.5115  1.38356e+20
46.6288  1.32703e+20
46.7461  1.26027e+20
46.8634  1.18868e+20
46.9808  1.11777e+20
47.0981  1.05218e+20
47.2154  9.95819e+19
47.3327  9.5129e+19
47.45  9.20616e+19
47.5673  9.04802e+19
47.6846  9.0419e+19
47.8019  9.18703e+19
47.9192  9.46944e+19
48.0365  9.86934e+19
48.1538  1.03568e+20
48.2711  1.08922e+20
48.3884  1.14352e+20
48.5057  1.19362e+20
48.623  1.23544e+20
48.7403  1.26534e+20
48.8576  1.28036e+20
48.9749  1.27949e+20
49.0922  1.26242e+20
49.2095  1.22983e+20
49.3269  1.18443e+20
49.4442  1.13002e+20
49.5615  1.07041e+20
49.6788  1.01008e+20
49.7961  9.54472e+19
49.9134  9.07241e+19
50.0307  8.72645e+19
50.148  8.5311e+19
50.2653  8.49755e+19
50.3826  8.62119e+19
50.4999  8.89041e+19
50.6172  9.27956e+19
50.7345  9.7593e+19
50.8518  1.02938e+20
50.9691  1.08566e+20
51.0864  1.14134e+20
51.2037  1.19372e+20
51.321  1.24081e+20
51.4383  1.28015e+20
51.5556  1.3102e+20
51.673  1.32977e+20
51.7903  1.33884e+20
51.9076  1.33777e+20
52.0249  1.32789e+20
52.1422  1.31228e+20
52.2595  1.29352e+20
52.3768  1.27534e+20
52.4941  1.26219e+20
52.6114  1.25695e+20
52.7287  1.26247e+20
52.846  1.28064e+20
52.9633  1.31137e+20
53.0806  1.35422e+20
53.1979  1.40631e+20
53.3152  1.46451e+20
53.4325  1.52323e+20
53.5498  1.57658e+20
53.6671  1.61984e+20
53.7844  1.64739e+20
53.9017  1.65425e+20
54.0191  1.63977e+20
54.1364  1.60348e+20
54.2537  1.54712e+20
54.371  1.47577e+20
54.4883  1.39552e+20
54.6056  1.31279e+20
54.7229  1.23486e+20
54.8402  1.1679e+20
54.9575  1.11699e+20
55.0748  1.08574e+20
55.1921  1.07673e+20
55.3094  1.09111e+20
55.4267  1.12936e+20
55.544  1.18948e+20
55.6613  1.27e+20
55.7786  1.36656e+20
55.8959  1.47312e+20
56.0132  1.58379e+20
56.1305  1.68966e+20
56.2478  1.78356e+20
56.3651  1.85865e+20
56.4825  1.91042e+20
56.5998  1.93656e+20
56.7171  1.93825e+20
56.8344  1.92043e+20
56.9517  1.88809e+20
57.069  1.84823e+20
57.1863  1.80794e+20
57.3036  1.77272e+20
57.4209  1.74674e+20
57.5382  1.73256e+20
57.6555  1.73133e+20
57.7728  1.74339e+20
57.8901  1.76848e+20
58.0074  1.80612e+20
58.1247  1.85402e+20
58.242  1.90903e+20
58.3593  1.96776e+20
58.4766  2.02375e+20
58.5939  2.07016e+20
