#S 1 spectral density
#N 2
#UFWHM 20.2938
#L  abscissas [um]  spectral density
-58.5938  4.84052e+19
-58.4764  4.35253e+19
-58.3591  3.92214e+19
-58.2418  3.59446e+19
-58.1245  3.40693e+19
-58.0072  3.37631e+19
-57.8899  3.50126e+19
-57.7726  3.76992e+19
-57.6553  4.15991e+19
-57.538  4.64606e+19
-57.4207  5.19845e+19
-57.3034  5.78568e+19
-57.1861  6.37172e+19
-57.0688  6.91163e+19
-56.9515  7.36014e+19
-56.8342  7.67103e+19
-56.7169  7.8112e+19
-56.5996  7.75541e+19
-56.4823  7.50879e+19
-56.365  7.09916e+19
-56.2477  6.57389e+19
-56.1303  6.0056e+19
-56.013  5.46657e+19
-55.8957  5.02744e+19
-55.7784  4.73918e+19
-55.6611  4.63383e+19
-55.5438  4.71978e+19
-55.4265  4.97337e+19
-55.3092  5.36565e+19
-55.1919  5.85033e+19
-55.0746  6.38221e+19
-54.9573  6.91824e+19
-54.84  7.41636e+19
-54.7227  7.85195e+19
-54.6054  8.19297e+19
-54.4881  8.42503e+19
-54.3708  8.54007e+19
-54.2535  8.53027e+19
-54.1362  8.39812e+19
-54.0189  8.16501e+19
-53.9016  7.85002e+19
-53.7842  7.47814e+19
-53.6669  7.08673e+19
-53.5496  6.70697e+19
-53.4323  6.36302e+19
-53.315  6.07359e+19
-53.1977  5.84637e+19
-53.0804  5.67672e+19
-52.9631  5.56093e+19
-52.8458  5.48735e+19
-52.7285  5.44193e+19
-52.6112  5.41946e+19
-52.4939  5.41374e+19
-52.3766  5.42874e+19
-52.2593  5.46438e+19
-52.142  5.53255e+19
-52.0247  5.63922e+19
-51.9074  5.79636e+19
-51.7901  6.009e+19
-51.6728  6.27807e+19
-51.5555  6.60183e+19
-51.4381  6.9644e+19
-51.3208  7.34286e+19
-51.2035  7.71021e+19
-51.0862  8.03171e+19
-50.9689  8.27556e+19
-50.8516  8.41019e+19
-50.7343  8.41435e+19
-50.617  8.27908e+19
-50.4997  8.01259e+19
-50.3824  7.63199e+19
-50.2651  7.17139e+19
-50.1478  6.66239e+19
-50.0305  6.1506e+19
-49.9132  5.66509e+19
-49.7959  5.23778e+19
-49.6786  4.88332e+19
-49.5613  4.6149e+19
-49.444  4.43273e+19
-49.3267  4.32689e+19
-49.2094  4.28213e+19
-49.092  4.28393e+19
-48.9747  4.30801e+19
-48.8574  4.34029e+19
-48.7401  4.36488e+19
-48.6228  4.37309e+19
-48.5055  4.36229e+19
-48.3882  4.33309e+19
-48.2709  4.29436e+19
-48.1536  4.25376e+19
-48.0363  4.21985e+19
-47.919  4.19699e+19
-47.8017  4.18878e+19
-47.6844  4.19283e+19
-47.5671  4.20691e+19
-47.4498  4.22364e+19
-47.3325  4.24273e+19
-47.2152  4.26033e+19
-47.0979  4.27732e+19
-46.9806  4.29366e+19
-46.8633  4.30834e+19
-46.7459  4.31283e+19
-46.6286  4.30328e+19
-46.5113  4.26947e+19
-46.394  4.21004e+19
-46.2767  4.12509e+19
-46.1594  4.02886e+19
-46.0421  3.94589e+19
-45.9248  3.90529e+19
-45.8075  3.93668e+19
-45.6902  4.06269e+19
-45.5729  4.28337e+19
-45.4556  4.58589e+19
-45.3383  4.92816e+19
-45.221  5.25807e+19
-45.1037  5.51204e+19
-44.9864  5.63376e+19
-44.8691  5.59114e+19
-44.7518  5.37634e+19
-44.6345  5.00952e+19
-44.5172  4.53458e+19
-44.3998  4.01411e+19
-44.2825  3.51037e+19
-44.1652  3.07959e+19
-44.0479  2.75688e+19
-43.9306  2.55976e+19
-43.8133  2.48476e+19
-43.696  2.51585e+19
-43.5787  2.6324e+19
-43.4614  2.81614e+19
-43.3441  3.05397e+19
-43.2268  3.34068e+19
-43.1095  3.67337e+19
-42.9922  4.05034e+19
-42.8749  4.46391e+19
-42.7576  4.89996e+19
-42.6403  5.33778e+19
-42.523  5.7531e+19
-42.4057  6.12376e+19
-42.2884  6.43791e+19
-42.171  6.6934e+19
-42.0537  6.89978e+19
-41.9364  7.0806e+19
-41.8191  7.26636e+19
-41.7018  7.49326e+19
-41.5845  7.78931e+19
-41.4672  8.17704e+19
-41.3499  8.66637e+19
-41.2326  9.25332e+19
-41.1153  9.91868e+19
-40.998  1.06299e+20
-40.8807  1.13393e+20
-40.7634  1.19989e+20
-40.6461  1.25504e+20
-40.5288  1.2949e+20
-40.4115  1.31494e+20
-40.2942  1.31285e+20
-40.1769  1.28898e+20
-40.0596  1.24641e+20
-39.9423  1.18994e+20
-39.825  1.1264e+20
-39.7076  1.06418e+20
-39.5903  1.01096e+20
-39.473  9.74119e+19
-39.3557  9.5839e+19
-39.2384  9.66834e+19
-39.1211  1.00024e+20
-39.0038  1.05739e+20
-38.8865  1.13579e+20
-38.7692  1.2322e+20
-38.6519  1.3426e+20
-38.5346  1.46316e+20
-38.4173  1.58925e+20
-38.3  1.71623e+20
-38.1827  1.83812e+20
-38.0654  1.94968e+20
-37.9481  2.04442e+20
-37.8308  2.11801e+20
-37.7135  2.16695e+20
-37.5962  2.19167e+20
-37.4789  2.19545e+20
-37.3615  2.18355e+20
-37.2442  2.16527e+20
-37.1269  2.14983e+20
-37.0096  2.14718e+20
-36.8923  2.16415e+20
-36.775  2.20469e+20
-36.6577  2.26909e+20
-36.5404  2.35406e+20
-36.4231  2.45316e+20
-36.3058  2.55779e+20
-36.1885  2.66044e+20
-36.0712  2.7542e+20
-35.9539  2.83459e+20
-35.8366  2.90015e+20
-35.7193  2.95097e+20
-35.602  2.9918e+20
-35.4847  3.02615e+20
-35.3674  3.05978e+20
-35.2501  3.09781e+20
-35.1328  3.14472e+20
-35.0154  3.2045e+20
-34.8981  3.27753e+20
-34.7808  3.36413e+20
-34.6635  3.46367e+20
-34.5462  3.57157e+20
-34.4289  3.68358e+20
-34.3116  3.79418e+20
-34.1943  3.89659e+20
-34.077  3.98338e+20
-33.9597  4.04994e+20
-33.8424  4.09114e+20
-33.7251  4.10653e+20
-33.6078  4.0953e+20
-33.4905  4.06154e+20
-33.3732  4.0112e+20
-33.2559  3.95069e+20
-33.1386  3.88905e+20
-33.0213  3.83345e+20
-32.904  3.79119e+20
-32.7867  3.76776e+20
-32.6693  3.76646e+20
-32.552  3.78871e+20
-32.4347  3.83238e+20
-32.3174  3.8939e+20
-32.2001  3.96816e+20
-32.0828  4.04811e+20
-31.9655  4.12689e+20
-31.8482  4.19656e+20
-31.7309  4.25039e+20
-31.6136  4.28357e+20
-31.4963  4.29219e+20
-31.379  4.27459e+20
-31.2617  4.2318e+20
-31.1444  4.16602e+20
-31.0271  4.08203e+20
-30.9098  3.98719e+20
-30.7925  3.88575e+20
-30.6752  3.78456e+20
-30.5579  3.68994e+20
-30.4406  3.6065e+20
-30.3232  3.53916e+20
-30.2059  3.49037e+20
-30.0886  3.46171e+20
-29.9713  3.45494e+20
-29.854  3.46936e+20
-29.7367  3.50219e+20
-29.6194  3.55247e+20
-29.5021  3.61566e+20
-29.3848  3.68759e+20
-29.2675  3.76468e+20
-29.1502  3.84107e+20
-29.0329  3.91268e+20
-28.9156  3.97491e+20
-28.7983  4.02377e+20
-28.681  4.05624e+20
-28.5637  4.06913e+20
-28.4464  4.06174e+20
-28.3291  4.03259e+20
-28.2118  3.98107e+20
-28.0944  3.90929e+20
-27.9771  3.81883e+20
-27.8598  3.71209e+20
-27.7425  3.5938e+20
-27.6252  3.46499e+20
-27.5079  3.33124e+20
-27.3906  3.19504e+20
-27.2733  3.0598e+20
-27.156  2.92768e+20
-27.0387  2.80062e+20
-26.9214  2.68137e+20
-26.8041  2.57187e+20
-26.6868  2.47399e+20
-26.5695  2.38942e+20
-26.4522  2.31973e+20
-26.3349  2.26706e+20
-26.2176  2.23149e+20
-26.1003  2.21339e+20
-25.983  2.21138e+20
-25.8657  2.22337e+20
-25.7483  2.24679e+20
-25.631  2.27848e+20
-25.5137  2.31581e+20
-25.3964  2.35443e+20
-25.2791  2.39091e+20
-25.1618  2.42246e+20
-25.0445  2.44564e+20
-24.9272  2.45803e+20
-24.8099  2.45727e+20
-24.6926  2.44293e+20
-24.5753  2.41516e+20
-24.458  2.37501e+20
-24.3407  2.32517e+20
-24.2234  2.26965e+20
-24.1061  2.21287e+20
-23.9888  2.15937e+20
-23.8715  2.11371e+20
-23.7542  2.07976e+20
-23.6369  2.06037e+20
-23.5196  2.05703e+20
-23.4023  2.07036e+20
-23.2849  2.09948e+20
-23.1676  2.14273e+20
-23.0503  2.19788e+20
-22.933  2.262e+20
-22.8157  2.33201e+20
-22.6984  2.40507e+20
-22.5811  2.47889e+20
-22.4638  2.55241e+20
-22.3465  2.62589e+20
-22.2292  2.7008e+20
-22.1119  2.78016e+20
-21.9946  2.86788e+20
-21.8773  2.9679e+20
-21.76  3.08338e+20
-21.6427  3.21579e+20
-21.5254  3.36458e+20
-21.4081  3.52652e+20
-21.2908  3.69648e+20
-21.1735  3.8678e+20
-21.0561  4.0334e+20
-20.9388  4.18732e+20
-20.8215  4.32413e+20
-20.7042  4.44308e+20
-20.5869  4.54467e+20
-20.4696  4.63362e+20
-20.3523  4.71618e+20
-20.235  4.80123e+20
-20.1177  4.8971e+20
-20.0004  5.01371e+20
-19.8831  5.15835e+20
-19.7658  5.33786e+20
-19.6485  5.55521e+20
-19.5312  5.81265e+20
-19.4139  6.10613e+20
-19.2966  6.43134e+20
-19.1793  6.77949e+20
-19.062  7.14081e+20
-18.9447  7.50233e+20
-18.8274  7.85226e+20
-18.71  8.18092e+20
-18.5927  8.48058e+20
-18.4754  8.74707e+20
-18.3581  8.98103e+20
-18.2408  9.18846e+20
-18.1235  9.37907e+20
-18.0062  9.56608e+20
-17.8889  9.76405e+20
-17.7716  9.98962e+20
-17.6543  1.02565e+21
-17.537  1.0577e+21
-17.4197  1.09593e+21
-17.3024  1.14084e+21
-17.1851  1.19229e+21
-17.0678  1.24961e+21
-16.9505  1.31185e+21
-16.8332  1.37764e+21
-16.7159  1.44515e+21
-16.5986  1.5124e+21
-16.4813  1.57752e+21
-16.364  1.63872e+21
-16.2466  1.6947e+21
-16.1293  1.7443e+21
-16.012  1.78725e+21
-15.8947  1.82375e+21
-15.7774  1.85475e+21
-15.6601  1.88168e+21
-15.5428  1.9065e+21
-15.4255  1.93112e+21
-15.3082  1.95799e+21
-15.1909  1.98942e+21
-15.0736  2.02711e+21
-14.9563  2.07272e+21
-14.839  2.12739e+21
-14.7217  2.19146e+21
-14.6044  2.26491e+21
-14.4871  2.34725e+21
-14.3698  2.43733e+21
-14.2525  2.53357e+21
-14.1352  2.63398e+21
-14.0178  2.73697e+21
-13.9005  2.84025e+21
-13.7832  2.94207e+21
-13.6659  3.04079e+21
-13.5486  3.13515e+21
-13.4313  3.22435e+21
-13.314  3.30794e+21
-13.1967  3.38581e+21
-13.0794  3.45885e+21
-12.9621  3.52707e+21
-12.8448  3.59195e+21
-12.7275  3.65404e+21
-12.6102  3.71455e+21
-12.4929  3.77427e+21
-12.3756  3.83372e+21
-12.2583  3.89371e+21
-12.141  3.95461e+21
-12.0237  4.01669e+21
-11.9064  4.07991e+21
-11.7891  4.14455e+21
-11.6718  4.21062e+21
-11.5544  4.27846e+21
-11.4371  4.34853e+21
-11.3198  4.421e+21
-11.2025  4.49659e+21
-11.0852  4.57601e+21
-10.9679  4.65995e+21
-10.8506  4.74904e+21
-10.7333  4.84375e+21
-10.616  4.94425e+21
-10.4987  5.0511e+21
-10.3814  5.16342e+21
-10.2641  5.2808e+21
-10.1468  5.40237e+21
-10.0295  5.52685e+21
-9.91217  5.65251e+21
-9.79487  5.77814e+21
-9.67756  5.90178e+21
-9.56026  6.02176e+21
-9.44295  6.13634e+21
-9.32565  6.24456e+21
-9.20834  6.3449e+21
-9.09104  6.4367e+21
-8.97373  6.51967e+21
-8.85643  6.5938e+21
-8.73913  6.65957e+21
-8.62182  6.71785e+21
-8.50452  6.77008e+21
-8.38721  6.81812e+21
-8.26991  6.86336e+21
-8.1526  6.90846e+21
-8.03529  6.95497e+21
-7.91799  7.00528e+21
-7.80069  7.0612e+21
-7.68338  7.12421e+21
-7.56608  7.19616e+21
-7.44877  7.27811e+21
-7.33146  7.3707e+21
-7.21416  7.47431e+21
-7.09685  7.58874e+21
-6.97955  7.71327e+21
-6.86224  7.84673e+21
-6.74494  7.988e+21
-6.62763  8.13421e+21
-6.51033  8.28329e+21
-6.39302  8.43255e+21
-6.27572  8.57892e+21
-6.15842  8.71962e+21
-6.04111  8.85183e+21
-5.92381  8.97284e+21
-5.8065  9.08117e+21
-5.68919  9.17473e+21
-5.57189  9.25283e+21
-5.45458  9.31511e+21
-5.33728  9.36246e+21
-5.21997  9.39563e+21
-5.10267  9.41682e+21
-4.98536  9.42814e+21
-4.86806  9.43248e+21
-4.75075  9.43266e+21
-4.63345  9.43203e+21
-4.51614  9.43313e+21
-4.39884  9.43862e+21
-4.28154  9.45111e+21
-4.16423  9.47211e+21
-4.04692  9.50265e+21
-3.92962  9.54347e+21
-3.81231  9.59495e+21
-3.69501  9.6564e+21
-3.5777  9.72696e+21
-3.4604  9.80533e+21
-3.34309  9.88983e+21
-3.22579  9.97845e+21
-3.10849  1.00691e+22
-2.99118  1.01596e+22
-2.87387  1.02479e+22
-2.75657  1.03319e+22
-2.63926  1.04097e+22
-2.52196  1.04795e+22
-2.40465  1.05398e+22
-2.28735  1.05892e+22
-2.17005  1.06266e+22
-2.05274  1.0652e+22
-1.93544  1.06642e+22
-1.81813  1.06638e+22
-1.70083  1.06512e+22
-1.58352  1.06271e+22
-1.46622  1.05929e+22
-1.34891  1.05499e+22
-1.2316  1.05e+22
-1.1143  1.04452e+22
-0.996995  1.03874e+22
-0.87969  1.03291e+22
-0.762385  1.02718e+22
-0.64508  1.02185e+22
-0.527775  1.01705e+22
-0.41047  1.01297e+22
-0.293165  1.00979e+22
-0.17586  1.0076e+22
-0.058555  1.00653e+22
0.05875  1.00658e+22
0.176055  1.00778e+22
0.29336  1.01004e+22
0.410665  1.01334e+22
0.52797  1.0175e+22
0.645275  1.02237e+22
0.76258  1.02779e+22
0.879885  1.03355e+22
0.99719  1.03943e+22
1.1145  1.04524e+22
1.2318  1.05073e+22
1.3491  1.05574e+22
1.46641  1.06004e+22
1.58371  1.06347e+22
1.70102  1.06588e+22
1.81832  1.06715e+22
1.93563  1.06718e+22
2.05294  1.06596e+22
2.17024  1.06347e+22
2.28754  1.05974e+22
2.40485  1.05482e+22
2.52216  1.04883e+22
2.63946  1.0419e+22
2.75677  1.03416e+22
2.87407  1.02581e+22
2.99137  1.01701e+22
3.10868  1.00801e+22
3.22599  9.98991e+21
3.34329  9.9019e+21
3.4606  9.81814e+21
3.5779  9.74036e+21
3.69521  9.67033e+21
3.81251  9.60976e+21
3.92982  9.5589e+21
4.04712  9.51869e+21
4.16443  9.48905e+21
4.28173  9.46901e+21
4.39903  9.45746e+21
4.51634  9.45271e+21
4.63364  9.45258e+21
4.75095  9.45402e+21
4.86825  9.45442e+21
4.98556  9.4506e+21
5.10286  9.43967e+21
5.22017  9.41872e+21
5.33748  9.38569e+21
5.45478  9.33849e+21
5.57209  9.27602e+21
5.68939  9.19768e+21
5.8067  9.10377e+21
5.924  8.99519e+21
6.0413  8.87373e+21
6.15861  8.74124e+21
6.27591  8.6002e+21
6.39322  8.45375e+21
6.51052  8.30463e+21
6.62783  8.1554e+21
6.74514  8.00935e+21
6.86244  7.86867e+21
6.97975  7.73541e+21
7.09705  7.61145e+21
7.21436  7.49767e+21
7.33166  7.39467e+21
7.44897  7.3027e+21
7.56627  7.22147e+21
7.68358  7.14998e+21
7.80088  7.0873e+21
7.91819  7.03167e+21
8.03549  6.98171e+21
8.1528  6.93545e+21
8.2701  6.89048e+21
8.38741  6.84506e+21
8.50471  6.79709e+21
8.62202  6.74469e+21
8.73932  6.68604e+21
8.85662  6.6202e+21
8.97393  6.54598e+21
9.09123  6.46278e+21
9.20854  6.37081e+21
9.32584  6.27053e+21
9.44315  6.16227e+21
9.56045  6.04749e+21
9.67776  5.92757e+21
9.79506  5.80388e+21
9.91237  5.67834e+21
10.0297  5.55262e+21
10.147  5.42827e+21
10.2643  5.30684e+21
10.3816  5.18938e+21
10.4989  5.07712e+21
10.6162  4.97041e+21
10.7335  4.86973e+21
10.8508  4.77494e+21
10.9681  4.68574e+21
11.0854  4.60188e+21
11.2027  4.52241e+21
11.32  4.44664e+21
11.4373  4.374e+21
11.5546  4.30387e+21
11.6719  4.23576e+21
11.7893  4.16964e+21
11.9066  4.10487e+21
12.0239  4.04131e+21
12.1412  3.9792e+21
12.2585  3.91816e+21
12.3758  3.85794e+21
12.4931  3.79815e+21
12.6104  3.7382e+21
12.7277  3.67743e+21
12.845  3.61508e+21
12.9623  3.54983e+21
13.0796  3.48117e+21
13.1969  3.40786e+21
13.3142  3.32949e+21
13.4315  3.24545e+21
13.5488  3.15582e+21
13.6661  3.06105e+21
13.7834  2.9618e+21
13.9007  2.85954e+21
14.018  2.75596e+21
14.1354  2.65261e+21
14.2527  2.55171e+21
14.37  2.45534e+21
14.4873  2.36501e+21
14.6046  2.2825e+21
14.7219  2.2088e+21
14.8392  2.14468e+21
14.9565  2.09003e+21
15.0738  2.04431e+21
15.1911  2.00665e+21
15.3084  1.9752e+21
15.4257  1.94816e+21
15.543  1.92332e+21
15.6603  1.89842e+21
15.7776  1.87136e+21
15.8949  1.8401e+21
16.0122  1.80324e+21
16.1295  1.75984e+21
16.2468  1.70974e+21
16.3641  1.65334e+21
16.4815  1.59167e+21
16.5988  1.52606e+21
16.7161  1.45824e+21
16.8334  1.39043e+21
16.9507  1.32428e+21
17.068  1.26171e+21
17.1853  1.20411e+21
17.3026  1.15251e+21
17.4199  1.10751e+21
17.5372  1.06919e+21
17.6545  1.037e+21
17.7718  1.0103e+21
17.8891  9.87628e+20
18.0064  9.67745e+20
18.1237  9.48882e+20
18.241  9.29568e+20
18.3583  9.08551e+20
18.4756  8.84798e+20
18.5929  8.57795e+20
18.7102  8.27444e+20
18.8275  7.94144e+20
18.9449  7.58727e+20
19.0622  7.2224e+20
19.1795  6.85797e+20
19.2968  6.50655e+20
19.4141  6.17891e+20
19.5314  5.88352e+20
19.6487  5.62497e+20
19.766  5.40616e+20
19.8833  5.22607e+20
20.0006  5.08024e+20
20.1179  4.96276e+20
20.2352  4.86555e+20
20.3525  4.7794e+20
20.4698  4.69539e+20
20.5871  4.60455e+20
20.7044  4.50064e+20
20.8217  4.3791e+20
20.939  4.23908e+20
21.0563  4.08248e+20
21.1736  3.91386e+20
21.291  3.73989e+20
21.4083  3.56681e+20
21.5256  3.40255e+20
21.6429  3.25137e+20
21.7602  3.11685e+20
21.8775  2.99923e+20
21.9948  2.89722e+20
22.1121  2.80724e+20
22.2294  2.72544e+20
22.3467  2.64812e+20
22.464  2.57224e+20
22.5813  2.49603e+20
22.6986  2.41969e+20
22.8159  2.34415e+20
22.9332  2.27165e+20
23.0505  2.20516e+20
23.1678  2.14786e+20
23.2851  2.10254e+20
23.4024  2.07164e+20
23.5198  2.05669e+20
23.6371  2.05859e+20
23.7544  2.07662e+20
23.8717  2.10935e+20
23.989  2.15389e+20
24.1063  2.20616e+20
24.2236  2.26178e+20
24.3409  2.3163e+20
24.4582  2.36483e+20
24.5755  2.40386e+20
24.6928  2.43083e+20
24.8101  2.44419e+20
24.9274  2.44394e+20
25.0447  2.43098e+20
25.162  2.40733e+20
25.2793  2.37589e+20
25.3966  2.33888e+20
25.5139  2.30058e+20
25.6312  2.26376e+20
25.7485  2.23205e+20
25.8658  2.20916e+20
25.9832  2.19737e+20
26.1005  2.20025e+20
26.2178  2.21905e+20
26.3351  2.25493e+20
26.4524  2.3077e+20
26.5697  2.3773e+20
26.687  2.46185e+20
26.8043  2.55983e+20
26.9216  2.6695e+20
27.0389  2.78839e+20
27.1562  2.91513e+20
27.2735  3.04702e+20
27.3908  3.18215e+20
27.5081  3.31827e+20
27.6254  3.45193e+20
27.7427  3.58038e+20
27.86  3.6991e+20
27.9773  3.8055e+20
28.0946  3.89616e+20
28.212  3.96755e+20
28.3293  4.0187e+20
28.4466  4.04743e+20
28.5639  4.05459e+20
28.6812  4.04089e+20
28.7985  4.00813e+20
28.9158  3.95926e+20
29.0331  3.89691e+20
29.1504  3.82532e+20
29.2677  3.74947e+20
29.385  3.67349e+20
29.5023  3.60241e+20
29.6196  3.54006e+20
29.7369  3.49149e+20
29.8542  3.45975e+20
29.9715  3.4476e+20
30.0888  3.45588e+20
30.2061  3.48521e+20
30.3234  3.53512e+20
30.4407  3.60375e+20
30.558  3.68771e+20
30.6754  3.78253e+20
30.7927  3.88347e+20
30.91  3.985e+20
31.0273  4.08033e+20
31.1446  4.16292e+20
31.2619  4.22836e+20
31.3792  4.27075e+20
31.4965  4.28809e+20
31.6138  4.28023e+20
31.7311  4.24724e+20
31.8484  4.19389e+20
31.9657  4.12501e+20
32.083  4.04751e+20
32.2003  3.96881e+20
32.3176  3.89571e+20
32.4349  3.83574e+20
32.5522  3.7931e+20
32.6695  3.77176e+20
32.7868  3.77392e+20
32.9042  3.79787e+20
33.0215  3.84023e+20
33.1388  3.89603e+20
33.2561  3.95761e+20
33.3734  4.01792e+20
33.4907  4.06817e+20
33.608  4.10182e+20
33.7253  4.11274e+20
33.8426  4.09737e+20
33.9599  4.05654e+20
34.0772  3.99034e+20
34.1945  3.90397e+20
34.3118  3.80236e+20
34.4291  3.6931e+20
34.5464  3.58229e+20
34.6637  3.47502e+20
34.781  3.37692e+20
34.8983  3.29054e+20
35.0156  3.21799e+20
35.1329  3.15976e+20
35.2503  3.11313e+20
35.3676  3.07563e+20
35.4849  3.04145e+20
35.6022  3.00698e+20
35.7195  2.96616e+20
35.8368  2.91448e+20
35.9541  2.84868e+20
36.0714  2.76725e+20
36.1887  2.67326e+20
36.306  2.57051e+20
36.4233  2.46511e+20
36.5406  2.36613e+20
36.6579  2.28165e+20
36.7752  2.21756e+20
36.8925  2.17726e+20
37.0098  2.16112e+20
37.1271  2.164e+20
37.2444  2.17967e+20
37.3617  2.19777e+20
37.479  2.2091e+20
37.5964  2.20536e+20
37.7137  2.17962e+20
37.831  2.12992e+20
37.9483  2.05516e+20
38.0656  1.95974e+20
38.1829  1.84751e+20
38.3002  1.72457e+20
38.4175  1.59714e+20
38.5348  1.47039e+20
38.6521  1.34954e+20
38.7694  1.23888e+20
38.8867  1.14247e+20
39.004  1.06439e+20
39.1213  1.00776e+20
39.2386  9.75271e+19
39.3559  9.67705e+19
39.4732  9.84446e+19
39.5905  1.02239e+20
39.7078  1.07649e+20
39.8251  1.1394e+20
39.9425  1.20308e+20
40.0598  1.26012e+20
40.1771  1.30241e+20
40.2944  1.32541e+20
40.4117  1.32658e+20
40.529  1.30576e+20
40.6463  1.2648e+20
40.7636  1.20847e+20
40.8809  1.14176e+20
40.9982  1.0697e+20
41.1155  9.98023e+19
41.2328  9.31069e+19
41.3501  8.72214e+19
41.4674  8.2309e+19
41.5847  7.84355e+19
41.702  7.55028e+19
41.8193  7.32339e+19
41.9366  7.13834e+19
42.0539  6.95644e+19
42.1712  6.74701e+19
42.2885  6.48786e+19
42.4059  6.16801e+19
42.5232  5.79028e+19
42.6405  5.36781e+19
42.7578  4.92365e+19
42.8751  4.48166e+19
42.9924  4.06326e+19
43.1097  3.68288e+19
43.227  3.34796e+19
43.3443  3.0611e+19
43.4616  2.82376e+19
43.5789  2.64305e+19
43.6962  2.52982e+19
43.8135  2.50325e+19
43.9308  2.58334e+19
44.0481  2.78567e+19
44.1654  3.11269e+19
44.2827  3.54728e+19
44.4  4.05117e+19
44.5173  4.56918e+19
44.6347  5.03869e+19
44.752  5.40115e+19
44.8693  5.60791e+19
44.9866  5.63998e+19
45.1039  5.50918e+19
45.2212  5.24958e+19
45.3385  4.9154e+19
45.4558  4.57185e+19
45.5731  4.27035e+19
45.6904  4.04946e+19
45.8077  3.92843e+19
45.925  3.89938e+19
46.0423  3.94206e+19
46.1596  4.02597e+19
46.2769  4.12204e+19
46.3942  4.20628e+19
46.5115  4.26467e+19
46.6288  4.29659e+19
46.7461  4.30467e+19
46.8634  4.29644e+19
46.9808  4.28165e+19
47.0981  4.26261e+19
47.2154  4.24399e+19
47.3327  4.22282e+19
47.45  4.20363e+19
47.5673  4.18494e+19
47.6846  4.16825e+19
47.8019  4.1632e+19
47.9192  4.1713e+19
48.0365  4.19332e+19
48.1538  4.22901e+19
48.2711  4.26864e+19
48.3884  4.3087e+19
48.5057  4.33652e+19
48.623  4.34998e+19
48.7403  4.34263e+19
48.8576  4.31839e+19
48.9749  4.28844e+19
49.0922  4.2658e+19
49.2095  4.26668e+19
49.3269  4.31359e+19
49.4442  4.42338e+19
49.5615  4.60843e+19
49.6788  4.87611e+19
49.7961  5.23084e+19
49.9134  5.65655e+19
50.0307  6.13898e+19
50.148  6.6522e+19
50.2653  7.15648e+19
50.3826  7.61394e+19
50.4999  7.99155e+19
50.6172  8.25692e+19
50.7345  8.38954e+19
50.8518  8.38283e+19
50.9691  8.24852e+19
51.0864  8.00397e+19
51.2037  7.68246e+19
51.321  7.31486e+19
51.4383  6.93732e+19
51.5556  6.57717e+19
51.673  6.25356e+19
51.7903  5.98458e+19
51.9076  5.77254e+19
52.0249  5.61614e+19
52.1422  5.50832e+19
52.2595  5.44034e+19
52.3768  5.40407e+19
52.4941  5.3914e+19
52.6114  5.39764e+19
52.7287  5.42167e+19
52.846  5.46915e+19
52.9633  5.54886e+19
53.0806  5.66949e+19
53.1979  5.84297e+19
53.3152  6.07353e+19
53.4325  6.36489e+19
53.5498  6.71137e+19
53.6671  7.09187e+19
53.7844  7.48115e+19
53.9017  7.84784e+19
54.0191  8.16026e+19
54.1364  8.3867e+19
54.2537  8.51355e+19
54.371  8.51938e+19
54.4883  8.40321e+19
54.6056  8.16674e+19
54.7229  7.82336e+19
54.8402  7.38868e+19
54.9575  6.88975e+19
55.0748  6.35724e+19
55.1921  5.82854e+19
55.3094  5.34761e+19
55.4267  4.96133e+19
55.544  4.7138e+19
55.6613  4.63593e+19
55.7786  4.74479e+19
55.8959  5.03788e+19
56.0132  5.47907e+19
56.1305  6.01835e+19
56.2478  6.58542e+19
56.3651  7.10256e+19
56.4825  7.50769e+19
56.5998  7.74726e+19
56.7171  7.79684e+19
56.8344  7.64986e+19
56.9517  7.33348e+19
57.069  6.88585e+19
57.1863  6.3431e+19
57.3036  5.75952e+19
57.4209  5.17309e+19
57.5382  4.62184e+19
57.6555  4.14087e+19
57.7728  3.75404e+19
57.8901  3.49143e+19
58.0074  3.37017e+19
58.1247  3.40638e+19
58.242  3.60128e+19
58.3593  3.93284e+19
58.4766  4.36576e+19
58.5939  4.85534e+19
