#S 1 spectral density
#N 2
#UFWHM 12.7862
#L  abscissas [um]  spectral density
-58.5938  1.5908e+19
-58.4764  1.81301e+19
-58.3591  2.03529e+19
-58.2418  2.22308e+19
-58.1245  2.33994e+19
-58.0072  2.34487e+19
-57.8899  2.21857e+19
-57.7726  1.95815e+19
-57.6553  1.58652e+19
-57.538  1.1534e+19
-57.4207  7.25175e+18
-57.3034  3.68092e+18
-57.1861  1.39001e+18
-57.0688  6.90484e+17
-56.9515  1.57222e+18
-56.8342  3.71243e+18
-56.7169  6.55281e+18
-56.5996  9.43246e+18
-56.4823  1.1741e+19
-56.365  1.30477e+19
-56.2477  1.31409e+19
-56.1303  1.21174e+19
-56.013  1.02422e+19
-55.8957  7.92537e+18
-55.7784  5.56056e+18
-55.6611  3.49198e+18
-55.5438  1.93245e+18
-55.4265  9.29796e+17
-55.3092  4.421e+17
-55.1919  3.39048e+17
-55.0746  4.71632e+17
-54.9573  7.02594e+17
-54.84  9.30744e+17
-54.7227  1.09744e+18
-54.6054  1.17827e+18
-54.4881  1.18611e+18
-54.3708  1.16809e+18
-54.2535  1.20391e+18
-54.1362  1.4096e+18
-54.0189  1.93566e+18
-53.9016  2.93925e+18
-53.7842  4.55857e+18
-53.6669  6.87928e+18
-53.5496  9.86474e+18
-53.4323  1.33892e+19
-53.315  1.71657e+19
-53.1977  2.08275e+19
-53.0804  2.39886e+19
-52.9631  2.62098e+19
-52.8458  2.71775e+19
-52.7285  2.67332e+19
-52.6112  2.48309e+19
-52.4939  2.16479e+19
-52.3766  1.75098e+19
-52.2593  1.29159e+19
-52.142  8.41384e+18
-52.0247  4.60268e+18
-51.9074  2.04604e+18
-51.7901  1.21583e+18
-51.6728  2.43062e+18
-51.5555  5.80254e+18
-51.4381  1.12281e+19
-51.3208  1.83413e+19
-51.2035  2.6601e+19
-51.0862  3.5274e+19
-50.9689  4.3624e+19
-50.8516  5.09228e+19
-50.7343  5.65153e+19
-50.617  6.00121e+19
-50.4997  6.12831e+19
-50.3824  6.03522e+19
-50.2651  5.75767e+19
-50.1478  5.32875e+19
-50.0305  4.80641e+19
-49.9132  4.22741e+19
-49.7959  3.63514e+19
-49.6786  3.06006e+19
-49.5613  2.51826e+19
-49.444  2.01903e+19
-49.3267  1.56582e+19
-49.2094  1.15946e+19
-49.092  8.00719e+18
-48.9747  4.96496e+18
-48.8574  2.56394e+18
-48.7401  9.5511e+17
-48.6228  3.0647e+17
-48.5055  7.85931e+17
-48.3882  2.5093e+18
-48.2709  5.49189e+18
-48.1536  9.61028e+18
-48.0363  1.46005e+19
-47.919  2.00294e+19
-47.8017  2.53662e+19
-47.6844  3.00342e+19
-47.5671  3.35154e+19
-47.4498  3.54361e+19
-47.3325  3.5572e+19
-47.2152  3.39904e+19
-47.0979  3.09261e+19
-46.9806  2.68382e+19
-46.8633  2.22206e+19
-46.7459  1.75319e+19
-46.6286  1.32027e+19
-46.5113  9.46848e+18
-46.394  6.47606e+18
-46.2767  4.20339e+18
-46.1594  2.60187e+18
-46.0421  1.59849e+18
-45.9248  1.1156e+18
-45.8075  1.09216e+18
-45.6902  1.46338e+18
-45.5729  2.12092e+18
-45.4556  2.92449e+18
-45.3383  3.65986e+18
-45.221  4.13746e+18
-45.1037  4.18296e+18
-44.9864  3.7393e+18
-44.8691  2.90477e+18
-44.7518  1.91794e+18
-44.6345  1.11417e+18
-44.5172  8.53086e+17
-44.3998  1.39358e+18
-44.2825  2.81412e+18
-44.1652  4.95018e+18
-44.0479  7.4353e+18
-43.9306  9.73217e+18
-43.8133  1.13266e+19
-43.696  1.18075e+19
-43.5787  1.10218e+19
-43.4614  9.13216e+18
-43.3441  6.59423e+18
-43.2268  4.06237e+18
-43.1095  2.26124e+18
-42.9922  1.80536e+18
-42.8749  3.07653e+18
-42.7576  6.15046e+18
-42.6403  1.07459e+19
-42.523  1.63576e+19
-42.4057  2.22692e+19
-42.2884  2.77962e+19
-42.171  3.23183e+19
-42.0537  3.53946e+19
-41.9364  3.6836e+19
-41.8191  3.66045e+19
-41.7018  3.49422e+19
-41.5845  3.20768e+19
-41.4672  2.83857e+19
-41.3499  2.4192e+19
-41.2326  1.98213e+19
-41.1153  1.55354e+19
-40.998  1.15703e+19
-40.8807  8.15262e+18
-40.7634  5.51319e+18
-40.6461  3.90488e+18
-40.5288  3.62159e+18
-40.4115  5.00709e+18
-40.2942  8.44414e+18
-40.1769  1.42763e+19
-40.0596  2.27788e+19
-39.9423  3.40433e+19
-39.825  4.78802e+19
-39.7076  6.37176e+19
-39.5903  8.06651e+19
-39.473  9.74011e+19
-39.3557  1.12398e+20
-39.2384  1.24068e+20
-39.1211  1.3097e+20
-39.0038  1.32101e+20
-38.8865  1.27076e+20
-38.7692  1.16221e+20
-38.6519  1.00608e+20
-38.5346  8.18572e+19
-38.4173  6.19531e+19
-38.3  4.291e+19
-38.1827  2.65166e+19
-38.0654  1.40004e+19
-37.9481  5.99905e+18
-37.8308  2.41863e+18
-37.7135  2.61126e+18
-37.5962  5.52493e+18
-37.4789  9.95729e+18
-37.3615  1.47452e+19
-37.2442  1.89769e+19
-37.1269  2.20699e+19
-37.0096  2.3801e+19
-36.8923  2.42319e+19
-36.775  2.36321e+19
-36.6577  2.23592e+19
-36.5404  2.08388e+19
-36.4231  1.93772e+19
-36.3058  1.82459e+19
-36.1885  1.7607e+19
-36.0712  1.75662e+19
-35.9539  1.81327e+19
-35.8366  1.92788e+19
-35.7193  2.08665e+19
-35.602  2.26953e+19
-35.4847  2.45434e+19
-35.3674  2.61194e+19
-35.2501  2.71482e+19
-35.1328  2.74002e+19
-35.0154  2.67525e+19
-34.8981  2.52173e+19
-34.7808  2.29282e+19
-34.6635  2.00994e+19
-34.5462  1.7033e+19
-34.4289  1.40465e+19
-34.3116  1.13513e+19
-34.1943  9.0997e+18
-34.077  7.34536e+18
-33.9597  6.03556e+18
-33.8424  5.07749e+18
-33.7251  4.35399e+18
-33.6078  3.78746e+18
-33.4905  3.34098e+18
-33.3732  3.03014e+18
-33.2559  2.91237e+18
-33.1386  3.05163e+18
-33.0213  3.50222e+18
-32.904  4.28913e+18
-32.7867  5.39576e+18
-32.6693  6.76703e+18
-32.552  8.34142e+18
-32.4347  1.00409e+19
-32.3174  1.18383e+19
-32.2001  1.37135e+19
-32.0828  1.56913e+19
-31.9655  1.78274e+19
-31.8482  2.0214e+19
-31.7309  2.29406e+19
-31.6136  2.60821e+19
-31.4963  2.96993e+19
-31.379  3.38095e+19
-31.2617  3.83747e+19
-31.1444  4.32734e+19
-31.0271  4.82642e+19
-30.9098  5.31439e+19
-30.7925  5.75001e+19
-30.6752  6.10314e+19
-30.5579  6.34261e+19
-30.4406  6.44543e+19
-30.3232  6.41046e+19
-30.2059  6.24226e+19
-30.0886  5.97398e+19
-29.9713  5.65669e+19
-29.854  5.34686e+19
-29.7367  5.11029e+19
-29.6194  5.01348e+19
-29.5021  5.11169e+19
-29.3848  5.44305e+19
-29.2675  6.02848e+19
-29.1502  6.86214e+19
-29.0329  7.92066e+19
-28.9156  9.15037e+19
-28.7983  1.04795e+20
-28.681  1.18283e+20
-28.5637  1.30973e+20
-28.4464  1.42023e+20
-28.3291  1.50564e+20
-28.2118  1.55946e+20
-28.0944  1.57803e+20
-27.9771  1.56062e+20
-27.8598  1.509e+20
-27.7425  1.42886e+20
-27.6252  1.32581e+20
-27.5079  1.209e+20
-27.3906  1.08591e+20
-27.2733  9.64108e+19
-27.156  8.49518e+19
-27.0387  7.45856e+19
-26.9214  6.5576e+19
-26.8041  5.79541e+19
-26.6868  5.16451e+19
-26.5695  4.64441e+19
-26.4522  4.21458e+19
-26.3349  3.85651e+19
-26.2176  3.55103e+19
-26.1003  3.29296e+19
-25.983  3.08023e+19
-25.8657  2.9241e+19
-25.7483  2.84924e+19
-25.631  2.88405e+19
-25.5137  3.06611e+19
-25.3964  3.42641e+19
-25.2791  3.9899e+19
-25.1618  4.76668e+19
-25.0445  5.75125e+19
-24.9272  6.91131e+19
-24.8099  8.20368e+19
-24.6926  9.56824e+19
-24.5753  1.09388e+20
-24.458  1.22485e+20
-24.3407  1.34412e+20
-24.2234  1.44738e+20
-24.1061  1.53209e+20
-23.9888  1.59718e+20
-23.8715  1.64327e+20
-23.7542  1.67203e+20
-23.6369  1.68678e+20
-23.5196  1.69117e+20
-23.4023  1.68873e+20
-23.2849  1.68344e+20
-23.1676  1.67899e+20
-23.0503  1.67769e+20
-22.933  1.68212e+20
-22.8157  1.69196e+20
-22.6984  1.70622e+20
-22.5811  1.7231e+20
-22.4638  1.73978e+20
-22.3465  1.75333e+20
-22.2292  1.76178e+20
-22.1119  1.76379e+20
-21.9946  1.7591e+20
-21.8773  1.7494e+20
-21.76  1.73746e+20
-21.6427  1.72639e+20
-21.5254  1.72018e+20
-21.4081  1.7235e+20
-21.2908  1.7407e+20
-21.1735  1.77656e+20
-21.0561  1.83585e+20
-20.9388  1.92242e+20
-20.8215  2.04002e+20
-20.7042  2.1916e+20
-20.5869  2.37799e+20
-20.4696  2.59716e+20
-20.3523  2.84486e+20
-20.235  3.11334e+20
-20.1177  3.39377e+20
-20.0004  3.67478e+20
-19.8831  3.94261e+20
-19.7658  4.18914e+20
-19.6485  4.40446e+20
-19.5312  4.5831e+20
-19.4139  4.72167e+20
-19.2966  4.82079e+20
-19.1793  4.88247e+20
-19.062  4.91011e+20
-18.9447  4.90793e+20
-18.8274  4.88083e+20
-18.71  4.83123e+20
-18.5927  4.76341e+20
-18.4754  4.68017e+20
-18.3581  4.58309e+20
-18.2408  4.47643e+20
-18.1235  4.36234e+20
-18.0062  4.24478e+20
-17.8889  4.12791e+20
-17.7716  4.01511e+20
-17.6543  3.91362e+20
-17.537  3.82731e+20
-17.4197  3.76342e+20
-17.3024  3.72752e+20
-17.1851  3.72629e+20
-17.0678  3.76522e+20
-16.9505  3.8486e+20
-16.8332  3.97956e+20
-16.7159  4.16017e+20
-16.5986  4.39001e+20
-16.4813  4.66801e+20
-16.364  4.99181e+20
-16.2466  5.35881e+20
-16.1293  5.76364e+20
-16.012  6.20536e+20
-15.8947  6.67836e+20
-15.7774  7.17941e+20
-15.6601  7.70324e+20
-15.5428  8.24363e+20
-15.4255  8.79083e+20
-15.3082  9.33727e+20
-15.1909  9.86937e+20
-15.0736  1.03762e+21
-14.9563  1.08447e+21
-14.839  1.12664e+21
-14.7217  1.16302e+21
-14.6044  1.19336e+21
-14.4871  1.21748e+21
-14.3698  1.2358e+21
-14.2525  1.24886e+21
-14.1352  1.25765e+21
-14.0178  1.26326e+21
-13.9005  1.26696e+21
-13.7832  1.2699e+21
-13.6659  1.27312e+21
-13.5486  1.27775e+21
-13.4313  1.28467e+21
-13.314  1.29456e+21
-13.1967  1.30804e+21
-13.0794  1.32597e+21
-12.9621  1.34883e+21
-12.8448  1.37729e+21
-12.7275  1.41193e+21
-12.6102  1.45347e+21
-12.4929  1.50237e+21
-12.3756  1.55885e+21
-12.2583  1.62312e+21
-12.141  1.6949e+21
-12.0237  1.77362e+21
-11.9064  1.85815e+21
-11.7891  1.94723e+21
-11.6718  2.03933e+21
-11.5544  2.1326e+21
-11.4371  2.22515e+21
-11.3198  2.31539e+21
-11.2025  2.40188e+21
-11.0852  2.48375e+21
-10.9679  2.56066e+21
-10.8506  2.63283e+21
-10.7333  2.70103e+21
-10.616  2.76669e+21
-10.4987  2.83185e+21
-10.3814  2.89836e+21
-10.2641  2.96836e+21
-10.1468  3.0444e+21
-10.0295  3.12804e+21
-9.91217  3.2206e+21
-9.79487  3.32333e+21
-9.67756  3.43616e+21
-9.56026  3.5587e+21
-9.44295  3.68967e+21
-9.32565  3.82784e+21
-9.20834  3.97082e+21
-9.09104  4.11655e+21
-8.97373  4.26279e+21
-8.85643  4.40797e+21
-8.73913  4.55055e+21
-8.62182  4.68981e+21
-8.50452  4.82583e+21
-8.38721  4.95985e+21
-8.26991  5.09297e+21
-8.1526  5.22793e+21
-8.03529  5.36696e+21
-7.91799  5.51327e+21
-7.80069  5.66971e+21
-7.68338  5.83868e+21
-7.56608  6.02256e+21
-7.44877  6.22291e+21
-7.33146  6.44035e+21
-7.21416  6.67465e+21
-7.09685  6.92493e+21
-6.97955  7.18943e+21
-6.86224  7.46562e+21
-6.74494  7.75068e+21
-6.62763  8.04077e+21
-6.51033  8.33267e+21
-6.39302  8.62289e+21
-6.27572  8.908e+21
-6.15842  9.18508e+21
-6.04111  9.45134e+21
-5.92381  9.7044e+21
-5.8065  9.94248e+21
-5.68919  1.01636e+22
-5.57189  1.03664e+22
-5.45458  1.05495e+22
-5.33728  1.07122e+22
-5.21997  1.08536e+22
-5.10267  1.09735e+22
-4.98536  1.1072e+22
-4.86806  1.11496e+22
-4.75075  1.12078e+22
-4.63345  1.12485e+22
-4.51614  1.12743e+22
-4.39884  1.12884e+22
-4.28154  1.12954e+22
-4.16423  1.13001e+22
-4.04692  1.13069e+22
-3.92962  1.13217e+22
-3.81231  1.13499e+22
-3.69501  1.13963e+22
-3.5777  1.14656e+22
-3.4604  1.15613e+22
-3.34309  1.16855e+22
-3.22579  1.18397e+22
-3.10849  1.20242e+22
-2.99118  1.22372e+22
-2.87387  1.24763e+22
-2.75657  1.27382e+22
-2.63926  1.30182e+22
-2.52196  1.33114e+22
-2.40465  1.36127e+22
-2.28735  1.39162e+22
-2.17005  1.42173e+22
-2.05274  1.45113e+22
-1.93544  1.47937e+22
-1.81813  1.50615e+22
-1.70083  1.53125e+22
-1.58352  1.55447e+22
-1.46622  1.57577e+22
-1.34891  1.59509e+22
-1.2316  1.61248e+22
-1.1143  1.62801e+22
-0.996995  1.64174e+22
-0.87969  1.65379e+22
-0.762385  1.66413e+22
-0.64508  1.67295e+22
-0.527775  1.68022e+22
-0.41047  1.68599e+22
-0.293165  1.69028e+22
-0.17586  1.69312e+22
-0.058555  1.69452e+22
0.05875  1.69446e+22
0.176055  1.69296e+22
0.29336  1.69001e+22
0.410665  1.68562e+22
0.52797  1.67972e+22
0.645275  1.67231e+22
0.76258  1.66337e+22
0.879885  1.65287e+22
0.99719  1.64069e+22
1.1145  1.62682e+22
1.2318  1.61114e+22
1.3491  1.5936e+22
1.46641  1.57414e+22
1.58371  1.55271e+22
1.70102  1.52936e+22
1.81832  1.50414e+22
1.93563  1.47725e+22
2.05294  1.44892e+22
2.17024  1.41947e+22
2.28754  1.38932e+22
2.40485  1.3589e+22
2.52216  1.32876e+22
2.63946  1.29942e+22
2.75677  1.2714e+22
2.87407  1.24522e+22
2.99137  1.22129e+22
3.10868  1.19998e+22
3.22599  1.18154e+22
3.34329  1.16612e+22
3.4606  1.15369e+22
3.5779  1.14414e+22
3.69521  1.13721e+22
3.81251  1.13257e+22
3.92982  1.12973e+22
4.04712  1.12822e+22
4.16443  1.12752e+22
4.28173  1.12703e+22
4.39903  1.12628e+22
4.51634  1.1248e+22
4.63364  1.12217e+22
4.75095  1.11802e+22
4.86825  1.11211e+22
4.98556  1.10422e+22
5.10286  1.09427e+22
5.22017  1.08212e+22
5.33748  1.06785e+22
5.45478  1.05144e+22
5.57209  1.03299e+22
5.68939  1.01258e+22
5.8067  9.90344e+21
5.924  9.66429e+21
6.0413  9.41045e+21
6.15861  9.14365e+21
6.27591  8.86609e+21
6.39322  8.58103e+21
6.51052  8.29097e+21
6.62783  7.99937e+21
6.74514  7.70982e+21
6.86244  7.42573e+21
6.97975  7.15036e+21
7.09705  6.88686e+21
7.21436  6.63756e+21
7.33166  6.40406e+21
7.44897  6.18765e+21
7.56627  5.98829e+21
7.68358  5.80509e+21
7.80088  5.63674e+21
7.91819  5.48081e+21
8.03549  5.33506e+21
8.1528  5.19655e+21
8.2701  5.06211e+21
8.38741  4.92939e+21
8.50471  4.79597e+21
8.62202  4.66063e+21
8.73932  4.52198e+21
8.85662  4.38029e+21
8.97393  4.23608e+21
9.09123  4.09072e+21
9.20854  3.94604e+21
9.32584  3.80412e+21
9.44315  3.66707e+21
9.56045  3.53689e+21
9.67776  3.4154e+21
9.79506  3.30329e+21
9.91237  3.20133e+21
10.0297  3.1093e+21
10.147  3.02628e+21
10.2643  2.95075e+21
10.3816  2.88096e+21
10.4989  2.81475e+21
10.6162  2.74989e+21
10.7335  2.68437e+21
10.8508  2.61635e+21
10.9681  2.54436e+21
11.0854  2.46783e+21
11.2027  2.38629e+21
11.32  2.3001e+21
11.4373  2.21028e+21
11.5546  2.11813e+21
11.6719  2.02529e+21
11.7893  1.93374e+21
11.9066  1.84511e+21
12.0239  1.76088e+21
12.1412  1.68276e+21
12.2585  1.61138e+21
12.3758  1.54752e+21
12.4931  1.49136e+21
12.6104  1.44283e+21
12.7277  1.4016e+21
12.845  1.36718e+21
12.9623  1.33891e+21
13.0796  1.31634e+21
13.1969  1.29857e+21
13.3142  1.28529e+21
13.4315  1.27558e+21
13.5488  1.26881e+21
13.6661  1.26432e+21
13.7834  1.26114e+21
13.9007  1.25832e+21
14.018  1.25466e+21
14.1354  1.24909e+21
14.2527  1.24039e+21
14.37  1.22744e+21
14.4873  1.20927e+21
14.6046  1.18526e+21
14.7219  1.15511e+21
14.8392  1.11898e+21
14.9565  1.07717e+21
15.0738  1.03071e+21
15.1911  9.80476e+20
15.3084  9.27744e+20
15.4257  8.7359e+20
15.543  8.19331e+20
15.6603  7.65831e+20
15.7776  7.1399e+20
15.8949  6.64355e+20
16.0122  6.17512e+20
16.1295  5.73756e+20
16.2468  5.33517e+20
16.3641  4.97166e+20
16.4815  4.65043e+20
16.5988  4.37465e+20
16.7161  4.1465e+20
16.8334  3.96835e+20
16.9507  3.83879e+20
17.068  3.7575e+20
17.1853  3.72054e+20
17.3026  3.72389e+20
17.4199  3.76114e+20
17.5372  3.8263e+20
17.6545  3.91381e+20
17.7718  4.01723e+20
17.8891  4.12996e+20
18.0064  4.24808e+20
18.1237  4.36609e+20
18.241  4.47968e+20
18.3583  4.58592e+20
18.4756  4.68228e+20
18.5929  4.76504e+20
18.7102  4.83123e+20
18.8275  4.87989e+20
18.9449  4.90651e+20
19.0622  4.9073e+20
19.1795  4.87898e+20
19.2968  4.81588e+20
19.4141  4.71602e+20
19.5314  4.57606e+20
19.6487  4.39589e+20
19.766  4.18007e+20
19.8833  3.93221e+20
20.0006  3.66295e+20
20.1179  3.38202e+20
20.2352  3.10186e+20
20.3525  2.83299e+20
20.4698  2.58531e+20
20.5871  2.36639e+20
20.7044  2.18094e+20
20.8217  2.03033e+20
20.939  1.91359e+20
21.0563  1.82786e+20
21.1736  1.76945e+20
21.291  1.73432e+20
21.4083  1.71797e+20
21.5256  1.71491e+20
21.6429  1.72167e+20
21.7602  1.73325e+20
21.8775  1.74561e+20
21.9948  1.7553e+20
22.1121  1.76004e+20
22.2294  1.75794e+20
22.3467  1.75004e+20
22.464  1.73634e+20
22.5813  1.71992e+20
22.6986  1.70374e+20
22.8159  1.69029e+20
22.9332  1.68161e+20
23.0505  1.67854e+20
23.1678  1.68072e+20
23.2851  1.68641e+20
23.4024  1.6926e+20
23.5198  1.69626e+20
23.6371  1.69256e+20
23.7544  1.67821e+20
23.8717  1.64948e+20
23.989  1.60331e+20
24.1063  1.53789e+20
24.2236  1.45246e+20
24.3409  1.34822e+20
24.4582  1.2284e+20
24.5755  1.09627e+20
24.6928  9.58689e+19
24.8101  8.21745e+19
24.9274  6.92335e+19
25.0447  5.76055e+19
25.162  4.7762e+19
25.2793  4.00021e+19
25.3966  3.43758e+19
25.5139  3.07919e+19
25.6312  2.89828e+19
25.7485  2.86175e+19
25.8658  2.93691e+19
25.9832  3.08875e+19
26.1005  3.30128e+19
26.2178  3.5601e+19
26.3351  3.86392e+19
26.4524  4.22342e+19
26.5697  4.65638e+19
26.687  5.1816e+19
26.8043  5.82255e+19
26.9216  6.59455e+19
27.0389  7.50617e+19
27.1562  8.55318e+19
27.2735  9.70993e+19
27.3908  1.09365e+20
27.5081  1.21744e+20
27.6254  1.33455e+20
27.7427  1.43722e+20
27.86  1.51697e+20
27.9773  1.56742e+20
28.0946  1.58372e+20
28.212  1.56329e+20
28.3293  1.50797e+20
28.4466  1.42071e+20
28.5639  1.30891e+20
28.6812  1.1809e+20
28.7985  1.04548e+20
28.9158  9.12147e+19
29.0331  7.89304e+19
29.1504  6.84015e+19
29.2677  6.01256e+19
29.385  5.43546e+19
29.5023  5.11226e+19
29.6196  5.019e+19
29.7369  5.11949e+19
29.8542  5.35679e+19
29.9715  5.66402e+19
30.0888  5.97986e+19
30.2061  6.2387e+19
30.3234  6.39928e+19
30.4407  6.4319e+19
30.558  6.32259e+19
30.6754  6.08333e+19
30.7927  5.72662e+19
30.91  5.28968e+19
31.0273  4.8077e+19
31.1446  4.30925e+19
31.2619  3.82327e+19
31.3792  3.36925e+19
31.4965  2.96141e+19
31.6138  2.6021e+19
31.7311  2.28829e+19
31.8484  2.01563e+19
31.9657  1.77713e+19
32.083  1.56208e+19
32.2003  1.36318e+19
32.3176  1.17537e+19
32.4349  9.9532e+18
32.5522  8.25086e+18
32.6695  6.68368e+18
32.7868  5.32754e+18
32.9042  4.24002e+18
33.0215  3.46771e+18
33.1388  3.03591e+18
33.2561  2.90986e+18
33.3734  3.03999e+18
33.4907  3.35507e+18
33.608  3.8066e+18
33.7253  4.38278e+18
33.8426  5.1118e+18
33.9599  6.08809e+18
34.0772  7.41491e+18
34.1945  9.18998e+18
34.3118  1.14607e+19
34.4291  1.41757e+19
34.5464  1.71814e+19
34.6637  2.02346e+19
34.781  2.30566e+19
34.8983  2.53385e+19
35.0156  2.68538e+19
35.1329  2.74759e+19
35.2503  2.71989e+19
35.3676  2.6172e+19
35.4849  2.45892e+19
35.6022  2.27372e+19
35.7195  2.09027e+19
35.8368  1.93401e+19
35.9541  1.82036e+19
36.0714  1.76397e+19
36.1887  1.77049e+19
36.306  1.83445e+19
36.4233  1.94711e+19
36.5406  2.0916e+19
36.6579  2.24371e+19
36.7752  2.36639e+19
36.8925  2.4224e+19
37.0098  2.37621e+19
37.1271  2.1983e+19
37.2444  1.88551e+19
37.3617  1.46004e+19
37.479  9.81941e+18
37.5964  5.42689e+18
37.7137  2.58213e+18
37.831  2.48851e+18
37.9483  6.19122e+18
38.0656  1.43117e+19
38.1829  2.69369e+19
38.3002  4.34222e+19
38.4175  6.24918e+19
38.5348  8.23824e+19
38.6521  1.01052e+20
38.7694  1.16555e+20
38.8867  1.27247e+20
39.004  1.32094e+20
39.1213  1.30771e+20
39.2386  1.23686e+20
39.3559  1.11903e+20
39.4732  9.68193e+19
39.5905  8.00663e+19
39.7078  6.31301e+19
39.8251  4.73267e+19
39.9425  3.35716e+19
40.0598  2.2397e+19
40.1771  1.39994e+19
40.2944  8.26178e+18
40.4117  4.91427e+18
40.529  3.59432e+18
40.6463  3.93437e+18
40.7636  5.57521e+18
40.8809  8.23325e+18
40.9982  1.16527e+19
41.1155  1.55997e+19
41.2328  1.98583e+19
41.3501  2.41978e+19
41.4674  2.83487e+19
41.5847  3.19831e+19
41.702  3.47966e+19
41.8193  3.64162e+19
41.9366  3.65812e+19
42.0539  3.50972e+19
42.1712  3.19896e+19
42.2885  2.74723e+19
42.4059  2.19539e+19
42.5232  1.6073e+19
42.6405  1.05097e+19
42.7578  5.98805e+18
42.8751  2.99733e+18
42.9924  1.80373e+18
43.1097  2.32973e+18
43.227  4.17857e+18
43.3443  6.73249e+18
43.4616  9.27075e+18
43.5789  1.11417e+19
43.6962  1.18848e+19
43.8135  1.13685e+19
43.9308  9.73082e+18
44.0481  7.39689e+18
44.1654  4.90994e+18
44.2827  2.77753e+18
44.4  1.37689e+18
44.5173  8.61014e+17
44.6347  1.14581e+18
44.752  1.96484e+18
44.8693  2.95816e+18
44.9866  3.791e+18
45.1039  4.21745e+18
45.2212  4.16038e+18
45.3385  3.67423e+18
45.4558  2.92162e+18
45.5731  2.11975e+18
45.6904  1.46062e+18
45.8077  1.10079e+18
45.925  1.13854e+18
46.0423  1.64124e+18
46.1596  2.66889e+18
46.2769  4.29369e+18
46.3942  6.60115e+18
46.5115  9.6322e+18
46.6288  1.33989e+19
46.7461  1.77533e+19
46.8634  2.24381e+19
46.9808  2.70717e+19
47.0981  3.11288e+19
47.2154  3.41338e+19
47.3327  3.56281e+19
47.45  3.54289e+19
47.5673  3.3458e+19
47.6846  2.98979e+19
47.8019  2.5171e+19
47.9192  1.98302e+19
48.0365  1.44069e+19
48.1538  9.44823e+18
48.2711  5.36133e+18
48.3884  2.42942e+18
48.5057  7.50411e+17
48.623  3.07843e+17
48.7403  9.7986e+17
48.8576  2.60717e+18
48.9749  5.01308e+18
49.0922  8.0558e+18
49.2095  1.16321e+19
49.3269  1.56978e+19
49.4442  2.022e+19
49.5615  2.52152e+19
49.6788  3.06283e+19
49.7961  3.63977e+19
49.9134  4.22967e+19
50.0307  4.80646e+19
50.148  5.33151e+19
50.2653  5.75646e+19
50.3826  6.03416e+19
50.4999  6.12099e+19
50.6172  5.99068e+19
50.7345  5.63634e+19
50.8518  5.07168e+19
50.9691  4.34023e+19
51.0864  3.50203e+19
51.2037  2.63388e+19
51.321  1.80944e+19
51.4383  1.10194e+19
51.5556  5.66005e+18
51.673  2.3419e+18
51.7903  1.19542e+18
51.9076  2.08262e+18
52.0249  4.67666e+18
52.1422  8.503e+18
52.2595  1.30017e+19
52.3768  1.75623e+19
52.4941  2.16324e+19
52.6114  2.4756e+19
52.7287  2.65877e+19
52.846  2.69856e+19
52.9633  2.5957e+19
53.0806  2.37081e+19
53.1979  2.05554e+19
53.3152  1.68989e+19
53.4325  1.31592e+19
53.5498  9.68517e+18
53.6671  6.7375e+18
53.7844  4.4627e+18
53.9017  2.88408e+18
54.0191  1.90732e+18
54.1364  1.39871e+18
54.2537  1.20239e+18
54.371  1.17048e+18
54.4883  1.18699e+18
54.6056  1.17556e+18
54.7229  1.09077e+18
54.8402  9.2256e+17
54.9575  6.93584e+17
55.0748  4.6617e+17
55.1921  3.41565e+17
55.3094  4.56307e+17
55.4267  9.60507e+17
55.544  1.97836e+18
55.6613  3.55284e+18
55.7786  5.6202e+18
55.8959  7.97183e+18
56.0132  1.02685e+19
56.1305  1.21041e+19
56.2478  1.30874e+19
56.3651  1.29296e+19
56.4825  1.15982e+19
56.5998  9.26857e+18
56.7171  6.39619e+18
56.8344  3.58342e+18
56.9517  1.49735e+18
57.069  6.83695e+17
57.1863  1.45227e+18
57.3036  3.79678e+18
57.4209  7.40324e+18
57.5382  1.1713e+19
57.6555  1.6022e+19
57.7728  1.9704e+19
57.8901  2.22766e+19
58.0074  2.35058e+19
58.1247  2.34077e+19
58.242  2.22141e+19
58.3593  2.03118e+19
58.4766  1.80784e+19
58.5939  1.58626e+19
