#S 1 spectral density
#N 2
#UFWHM 9.50171
#L  abscissas [um]  spectral density
-58.5938  6.35329e+18
-58.4764  7.40867e+18
-58.3591  8.65588e+18
-58.2418  9.97347e+18
-58.1245  1.11749e+19
-58.0072  1.1984e+19
-57.8899  1.21872e+19
-57.7726  1.16737e+19
-57.6553  1.04673e+19
-57.538  8.79056e+18
-57.4207  6.98125e+18
-57.3034  5.4e+18
-57.1861  4.35831e+18
-57.0688  4.01919e+18
-56.9515  4.34733e+18
-56.8342  5.12221e+18
-56.7169  5.99686e+18
-56.5996  6.63483e+18
-56.4823  6.75348e+18
-56.365  6.25825e+18
-56.2477  5.25881e+18
-56.1303  3.99984e+18
-56.013  2.83222e+18
-55.8957  2.10656e+18
-55.7784  2.06259e+18
-55.6611  2.79957e+18
-55.5438  4.24497e+18
-55.4265  6.19149e+18
-55.3092  8.3693e+18
-55.1919  1.05041e+19
-55.0746  1.23999e+19
-54.9573  1.39296e+19
-54.84  1.50965e+19
-54.7227  1.59057e+19
-54.6054  1.64699e+19
-54.4881  1.68332e+19
-54.3708  1.70137e+19
-54.2535  1.69934e+19
-54.1362  1.67334e+19
-54.0189  1.61786e+19
-53.9016  1.53267e+19
-53.7842  1.4206e+19
-53.6669  1.28834e+19
-53.5496  1.14439e+19
-53.4323  1.00284e+19
-53.315  8.74418e+18
-53.1977  7.70734e+18
-53.0804  7.01326e+18
-52.9631  6.71786e+18
-52.8458  6.85627e+18
-52.7285  7.42393e+18
-52.6112  8.38049e+18
-52.4939  9.62957e+18
-52.3766  1.10519e+19
-52.2593  1.24611e+19
-52.142  1.36966e+19
-52.0247  1.46018e+19
-51.9074  1.50667e+19
-51.7901  1.50575e+19
-51.6728  1.46121e+19
-51.5555  1.38429e+19
-51.4381  1.29214e+19
-51.3208  1.19863e+19
-51.2035  1.12022e+19
-51.0862  1.06526e+19
-50.9689  1.03958e+19
-50.8516  1.042e+19
-50.7343  1.06624e+19
-50.617  1.10706e+19
-50.4997  1.15853e+19
-50.3824  1.21403e+19
-50.2651  1.27145e+19
-50.1478  1.32454e+19
-50.0305  1.373e+19
-49.9132  1.40853e+19
-49.7959  1.4276e+19
-49.6786  1.42584e+19
-49.5613  1.39869e+19
-49.444  1.34275e+19
-49.3267  1.2598e+19
-49.2094  1.15273e+19
-49.092  1.02551e+19
-48.9747  8.85932e+18
-48.8574  7.43389e+18
-48.7401  6.06748e+18
-48.6228  4.87055e+18
-48.5055  3.94541e+18
-48.3882  3.3852e+18
-48.2709  3.26979e+18
-48.1536  3.63007e+18
-48.0363  4.44739e+18
-47.919  5.63917e+18
-47.8017  7.07054e+18
-47.6844  8.57815e+18
-47.5671  1.00103e+19
-47.4498  1.12639e+19
-47.3325  1.22733e+19
-47.2152  1.30827e+19
-47.0979  1.3758e+19
-46.9806  1.44147e+19
-46.8633  1.51212e+19
-46.7459  1.58532e+19
-46.6286  1.65559e+19
-46.5113  1.70489e+19
-46.394  1.71821e+19
-46.2767  1.67902e+19
-46.1594  1.58177e+19
-46.0421  1.43599e+19
-45.9248  1.25969e+19
-45.8075  1.08019e+19
-45.6902  9.25889e+18
-45.5729  8.1545e+18
-45.4556  7.57574e+18
-45.3383  7.43261e+18
-45.221  7.51907e+18
-45.1037  7.57867e+18
-44.9864  7.405e+18
-44.8691  6.90975e+18
-44.7518  6.17248e+18
-44.6345  5.44225e+18
-44.5172  5.06879e+18
-44.3998  5.3942e+18
-44.2825  6.64347e+18
-44.1652  8.85224e+18
-44.0479  1.18171e+19
-43.9306  1.5165e+19
-43.8133  1.83933e+19
-43.696  2.10357e+19
-43.5787  2.27594e+19
-43.4614  2.3432e+19
-43.3441  2.3155e+19
-43.2268  2.22498e+19
-43.1095  2.11123e+19
-42.9922  2.01439e+19
-42.8749  1.96457e+19
-42.7576  1.97453e+19
-42.6403  2.03463e+19
-42.523  2.12659e+19
-42.4057  2.22036e+19
-42.2884  2.28921e+19
-42.171  2.31465e+19
-42.0537  2.29477e+19
-41.9364  2.23772e+19
-41.8191  2.16527e+19
-41.7018  2.10422e+19
-41.5845  2.08245e+19
-41.4672  2.12215e+19
-41.3499  2.23438e+19
-41.2326  2.41898e+19
-41.1153  2.66368e+19
-40.998  2.9444e+19
-40.8807  3.23087e+19
-40.7634  3.48205e+19
-40.6461  3.66685e+19
-40.5288  3.74959e+19
-40.4115  3.71524e+19
-40.2942  3.56226e+19
-40.1769  3.30334e+19
-40.0596  2.9709e+19
-39.9423  2.61126e+19
-39.825  2.27349e+19
-39.7076  2.00035e+19
-39.5903  1.82257e+19
-39.473  1.74761e+19
-39.3557  1.76122e+19
-39.2384  1.83116e+19
-39.1211  1.91268e+19
-39.0038  1.96323e+19
-38.8865  1.95246e+19
-38.7692  1.87267e+19
-38.6519  1.73394e+19
-38.5346  1.56767e+19
-38.4173  1.41186e+19
-38.3  1.30412e+19
-38.1827  1.2655e+19
-38.0654  1.29567e+19
-37.9481  1.37444e+19
-37.8308  1.4633e+19
-37.7135  1.52036e+19
-37.5962  1.50872e+19
-37.4789  1.41274e+19
-37.3615  1.2441e+19
-37.2442  1.03775e+19
-37.1269  8.46387e+18
-37.0096  7.29451e+18
-36.8923  7.37128e+18
-36.775  8.98915e+18
-36.6577  1.21538e+19
-36.5404  1.66072e+19
-36.4231  2.18392e+19
-36.3058  2.72377e+19
-36.1885  3.21915e+19
-36.0712  3.62295e+19
-35.9539  3.90497e+19
-35.8366  4.06144e+19
-35.7193  4.10363e+19
-35.602  4.05422e+19
-35.4847  3.9479e+19
-35.3674  3.81264e+19
-35.2501  3.66845e+19
-35.1328  3.52677e+19
-35.0154  3.39129e+19
-34.8981  3.25975e+19
-34.7808  3.12789e+19
-34.6635  2.98698e+19
-34.5462  2.83391e+19
-34.4289  2.66944e+19
-34.3116  2.49133e+19
-34.1943  2.30282e+19
-34.077  2.11038e+19
-33.9597  1.91983e+19
-33.8424  1.74289e+19
-33.7251  1.59179e+19
-33.6078  1.48382e+19
-33.4905  1.43441e+19
-33.3732  1.45719e+19
-33.2559  1.56116e+19
-33.1386  1.74589e+19
-33.0213  2.00305e+19
-32.904  2.31606e+19
-32.7867  2.66263e+19
-32.6693  3.01396e+19
-32.552  3.34668e+19
-32.4347  3.63307e+19
-32.3174  3.86167e+19
-32.2001  4.01923e+19
-32.0828  4.10356e+19
-31.9655  4.11718e+19
-31.8482  4.06992e+19
-31.7309  3.97499e+19
-31.6136  3.84952e+19
-31.4963  3.71553e+19
-31.379  3.59774e+19
-31.2617  3.52449e+19
-31.1444  3.52067e+19
-31.0271  3.60786e+19
-30.9098  3.8084e+19
-30.7925  4.12229e+19
-30.6752  4.55014e+19
-30.5579  5.0736e+19
-30.4406  5.66789e+19
-30.3232  6.30211e+19
-30.2059  6.9331e+19
-30.0886  7.52192e+19
-29.9713  8.03642e+19
-29.854  8.44571e+19
-29.7367  8.72075e+19
-29.6194  8.85606e+19
-29.5021  8.84959e+19
-29.3848  8.71124e+19
-29.2675  8.4668e+19
-29.1502  8.14347e+19
-29.0329  7.78078e+19
-28.9156  7.41614e+19
-28.7983  7.08214e+19
-28.681  6.80935e+19
-28.5637  6.60871e+19
-28.4464  6.48968e+19
-28.3291  6.44282e+19
-28.2118  6.45068e+19
-28.0944  6.49645e+19
-27.9771  6.55877e+19
-27.8598  6.62065e+19
-27.7425  6.67619e+19
-27.6252  6.71171e+19
-27.5079  6.73707e+19
-27.3906  6.75334e+19
-27.2733  6.77221e+19
-27.156  6.80581e+19
-27.0387  6.86197e+19
-26.9214  6.95887e+19
-26.8041  7.10965e+19
-26.6868  7.328e+19
-26.5695  7.62065e+19
-26.4522  7.99476e+19
-26.3349  8.45238e+19
-26.2176  8.97593e+19
-26.1003  9.55645e+19
-25.983  1.01634e+20
-25.8657  1.07658e+20
-25.7483  1.13426e+20
-25.631  1.18658e+20
-25.5137  1.23325e+20
-25.3964  1.27365e+20
-25.2791  1.3087e+20
-25.1618  1.34042e+20
-25.0445  1.37186e+20
-24.9272  1.40483e+20
-24.8099  1.44276e+20
-24.6926  1.48763e+20
-24.5753  1.54102e+20
-24.458  1.60349e+20
-24.3407  1.67513e+20
-24.2234  1.75404e+20
-24.1061  1.8384e+20
-23.9888  1.924e+20
-23.8715  2.00659e+20
-23.7542  2.08018e+20
-23.6369  2.14066e+20
-23.5196  2.18374e+20
-23.4023  2.20588e+20
-23.2849  2.20664e+20
-23.1676  2.18754e+20
-23.0503  2.1519e+20
-22.933  2.10654e+20
-22.8157  2.05723e+20
-22.6984  2.01206e+20
-22.5811  1.9788e+20
-22.4638  1.96397e+20
-22.3465  1.97444e+20
-22.2292  2.01402e+20
-22.1119  2.08599e+20
-21.9946  2.19078e+20
-21.8773  2.32795e+20
-21.76  2.49409e+20
-21.6427  2.68308e+20
-21.5254  2.88774e+20
-21.4081  3.09876e+20
-21.2908  3.30713e+20
-21.1735  3.50434e+20
-21.0561  3.68281e+20
-20.9388  3.83698e+20
-20.8215  3.96285e+20
-20.7042  4.062e+20
-20.5869  4.13527e+20
-20.4696  4.1858e+20
-20.3523  4.21688e+20
-20.235  4.23203e+20
-20.1177  4.23422e+20
-20.0004  4.22586e+20
-19.8831  4.20591e+20
-19.7658  4.17869e+20
-19.6485  4.14456e+20
-19.5312  4.10743e+20
-19.4139  4.0706e+20
-19.2966  4.04077e+20
-19.1793  4.02434e+20
-19.062  4.02918e+20
-18.9447  4.06307e+20
-18.8274  4.13414e+20
-18.71  4.24864e+20
-18.5927  4.41344e+20
-18.4754  4.63183e+20
-18.3581  4.90431e+20
-18.2408  5.23006e+20
-18.1235  5.60282e+20
-18.0062  6.01338e+20
-17.8889  6.4478e+20
-17.7716  6.88875e+20
-17.6543  7.31862e+20
-17.537  7.71623e+20
-17.4197  8.06405e+20
-17.3024  8.34704e+20
-17.1851  8.55488e+20
-17.0678  8.68306e+20
-16.9505  8.73304e+20
-16.8332  8.71347e+20
-16.7159  8.63757e+20
-16.5986  8.5226e+20
-16.4813  8.38931e+20
-16.364  8.25864e+20
-16.2466  8.15102e+20
-16.1293  8.08174e+20
-16.012  8.06663e+20
-15.8947  8.11177e+20
-15.7774  8.22146e+20
-15.6601  8.39227e+20
-15.5428  8.61673e+20
-15.4255  8.88067e+20
-15.3082  9.17015e+20
-15.1909  9.46818e+20
-15.0736  9.75702e+20
-14.9563  1.00205e+21
-14.839  1.02488e+21
-14.7217  1.04309e+21
-14.6044  1.05652e+21
-14.4871  1.06535e+21
-14.3698  1.07024e+21
-14.2525  1.072e+21
-14.1352  1.07191e+21
-14.0178  1.07147e+21
-13.9005  1.07196e+21
-13.7832  1.07474e+21
-13.6659  1.08095e+21
-13.5486  1.09166e+21
-13.4313  1.10756e+21
-13.314  1.12907e+21
-13.1967  1.15626e+21
-13.0794  1.18928e+21
-12.9621  1.22747e+21
-12.8448  1.27047e+21
-12.7275  1.31724e+21
-12.6102  1.36714e+21
-12.4929  1.41913e+21
-12.3756  1.4722e+21
-12.2583  1.52575e+21
-12.141  1.57918e+21
-12.0237  1.63204e+21
-11.9064  1.68413e+21
-11.7891  1.73564e+21
-11.6718  1.78687e+21
-11.5544  1.8383e+21
-11.4371  1.89053e+21
-11.3198  1.94388e+21
-11.2025  1.99882e+21
-11.0852  2.05565e+21
-10.9679  2.11433e+21
-10.8506  2.17468e+21
-10.7333  2.23607e+21
-10.616  2.29794e+21
-10.4987  2.35977e+21
-10.3814  2.42061e+21
-10.2641  2.47994e+21
-10.1468  2.53773e+21
-10.0295  2.59411e+21
-9.91217  2.6494e+21
-9.79487  2.70508e+21
-9.67756  2.76247e+21
-9.56026  2.82338e+21
-9.44295  2.8898e+21
-9.32565  2.96421e+21
-9.20834  3.04836e+21
-9.09104  3.14411e+21
-8.97373  3.25278e+21
-8.85643  3.3754e+21
-8.73913  3.51184e+21
-8.62182  3.66175e+21
-8.50452  3.82396e+21
-8.38721  3.99675e+21
-8.26991  4.17745e+21
-8.1526  4.36368e+21
-8.03529  4.55187e+21
-7.91799  4.73919e+21
-7.80069  4.92273e+21
-7.68338  5.09968e+21
-7.56608  5.26824e+21
-7.44877  5.42733e+21
-7.33146  5.57631e+21
-7.21416  5.71557e+21
-7.09685  5.84648e+21
-6.97955  5.9708e+21
-6.86224  6.09099e+21
-6.74494  6.21022e+21
-6.62763  6.3308e+21
-6.51033  6.45605e+21
-6.39302  6.58894e+21
-6.27572  6.7319e+21
-6.15842  6.88728e+21
-6.04111  7.05693e+21
-5.92381  7.24234e+21
-5.8065  7.44488e+21
-5.68919  7.6649e+21
-5.57189  7.90303e+21
-5.45458  8.15931e+21
-5.33728  8.43353e+21
-5.21997  8.725e+21
-5.10267  9.03308e+21
-4.98536  9.35615e+21
-4.86806  9.69254e+21
-4.75075  1.004e+22
-4.63345  1.0396e+22
-4.51614  1.07575e+22
-4.39884  1.11209e+22
-4.28154  1.1483e+22
-4.16423  1.18404e+22
-4.04692  1.21893e+22
-3.92962  1.25273e+22
-3.81231  1.28523e+22
-3.69501  1.31623e+22
-3.5777  1.3457e+22
-3.4604  1.37364e+22
-3.34309  1.40012e+22
-3.22579  1.42529e+22
-3.10849  1.4494e+22
-2.99118  1.47265e+22
-2.87387  1.49534e+22
-2.75657  1.51779e+22
-2.63926  1.5402e+22
-2.52196  1.56284e+22
-2.40465  1.58591e+22
-2.28735  1.60952e+22
-2.17005  1.63377e+22
-2.05274  1.65871e+22
-1.93544  1.68424e+22
-1.81813  1.71032e+22
-1.70083  1.73678e+22
-1.58352  1.76344e+22
-1.46622  1.79007e+22
-1.34891  1.8164e+22
-1.2316  1.84215e+22
-1.1143  1.867e+22
-0.996995  1.89061e+22
-0.87969  1.91266e+22
-0.762385  1.93276e+22
-0.64508  1.95066e+22
-0.527775  1.96605e+22
-0.41047  1.97864e+22
-0.293165  1.98825e+22
-0.17586  1.99471e+22
-0.058555  1.99792e+22
0.05875  1.99782e+22
0.176055  1.9944e+22
0.29336  1.98773e+22
0.410665  1.97794e+22
0.52797  1.96515e+22
0.645275  1.9496e+22
0.76258  1.93154e+22
0.879885  1.91129e+22
0.99719  1.88913e+22
1.1145  1.86541e+22
1.2318  1.84044e+22
1.3491  1.81461e+22
1.46641  1.78818e+22
1.58371  1.76144e+22
1.70102  1.7347e+22
1.81832  1.70813e+22
1.93563  1.68194e+22
2.05294  1.65628e+22
2.17024  1.63125e+22
2.28754  1.60686e+22
2.40485  1.58311e+22
2.52216  1.55991e+22
2.63946  1.53713e+22
2.75677  1.51457e+22
2.87407  1.49201e+22
2.99137  1.46917e+22
3.10868  1.44578e+22
3.22599  1.42155e+22
3.34329  1.39627e+22
3.4606  1.3697e+22
3.5779  1.34167e+22
3.69521  1.31213e+22
3.81251  1.28106e+22
3.92982  1.24851e+22
4.04712  1.21466e+22
4.16443  1.17974e+22
4.28173  1.14399e+22
4.39903  1.10777e+22
4.51634  1.07144e+22
4.63364  1.03533e+22
4.75095  9.99753e+21
4.86825  9.6506e+21
4.98556  9.31474e+21
5.10286  8.99257e+21
5.22017  8.68532e+21
5.33748  8.39481e+21
5.45478  8.12168e+21
5.57209  7.86665e+21
5.68939  7.6298e+21
5.8067  7.41103e+21
5.924  7.20977e+21
6.0413  7.02566e+21
6.15861  6.85717e+21
6.27591  6.70274e+21
6.39322  6.56088e+21
6.51052  6.4288e+21
6.62783  6.30393e+21
6.74514  6.18367e+21
6.86244  6.06507e+21
6.97975  5.94475e+21
7.09705  5.82045e+21
7.21436  5.68954e+21
7.33166  5.54996e+21
7.44897  5.40103e+21
7.56627  5.24211e+21
7.68358  5.07352e+21
7.80088  4.89675e+21
7.91819  4.71351e+21
8.03549  4.52672e+21
8.1528  4.33921e+21
8.2701  4.15381e+21
8.38741  3.97387e+21
8.50471  3.80201e+21
8.62202  3.64084e+21
8.73932  3.49174e+21
8.85662  3.35622e+21
8.97393  3.23453e+21
9.09123  3.12656e+21
9.20854  3.03152e+21
9.32584  2.94804e+21
9.44315  2.87418e+21
9.56045  2.80805e+21
9.67776  2.74761e+21
9.79506  2.69058e+21
9.91237  2.63523e+21
10.0297  2.58024e+21
10.147  2.52439e+21
10.2643  2.46707e+21
10.3816  2.40812e+21
10.4989  2.34787e+21
10.6162  2.28664e+21
10.7335  2.22535e+21
10.8508  2.16456e+21
10.9681  2.10487e+21
11.0854  2.04686e+21
11.2027  1.99065e+21
11.32  1.93615e+21
11.4373  1.88322e+21
11.5546  1.83145e+21
11.6719  1.78024e+21
11.7893  1.7293e+21
11.9066  1.67802e+21
12.0239  1.62593e+21
12.1412  1.57332e+21
12.2585  1.52011e+21
12.3758  1.46666e+21
12.4931  1.41372e+21
12.6104  1.3619e+21
12.7277  1.31226e+21
12.845  1.26571e+21
12.9623  1.22292e+21
13.0796  1.18499e+21
13.1969  1.15225e+21
13.3142  1.12532e+21
13.4315  1.10404e+21
13.5488  1.0884e+21
13.6661  1.07792e+21
13.7834  1.07186e+21
13.9007  1.06928e+21
14.018  1.06902e+21
14.1354  1.06963e+21
14.2527  1.06981e+21
14.37  1.06825e+21
14.4873  1.06348e+21
14.6046  1.05478e+21
14.7219  1.04143e+21
14.8392  1.02337e+21
14.9565  1.00077e+21
15.0738  9.74471e+20
15.1911  9.45813e+20
15.3084  9.16156e+20
15.4257  8.87252e+20
15.543  8.60901e+20
15.6603  8.38602e+20
15.7776  8.21695e+20
15.8949  8.10815e+20
16.0122  8.06374e+20
16.1295  8.07967e+20
16.2468  8.14781e+20
16.3641  8.25546e+20
16.4815  8.38516e+20
16.5988  8.5172e+20
16.7161  8.6294e+20
16.8334  8.70427e+20
16.9507  8.72133e+20
17.068  8.66932e+20
17.1853  8.53926e+20
17.3026  8.3299e+20
17.4199  8.04515e+20
17.5372  7.696e+20
17.6545  7.29769e+20
17.7718  6.8692e+20
17.8891  6.42848e+20
18.0064  5.99628e+20
18.1237  5.58772e+20
18.241  5.21703e+20
18.3583  4.89387e+20
18.4756  4.62394e+20
18.5929  4.40873e+20
18.7102  4.24647e+20
18.8275  4.13431e+20
18.9449  4.06606e+20
19.0622  4.03407e+20
19.1795  4.03124e+20
19.2968  4.04852e+20
19.4141  4.0795e+20
19.5314  4.11645e+20
19.6487  4.15345e+20
19.766  4.18757e+20
19.8833  4.2141e+20
20.0006  4.23235e+20
20.1179  4.24033e+20
20.2352  4.23735e+20
20.3525  4.2207e+20
20.4698  4.18803e+20
20.5871  4.13582e+20
20.7044  4.06155e+20
20.8217  3.96127e+20
20.939  3.83356e+20
21.0563  3.67828e+20
21.1736  3.49844e+20
21.291  3.30036e+20
21.4083  3.09105e+20
21.5256  2.87901e+20
21.6429  2.67437e+20
21.7602  2.48556e+20
21.8775  2.32016e+20
21.9948  2.18377e+20
22.1121  2.07951e+20
22.2294  2.00846e+20
22.3467  1.97051e+20
22.464  1.96126e+20
22.5813  1.97701e+20
22.6986  2.01147e+20
22.8159  2.05761e+20
22.9332  2.10756e+20
23.0505  2.15384e+20
23.1678  2.18936e+20
23.2851  2.20873e+20
23.4024  2.20743e+20
23.5198  2.18528e+20
23.6371  2.14197e+20
23.7544  2.08105e+20
23.8717  2.00704e+20
23.989  1.92451e+20
24.1063  1.83894e+20
24.2236  1.75463e+20
24.3409  1.67556e+20
24.4582  1.60465e+20
24.5755  1.54206e+20
24.6928  1.48906e+20
24.8101  1.44448e+20
24.9274  1.4068e+20
25.0447  1.37343e+20
25.162  1.34168e+20
25.2793  1.30928e+20
25.3966  1.27314e+20
25.5139  1.23204e+20
25.6312  1.18455e+20
25.7485  1.13082e+20
25.8658  1.07257e+20
25.9832  1.01113e+20
26.1005  9.5043e+19
26.2178  8.92434e+19
26.3351  8.39797e+19
26.4524  7.94556e+19
26.5697  7.57589e+19
26.687  7.28824e+19
26.8043  7.07827e+19
26.9216  6.93342e+19
27.0389  6.8409e+19
27.1562  6.78751e+19
27.2735  6.7571e+19
27.3908  6.73787e+19
27.5081  6.72153e+19
27.6254  6.69645e+19
27.7427  6.6595e+19
27.86  6.60636e+19
27.9773  6.54408e+19
28.0946  6.48624e+19
28.212  6.44365e+19
28.3293  6.44148e+19
28.4466  6.49409e+19
28.5639  6.62086e+19
28.6812  6.82849e+19
28.7985  7.10894e+19
28.9158  7.4479e+19
29.0331  7.81677e+19
29.1504  8.18082e+19
29.2677  8.50254e+19
29.385  8.74515e+19
29.5023  8.87741e+19
29.6196  8.87534e+19
29.7369  8.73133e+19
29.8542  8.44773e+19
29.9715  8.03576e+19
30.0888  7.51574e+19
30.2061  6.92062e+19
30.3234  6.2882e+19
30.4407  5.65897e+19
30.558  5.06793e+19
30.6754  4.54925e+19
30.7927  4.12768e+19
30.91  3.81863e+19
31.0273  3.62648e+19
31.1446  3.54015e+19
31.2619  3.54653e+19
31.3792  3.61975e+19
31.4965  3.73618e+19
31.6138  3.86842e+19
31.7311  3.98983e+19
31.8484  4.08034e+19
31.9657  4.12411e+19
32.083  4.10678e+19
32.2003  4.01857e+19
32.3176  3.8584e+19
32.4349  3.62819e+19
32.5522  3.3389e+19
32.6695  3.00526e+19
32.7868  2.65301e+19
32.9042  2.3072e+19
33.0215  1.99352e+19
33.1388  1.73783e+19
33.2561  1.5534e+19
33.3734  1.45115e+19
33.4907  1.42864e+19
33.608  1.47834e+19
33.7253  1.58803e+19
33.8426  1.73847e+19
33.9599  1.91715e+19
34.0772  2.10829e+19
34.1945  2.30198e+19
34.3118  2.49151e+19
34.4291  2.67106e+19
34.5464  2.83765e+19
34.6637  2.99021e+19
34.781  3.13262e+19
34.8983  3.26702e+19
35.0156  3.39956e+19
35.1329  3.53595e+19
35.2503  3.67767e+19
35.3676  3.82459e+19
35.4849  3.95999e+19
35.6022  4.06487e+19
35.7195  4.11024e+19
35.8368  4.06743e+19
35.9541  3.90662e+19
36.0714  3.62032e+19
36.1887  3.21433e+19
36.306  2.71597e+19
36.4233  2.17493e+19
36.5406  1.65251e+19
36.6579  1.21013e+19
36.7752  8.95447e+18
36.8925  7.35953e+18
37.0098  7.29911e+18
37.1271  8.46977e+18
37.2444  1.03672e+19
37.3617  1.24069e+19
37.479  1.40597e+19
37.5964  1.49808e+19
37.7137  1.5075e+19
37.831  1.44917e+19
37.9483  1.36186e+19
38.0656  1.28462e+19
38.1829  1.25796e+19
38.3002  1.30099e+19
38.4175  1.41366e+19
38.5348  1.57301e+19
38.6521  1.74234e+19
38.7694  1.88342e+19
38.8867  1.96486e+19
39.004  1.97515e+19
39.1213  1.92388e+19
39.2386  1.8428e+19
39.3559  1.77529e+19
39.4732  1.76424e+19
39.5905  1.84279e+19
39.7078  2.02448e+19
39.8251  2.30032e+19
39.9425  2.64114e+19
40.0598  3.00041e+19
40.1771  3.33201e+19
40.2944  3.58926e+19
40.4117  3.73943e+19
40.529  3.76741e+19
40.6463  3.67926e+19
40.7636  3.49076e+19
40.8809  3.23161e+19
40.9982  2.94366e+19
41.1155  2.65995e+19
41.2328  2.41469e+19
41.3501  2.22991e+19
41.4674  2.11971e+19
41.5847  2.08271e+19
41.702  2.10648e+19
41.8193  2.17028e+19
41.9366  2.24443e+19
42.0539  2.30273e+19
42.1712  2.32359e+19
42.2885  2.29758e+19
42.4059  2.22765e+19
42.5232  2.13291e+19
42.6405  2.03952e+19
42.7578  1.97853e+19
42.8751  1.96865e+19
42.9924  2.01781e+19
43.1097  2.11274e+19
43.227  2.22548e+19
43.3443  2.31468e+19
43.4616  2.33893e+19
43.5789  2.26823e+19
43.6962  2.09414e+19
43.8135  1.82655e+19
43.9308  1.50339e+19
44.0481  1.16991e+19
44.1654  8.74178e+18
44.2827  6.56086e+18
44.4  5.34377e+18
44.5173  5.04957e+18
44.6347  5.44351e+18
44.752  6.18174e+18
44.8693  6.91776e+18
44.9866  7.41316e+18
45.1039  7.57755e+18
45.2212  7.51081e+18
45.3385  7.42824e+18
45.4558  7.58499e+18
45.5731  8.18423e+18
45.6904  9.29804e+18
45.8077  1.08688e+19
45.925  1.26722e+19
46.0423  1.44384e+19
46.1596  1.58879e+19
46.2769  1.68407e+19
46.3942  1.72322e+19
46.5115  1.70944e+19
46.6288  1.65974e+19
46.7461  1.59011e+19
46.8634  1.51682e+19
46.9808  1.44865e+19
47.0981  1.38343e+19
47.2154  1.31533e+19
47.3327  1.23292e+19
47.45  1.13123e+19
47.5673  1.00542e+19
47.6846  8.60785e+18
47.8019  7.08472e+18
47.9192  5.65284e+18
48.0365  4.45777e+18
48.1538  3.63992e+18
48.2711  3.27456e+18
48.3884  3.3856e+18
48.5057  3.93613e+18
48.623  4.85402e+18
48.7403  6.03981e+18
48.8576  7.40454e+18
48.9749  8.83741e+18
49.0922  1.02408e+19
49.2095  1.1523e+19
49.3269  1.26272e+19
49.4442  1.34735e+19
49.5615  1.40579e+19
49.6788  1.43497e+19
49.7961  1.43864e+19
49.9134  1.41854e+19
50.0307  1.38234e+19
50.148  1.33477e+19
50.2653  1.2801e+19
50.3826  1.22275e+19
50.4999  1.16599e+19
50.6172  1.11454e+19
50.7345  1.07376e+19
50.8518  1.04951e+19
50.9691  1.04806e+19
51.0864  1.07373e+19
51.2037  1.12865e+19
51.321  1.20692e+19
51.4383  1.29988e+19
51.5556  1.3928e+19
51.673  1.46602e+19
51.7903  1.50927e+19
51.9076  1.50761e+19
52.0249  1.45989e+19
52.1422  1.36604e+19
52.2595  1.23952e+19
52.3768  1.09789e+19
52.4941  9.55225e+18
52.6114  8.29915e+18
52.7287  7.35485e+18
52.846  6.80311e+18
52.9633  6.69718e+18
53.0806  7.02119e+18
53.1979  7.75313e+18
53.3152  8.81284e+18
53.4325  1.01204e+19
53.5498  1.15528e+19
53.6671  1.29842e+19
53.7844  1.43005e+19
53.9017  1.54131e+19
54.0191  1.62418e+19
54.1364  1.67752e+19
54.2537  1.70141e+19
54.371  1.70176e+19
54.4883  1.68123e+19
54.6056  1.64446e+19
54.7229  1.58712e+19
54.8402  1.5019e+19
54.9575  1.38464e+19
55.0748  1.22996e+19
55.1921  1.03935e+19
55.3094  8.25143e+18
55.4267  6.08667e+18
55.544  4.16824e+18
55.6613  2.754e+18
55.7786  2.05386e+18
55.8959  2.13055e+18
56.0132  2.88062e+18
56.1305  4.0555e+18
56.2478  5.31246e+18
56.3651  6.29434e+18
56.4825  6.75838e+18
56.5998  6.61134e+18
56.7171  5.95831e+18
56.8344  5.07459e+18
56.9517  4.31099e+18
57.069  3.99582e+18
57.1863  4.36423e+18
57.3036  5.42835e+18
57.4209  7.0334e+18
57.5382  8.8635e+18
57.6555  1.05394e+19
57.7728  1.17298e+19
57.8901  1.22393e+19
58.0074  1.202e+19
58.1247  1.11974e+19
58.242  9.99207e+18
58.3593  8.66128e+18
58.4766  7.41031e+18
58.5939  6.3571e+18
