#S 1 spectral density
#N 2
#UFWHM 17.9477
#L  abscissas [um]  spectral density
-58.5938  7.13608e+18
-58.4764  5.39904e+18
-58.3591  4.18214e+18
-58.2418  3.67731e+18
-58.1245  3.8829e+18
-58.0072  4.60298e+18
-57.8899  5.50998e+18
-57.7726  6.24871e+18
-57.6553  6.55748e+18
-57.538  6.31483e+18
-57.4207  5.55685e+18
-57.3034  4.48133e+18
-57.1861  3.34336e+18
-57.0688  2.38828e+18
-56.9515  1.78265e+18
-56.8342  1.59046e+18
-56.7169  1.76621e+18
-56.5996  2.20659e+18
-56.4823  2.78982e+18
-56.365  3.41802e+18
-56.2477  4.06002e+18
-56.1303  4.70827e+18
-56.013  5.3814e+18
-55.8957  6.07268e+18
-55.7784  6.74014e+18
-55.6611  7.28043e+18
-55.5438  7.55938e+18
-55.4265  7.4894e+18
-55.3092  7.01946e+18
-55.1919  6.22281e+18
-55.0746  5.25856e+18
-54.9573  4.37446e+18
-54.84  3.81839e+18
-54.7227  3.80488e+18
-54.6054  4.41098e+18
-54.4881  5.59543e+18
-54.3708  7.17999e+18
-54.2535  8.86488e+18
-54.1362  1.03361e+19
-54.0189  1.13197e+19
-53.9016  1.16516e+19
-53.7842  1.12871e+19
-53.6669  1.03585e+19
-53.5496  9.04988e+18
-53.4323  7.64006e+18
-53.315  6.3881e+18
-53.1977  5.51173e+18
-53.0804  5.14882e+18
-52.9631  5.31908e+18
-52.8458  5.95441e+18
-52.7285  6.90583e+18
-52.6112  7.96873e+18
-52.4939  8.92679e+18
-52.3766  9.58061e+18
-52.2593  9.79605e+18
-52.142  9.48495e+18
-52.0247  8.67936e+18
-51.9074  7.49557e+18
-51.7901  6.12481e+18
-51.6728  4.79782e+18
-51.5555  3.76718e+18
-51.4381  3.19705e+18
-51.3208  3.19051e+18
-51.2035  3.72409e+18
-51.0862  4.65315e+18
-50.9689  5.76136e+18
-50.8516  6.78307e+18
-50.7343  7.44983e+18
-50.617  7.60022e+18
-50.4997  7.15622e+18
-50.3824  6.16327e+18
-50.2651  4.79601e+18
-50.1478  3.2594e+18
-50.0305  1.83916e+18
-49.9132  7.58966e+17
-49.7959  2.11822e+17
-49.6786  2.92138e+17
-49.5613  9.98148e+17
-49.444  2.23689e+18
-49.3267  3.82861e+18
-49.2094  5.56201e+18
-49.092  7.19347e+18
-48.9747  8.49583e+18
-48.8574  9.28371e+18
-48.7401  9.4575e+18
-48.6228  9.00454e+18
-48.5055  8.01427e+18
-48.3882  6.68039e+18
-48.2709  5.2067e+18
-48.1536  3.83196e+18
-48.0363  2.76458e+18
-47.919  2.12196e+18
-47.8017  1.93356e+18
-47.6844  2.13992e+18
-47.5671  2.61923e+18
-47.4498  3.21593e+18
-47.3325  3.79416e+18
-47.2152  4.25101e+18
-47.0979  4.54334e+18
-46.9806  4.66139e+18
-46.8633  4.61453e+18
-46.7459  4.42706e+18
-46.6286  4.08835e+18
-46.5113  3.59116e+18
-46.394  2.93507e+18
-46.2767  2.17773e+18
-46.1594  1.43581e+18
-46.0421  8.93226e+17
-45.9248  7.80265e+17
-45.8075  1.30563e+18
-45.6902  2.58959e+18
-45.5729  4.59847e+18
-45.4556  7.10908e+18
-45.3383  9.74819e+18
-45.221  1.20213e+19
-45.1037  1.34848e+19
-44.9864  1.38024e+19
-44.8691  1.29001e+19
-44.7518  1.09884e+19
-44.6345  8.53388e+18
-44.5172  6.14628e+18
-44.3998  4.4722e+18
-44.2825  4.01475e+18
-44.1652  5.00554e+18
-44.0479  7.35438e+18
-43.9306  1.0641e+19
-43.8133  1.42436e+19
-43.696  1.74816e+19
-43.5787  1.97215e+19
-43.4614  2.05504e+19
-43.3441  1.98733e+19
-43.2268  1.78528e+19
-43.1095  1.48905e+19
-42.9922  1.14931e+19
-42.8749  8.20458e+18
-42.7576  5.44064e+18
-42.6403  3.46916e+18
-42.523  2.38448e+18
-42.4057  2.12246e+18
-42.2884  2.52091e+18
-42.171  3.37723e+18
-42.0537  4.48725e+18
-41.9364  5.6835e+18
-41.8191  6.86954e+18
-41.7018  7.9814e+18
-41.5845  9.00095e+18
-41.4672  9.94209e+18
-41.3499  1.08193e+19
-41.2326  1.16559e+19
-41.1153  1.24492e+19
-40.998  1.31793e+19
-40.8807  1.37763e+19
-40.7634  1.41397e+19
-40.6461  1.41439e+19
-40.5288  1.36563e+19
-40.4115  1.26198e+19
-40.2942  1.10247e+19
-40.1769  9.01268e+18
-40.0596  6.83824e+18
-39.9423  4.85955e+18
-39.825  3.45624e+18
-39.7076  2.96802e+18
-39.5903  3.61309e+18
-39.473  5.3738e+18
-39.3557  8.04001e+18
-39.2384  1.11639e+19
-39.1211  1.41934e+19
-39.0038  1.65925e+19
-38.8865  1.792e+19
-38.7692  1.79362e+19
-38.6519  1.66931e+19
-38.5346  1.44611e+19
-38.4173  1.17103e+19
-38.3  8.91904e+18
-38.1827  6.53696e+18
-38.0654  4.83801e+18
-37.9481  3.88141e+18
-37.8308  3.54607e+18
-37.7135  3.56809e+18
-37.5962  3.66391e+18
-37.4789  3.60677e+18
-37.3615  3.27975e+18
-37.2442  2.73051e+18
-37.1269  2.11452e+18
-37.0096  1.64409e+18
-36.8923  1.49843e+18
-36.775  1.76263e+18
-36.6577  2.39432e+18
-36.5404  3.23495e+18
-36.4231  4.05447e+18
-36.3058  4.61908e+18
-36.1885  4.77384e+18
-36.0712  4.48564e+18
-35.9539  3.84491e+18
-35.8366  3.04567e+18
-35.7193  2.32058e+18
-35.602  1.89292e+18
-35.4847  1.87258e+18
-35.3674  2.26576e+18
-35.2501  2.95901e+18
-35.1328  3.76537e+18
-35.0154  4.46196e+18
-34.8981  4.88181e+18
-34.7808  4.92506e+18
-34.6635  4.59217e+18
-34.5462  3.98237e+18
-34.4289  3.23514e+18
-34.3116  2.50774e+18
-34.1943  1.91808e+18
-34.077  1.53424e+18
-33.9597  1.34434e+18
-33.8424  1.28957e+18
-33.7251  1.27817e+18
-33.6078  1.23611e+18
-33.4905  1.10833e+18
-33.3732  8.8778e+17
-33.2559  6.13867e+17
-33.1386  3.52741e+17
-33.0213  1.89996e+17
-32.904  2.02301e+17
-32.7867  4.45677e+17
-32.6693  9.48436e+17
-32.552  1.70146e+18
-32.4347  2.66165e+18
-32.3174  3.75579e+18
-32.2001  4.88129e+18
-32.0828  5.92218e+18
-31.9655  6.76164e+18
-31.8482  7.29747e+18
-31.7309  7.46788e+18
-31.6136  7.26372e+18
-31.4963  6.75195e+18
-31.379  6.06152e+18
-31.2617  5.37139e+18
-31.1444  4.88066e+18
-31.0271  4.77282e+18
-30.9098  5.16038e+18
-30.7925  6.08941e+18
-30.6752  7.48021e+18
-30.5579  9.16189e+18
-30.4406  1.09107e+19
-30.3232  1.24309e+19
-30.2059  1.35165e+19
-30.0886  1.39545e+19
-29.9713  1.36424e+19
-29.854  1.25934e+19
-29.7367  1.09383e+19
-29.6194  8.84472e+18
-29.5021  6.58804e+18
-29.3848  4.44839e+18
-29.2675  2.69172e+18
-29.1502  1.54403e+18
-29.0329  1.15227e+18
-28.9156  1.57554e+18
-28.7983  2.75886e+18
-28.681  4.54621e+18
-28.5637  6.68643e+18
-28.4464  8.89329e+18
-28.3291  1.08492e+19
-28.2118  1.22898e+19
-28.0944  1.30396e+19
-27.9771  1.30324e+19
-27.8598  1.23382e+19
-27.7425  1.11217e+19
-27.6252  9.6288e+18
-27.5079  8.14683e+18
-27.3906  6.93581e+18
-27.2733  6.19763e+18
-27.156  6.02541e+18
-27.0387  6.46137e+18
-26.9214  7.4222e+18
-26.8041  8.78571e+18
-26.6868  1.0379e+19
-26.5695  1.20306e+19
-26.4522  1.35602e+19
-26.3349  1.47786e+19
-26.2176  1.55527e+19
-26.1003  1.5746e+19
-25.983  1.5313e+19
-25.8657  1.42563e+19
-25.7483  1.2638e+19
-25.631  1.0642e+19
-25.5137  8.45087e+18
-25.3964  6.36515e+18
-25.2791  4.63352e+18
-25.1618  3.47938e+18
-25.0445  3.02856e+18
-24.9272  3.31858e+18
-24.8099  4.25647e+18
-24.6926  5.66935e+18
-24.5753  7.34245e+18
-24.458  9.00468e+18
-24.3407  1.04361e+19
-24.2234  1.14709e+19
-24.1061  1.19951e+19
-23.9888  1.19806e+19
-23.8715  1.14604e+19
-23.7542  1.05358e+19
-23.6369  9.33468e+18
-23.5196  8.01601e+18
-23.4023  6.78087e+18
-23.2849  5.79471e+18
-23.1676  5.21224e+18
-23.0503  5.15187e+18
-22.933  5.62252e+18
-22.8157  6.57141e+18
-22.6984  7.83797e+18
-22.5811  9.20909e+18
-22.4638  1.04497e+19
-22.3465  1.13329e+19
-22.2292  1.17317e+19
-22.1119  1.16123e+19
-21.9946  1.10462e+19
-21.8773  1.02097e+19
-21.76  9.31666e+18
-21.6427  8.57938e+18
-21.5254  8.14928e+18
-21.4081  8.09529e+18
-21.2908  8.39399e+18
-21.1735  8.95396e+18
-21.0561  9.65607e+18
-20.9388  1.04147e+19
-20.8215  1.11832e+19
-20.7042  1.19675e+19
-20.5869  1.28448e+19
-20.4696  1.38884e+19
-20.3523  1.51543e+19
-20.235  1.66418e+19
-20.1177  1.82896e+19
-20.0004  1.99624e+19
-19.8831  2.15348e+19
-19.7658  2.28463e+19
-19.6485  2.38475e+19
-19.5312  2.45021e+19
-19.4139  2.49088e+19
-19.2966  2.51567e+19
-19.1793  2.53705e+19
-19.062  2.56184e+19
-18.9447  2.59453e+19
-18.8274  2.63369e+19
-18.71  2.66426e+19
-18.5927  2.67906e+19
-18.4754  2.66713e+19
-18.3581  2.62275e+19
-18.2408  2.55077e+19
-18.1235  2.46056e+19
-18.0062  2.37221e+19
-17.8889  2.31205e+19
-17.7716  2.30667e+19
-17.6543  2.39408e+19
-17.537  2.6028e+19
-17.4197  2.96678e+19
-17.3024  3.51341e+19
-17.1851  4.26329e+19
-17.0678  5.22629e+19
-16.9505  6.3938e+19
-16.8332  7.74222e+19
-16.7159  9.22193e+19
-16.5986  1.07687e+20
-16.4813  1.22999e+20
-16.364  1.37271e+20
-16.2466  1.49612e+20
-16.1293  1.59128e+20
-16.012  1.65378e+20
-15.8947  1.67917e+20
-15.7774  1.66776e+20
-15.6601  1.62169e+20
-15.5428  1.54611e+20
-15.4255  1.4477e+20
-15.3082  1.33485e+20
-15.1909  1.21527e+20
-15.0736  1.0982e+20
-14.9563  9.90302e+19
-14.839  8.99254e+19
-14.7217  8.29999e+19
-14.6044  7.87568e+19
-14.4871  7.75579e+19
-14.3698  7.96793e+19
-14.2525  8.52757e+19
-14.1352  9.43972e+19
-14.0178  1.07111e+20
-13.9005  1.23323e+20
-13.7832  1.42913e+20
-13.6659  1.65774e+20
-13.5486  1.91761e+20
-13.4313  2.20785e+20
-13.314  2.52752e+20
-13.1967  2.87616e+20
-13.0794  3.2553e+20
-12.9621  3.66424e+20
-12.8448  4.10604e+20
-12.7275  4.58194e+20
-12.6102  5.09551e+20
-12.4929  5.65079e+20
-12.3756  6.25164e+20
-12.2583  6.90522e+20
-12.141  7.61954e+20
-12.0237  8.40285e+20
-11.9064  9.26534e+20
-11.7891  1.02198e+21
-11.6718  1.12779e+21
-11.5544  1.24543e+21
-11.4371  1.37646e+21
-11.3198  1.52196e+21
-11.2025  1.68334e+21
-11.0852  1.86164e+21
-10.9679  2.0577e+21
-10.8506  2.27188e+21
-10.7333  2.50402e+21
-10.616  2.75372e+21
-10.4987  3.02031e+21
-10.3814  3.30189e+21
-10.2641  3.59711e+21
-10.1468  3.90373e+21
-10.0295  4.21981e+21
-9.91217  4.54295e+21
-9.79487  4.87132e+21
-9.67756  5.20299e+21
-9.56026  5.53618e+21
-9.44295  5.86957e+21
-9.32565  6.20242e+21
-9.20834  6.53373e+21
-9.09104  6.86296e+21
-8.97373  7.19e+21
-8.85643  7.51475e+21
-8.73913  7.83678e+21
-8.62182  8.1563e+21
-8.50452  8.47312e+21
-8.38721  8.78731e+21
-8.26991  9.09844e+21
-8.1526  9.40651e+21
-8.03529  9.71078e+21
-7.91799  1.0011e+22
-7.80069  1.0307e+22
-7.68338  1.05976e+22
-7.56608  1.08831e+22
-7.44877  1.11632e+22
-7.33146  1.14372e+22
-7.21416  1.17047e+22
-7.09685  1.19653e+22
-6.97955  1.22178e+22
-6.86224  1.24615e+22
-6.74494  1.26953e+22
-6.62763  1.29169e+22
-6.51033  1.3125e+22
-6.39302  1.33175e+22
-6.27572  1.34922e+22
-6.15842  1.36477e+22
-6.04111  1.37819e+22
-5.92381  1.38935e+22
-5.8065  1.39825e+22
-5.68919  1.40481e+22
-5.57189  1.40911e+22
-5.45458  1.41125e+22
-5.33728  1.41144e+22
-5.21997  1.40982e+22
-5.10267  1.40674e+22
-4.98536  1.40243e+22
-4.86806  1.39716e+22
-4.75075  1.39119e+22
-4.63345  1.3848e+22
-4.51614  1.37813e+22
-4.39884  1.37134e+22
-4.28154  1.36454e+22
-4.16423  1.3578e+22
-4.04692  1.35106e+22
-3.92962  1.34436e+22
-3.81231  1.33763e+22
-3.69501  1.33084e+22
-3.5777  1.3239e+22
-3.4604  1.31677e+22
-3.34309  1.30937e+22
-3.22579  1.30167e+22
-3.10849  1.29364e+22
-2.99118  1.28523e+22
-2.87387  1.27647e+22
-2.75657  1.26732e+22
-2.63926  1.25782e+22
-2.52196  1.24795e+22
-2.40465  1.23774e+22
-2.28735  1.22716e+22
-2.17005  1.21626e+22
-2.05274  1.20505e+22
-1.93544  1.19354e+22
-1.81813  1.18177e+22
-1.70083  1.16981e+22
-1.58352  1.15772e+22
-1.46622  1.14561e+22
-1.34891  1.13359e+22
-1.2316  1.12178e+22
-1.1143  1.11035e+22
-0.996995  1.09942e+22
-0.87969  1.08917e+22
-0.762385  1.07976e+22
-0.64508  1.07134e+22
-0.527775  1.06406e+22
-0.41047  1.05806e+22
-0.293165  1.05345e+22
-0.17586  1.05034e+22
-0.058555  1.04878e+22
0.05875  1.04882e+22
0.176055  1.05046e+22
0.29336  1.05363e+22
0.410665  1.05831e+22
0.52797  1.06437e+22
0.645275  1.0717e+22
0.76258  1.08016e+22
0.879885  1.0896e+22
0.99719  1.09985e+22
1.1145  1.11077e+22
1.2318  1.1222e+22
1.3491  1.13399e+22
1.46641  1.14598e+22
1.58371  1.15806e+22
1.70102  1.17011e+22
1.81832  1.18205e+22
1.93563  1.19378e+22
2.05294  1.20525e+22
2.17024  1.21645e+22
2.28754  1.22733e+22
2.40485  1.2379e+22
2.52216  1.24812e+22
2.63946  1.25798e+22
2.75677  1.2675e+22
2.87407  1.27664e+22
2.99137  1.28542e+22
3.10868  1.29382e+22
3.22599  1.30186e+22
3.34329  1.30955e+22
3.4606  1.31694e+22
3.5779  1.32407e+22
3.69521  1.33098e+22
3.81251  1.33777e+22
3.92982  1.34446e+22
4.04712  1.35113e+22
4.16443  1.35785e+22
4.28173  1.3646e+22
4.39903  1.37138e+22
4.51634  1.37816e+22
4.63364  1.38485e+22
4.75095  1.39126e+22
4.86825  1.39722e+22
4.98556  1.40251e+22
5.10286  1.40685e+22
5.22017  1.40994e+22
5.33748  1.41155e+22
5.45478  1.4114e+22
5.57209  1.40926e+22
5.68939  1.40494e+22
5.8067  1.39836e+22
5.924  1.38944e+22
6.0413  1.37823e+22
6.15861  1.36477e+22
6.27591  1.34919e+22
6.39322  1.33168e+22
6.51052  1.31241e+22
6.62783  1.29156e+22
6.74514  1.26936e+22
6.86244  1.246e+22
6.97975  1.22162e+22
7.09705  1.19638e+22
7.21436  1.17036e+22
7.33166  1.14362e+22
7.44897  1.11626e+22
7.56627  1.0883e+22
7.68358  1.05977e+22
7.80088  1.0307e+22
7.91819  1.00112e+22
8.03549  9.71105e+21
8.1528  9.40676e+21
8.2701  9.09836e+21
8.38741  8.78683e+21
8.50471  8.47227e+21
8.62202  8.15483e+21
8.73932  7.83464e+21
8.85662  7.51213e+21
8.97393  7.18696e+21
9.09123  6.85935e+21
9.20854  6.52964e+21
9.32584  6.19821e+21
9.44315  5.86513e+21
9.56045  5.53149e+21
9.67776  5.19837e+21
9.79506  4.86689e+21
9.91237  4.53865e+21
10.0297  4.21569e+21
10.147  3.90002e+21
10.2643  3.59377e+21
10.3816  3.29889e+21
10.4989  3.01759e+21
10.6162  2.7514e+21
10.7335  2.50191e+21
10.8508  2.26998e+21
10.9681  2.05598e+21
11.0854  1.86028e+21
11.2027  1.68217e+21
11.32  1.52087e+21
11.4373  1.37546e+21
11.5546  1.24468e+21
11.6719  1.1271e+21
11.7893  1.02143e+21
11.9066  9.26169e+20
12.0239  8.39906e+20
12.1412  7.6174e+20
12.2585  6.90418e+20
12.3758  6.25122e+20
12.4931  5.65004e+20
12.6104  5.09505e+20
12.7277  4.58169e+20
12.845  4.10596e+20
12.9623  3.66348e+20
13.0796  3.25413e+20
13.1969  2.8748e+20
13.3142  2.52573e+20
13.4315  2.20552e+20
13.5488  1.91527e+20
13.6661  1.65525e+20
13.7834  1.42676e+20
13.9007  1.2309e+20
14.018  1.06928e+20
14.1354  9.42392e+19
14.2527  8.51359e+19
14.37  7.95885e+19
14.4873  7.74986e+19
14.6046  7.87204e+19
14.7219  8.29885e+19
14.8392  8.99372e+19
14.9565  9.90668e+19
15.0738  1.09857e+20
15.1911  1.21589e+20
15.3084  1.33518e+20
15.4257  1.448e+20
15.543  1.54627e+20
15.6603  1.62189e+20
15.7776  1.6678e+20
15.8949  1.67921e+20
16.0122  1.65371e+20
16.1295  1.59139e+20
16.2468  1.49561e+20
16.3641  1.37245e+20
16.4815  1.22971e+20
16.5988  1.07671e+20
16.7161  9.21834e+19
16.8334  7.74003e+19
16.9507  6.39293e+19
17.068  5.22708e+19
17.1853  4.26639e+19
17.3026  3.51913e+19
17.4199  2.97287e+19
17.5372  2.60895e+19
17.6545  2.40116e+19
17.7718  2.31546e+19
17.8891  2.31841e+19
18.0064  2.37876e+19
18.1237  2.46539e+19
18.241  2.55214e+19
18.3583  2.62106e+19
18.4756  2.66154e+19
18.5929  2.67039e+19
18.7102  2.65162e+19
18.8275  2.61919e+19
18.9449  2.58105e+19
19.0622  2.54681e+19
19.1795  2.52311e+19
19.2968  2.50314e+19
19.4141  2.48045e+19
19.5314  2.44051e+19
19.6487  2.37452e+19
19.766  2.27531e+19
19.8833  2.14235e+19
20.0006  1.98531e+19
20.1179  1.81753e+19
20.2352  1.65234e+19
20.3525  1.50305e+19
20.4698  1.37647e+19
20.5871  1.27267e+19
20.7044  1.18522e+19
20.8217  1.10685e+19
20.939  1.03122e+19
21.0563  9.57007e+18
21.1736  8.88676e+18
21.291  8.35225e+18
21.4083  8.0876e+18
21.5256  8.17306e+18
21.6429  8.63683e+18
21.7602  9.4003e+18
21.8775  1.03113e+19
21.9948  1.11529e+19
22.1121  1.17155e+19
22.2294  1.18211e+19
22.3467  1.14072e+19
22.464  1.0491e+19
22.5813  9.23637e+18
22.6986  7.85033e+18
22.8159  6.58253e+18
22.9332  5.64384e+18
23.0505  5.1848e+18
23.1678  5.26821e+18
23.2851  5.86292e+18
23.4024  6.8752e+18
23.5198  8.12724e+18
23.6371  9.45241e+18
23.7544  1.06559e+19
23.8717  1.15708e+19
23.989  1.2081e+19
24.1063  1.20683e+19
24.2236  1.15221e+19
24.3409  1.04662e+19
24.4582  9.00406e+18
24.5755  7.32694e+18
24.6928  5.65072e+18
24.8101  4.22961e+18
24.9274  3.29523e+18
25.0447  3.02315e+18
25.162  3.49414e+18
25.2793  4.66636e+18
25.3966  6.41133e+18
25.5139  8.49417e+18
25.6312  1.06624e+19
25.7485  1.26541e+19
25.8658  1.42366e+19
25.9832  1.52815e+19
26.1005  1.56733e+19
26.2178  1.54497e+19
26.3351  1.46722e+19
26.4524  1.34505e+19
26.5697  1.19328e+19
26.687  1.02989e+19
26.8043  8.72008e+18
26.9216  7.38562e+18
27.0389  6.45807e+18
27.1562  6.06125e+18
27.2735  6.26368e+18
27.3908  7.04253e+18
27.5081  8.27869e+18
27.6254  9.77849e+18
27.7427  1.12755e+19
27.86  1.24893e+19
27.9773  1.31689e+19
28.0946  1.31477e+19
28.212  1.23671e+19
28.3293  1.08935e+19
28.4466  8.90431e+18
28.5639  6.67685e+18
28.6812  4.5193e+18
28.7985  2.73124e+18
28.9158  1.55592e+18
29.0331  1.15036e+18
29.1504  1.56206e+18
29.2677  2.73056e+18
29.385  4.50432e+18
29.5023  6.65348e+18
29.6196  8.9124e+18
29.7369  1.09907e+19
29.8542  1.26311e+19
29.9715  1.36511e+19
30.0888  1.39362e+19
30.2061  1.34906e+19
30.3234  1.2406e+19
30.4407  1.08638e+19
30.558  9.12992e+18
30.6754  7.45363e+18
30.7927  6.08441e+18
30.91  5.17099e+18
31.0273  4.7881e+18
31.1446  4.90411e+18
31.2619  5.39126e+18
31.3792  6.07165e+18
31.4965  6.7492e+18
31.6138  7.24494e+18
31.7311  7.43217e+18
31.8484  7.2502e+18
31.9657  6.70663e+18
32.083  5.86287e+18
32.2003  4.82348e+18
32.3176  3.70172e+18
32.4349  2.6166e+18
32.5522  1.66456e+18
32.6695  9.22702e+17
32.7868  4.32147e+17
32.9042  1.97769e+17
33.0215  1.93722e+17
33.1388  3.60513e+17
33.2561  6.21491e+17
33.3734  8.9297e+17
33.4907  1.10919e+18
33.608  1.23359e+18
33.7253  1.27729e+18
33.8426  1.28878e+18
33.9599  1.34911e+18
34.0772  1.54725e+18
34.1945  1.9405e+18
34.3118  2.53193e+18
34.4291  3.25904e+18
34.5464  3.99832e+18
34.6637  4.60335e+18
34.781  4.92081e+18
34.8983  4.86667e+18
35.0156  4.43722e+18
35.1329  3.73403e+18
35.2503  2.93169e+18
35.3676  2.2411e+18
35.4849  1.86159e+18
35.6022  1.89772e+18
35.7195  2.33618e+18
35.8368  3.05576e+18
35.9541  3.85638e+18
36.0714  4.48288e+18
36.1887  4.7609e+18
36.306  4.59706e+18
36.4233  4.02212e+18
36.5406  3.20022e+18
36.6579  2.36538e+18
36.7752  1.74243e+18
36.8925  1.48672e+18
37.0098  1.64163e+18
37.1271  2.1129e+18
37.2444  2.7263e+18
37.3617  3.2671e+18
37.479  3.58427e+18
37.5964  3.63702e+18
37.7137  3.53888e+18
37.831  3.52578e+18
37.9483  3.87549e+18
38.0656  4.86072e+18
38.1829  6.5893e+18
38.3002  8.99389e+18
38.4175  1.17958e+19
38.5348  1.45561e+19
38.6521  1.67718e+19
38.7694  1.79928e+19
38.8867  1.79429e+19
39.004  1.65892e+19
39.1213  1.41667e+19
39.2386  1.1112e+19
39.3559  7.98063e+18
39.4732  5.32411e+18
39.5905  3.57593e+18
39.7078  2.962e+18
39.8251  3.47389e+18
39.9425  4.90591e+18
40.0598  6.90491e+18
40.1771  9.09637e+18
40.2944  1.11092e+19
40.4117  1.26997e+19
40.529  1.37314e+19
40.6463  1.41935e+19
40.7636  1.41912e+19
40.8809  1.38173e+19
40.9982  1.32053e+19
41.1155  1.24659e+19
41.2328  1.16662e+19
41.3501  1.08242e+19
41.4674  9.93066e+18
41.5847  8.98797e+18
41.702  7.96373e+18
41.8193  6.84816e+18
41.9366  5.6671e+18
42.0539  4.47146e+18
42.1712  3.36921e+18
42.2885  2.52083e+18
42.4059  2.13505e+18
42.5232  2.4117e+18
42.6405  3.51358e+18
42.7578  5.50042e+18
42.8751  8.27779e+18
42.9924  1.15811e+19
43.1097  1.49696e+19
43.227  1.79251e+19
43.3443  1.99266e+19
43.4616  2.05759e+19
43.5789  1.97099e+19
43.6962  1.74441e+19
43.8135  1.42055e+19
43.9308  1.05888e+19
44.0481  7.3045e+18
44.1654  4.97925e+18
44.2827  4.01563e+18
44.4  4.50052e+18
44.5173  6.18575e+18
44.6347  8.57686e+18
44.752  1.10231e+19
44.8693  1.29121e+19
44.9866  1.37688e+19
45.1039  1.34197e+19
45.2212  1.1927e+19
45.3385  9.62663e+18
45.4558  7.00355e+18
45.5731  4.50711e+18
45.6904  2.52709e+18
45.8077  1.27573e+18
45.925  7.80781e+17
46.0423  9.15139e+17
46.1596  1.47261e+18
46.2769  2.22057e+18
46.3942  2.97471e+18
46.5115  3.62311e+18
46.6288  4.11125e+18
46.7461  4.44242e+18
46.8634  4.62597e+18
46.9808  4.65954e+18
47.0981  4.53501e+18
47.2154  4.23447e+18
47.3327  3.77179e+18
47.45  3.18731e+18
47.5673  2.58928e+18
47.6846  2.1168e+18
47.8019  1.92111e+18
47.9192  2.12582e+18
48.0365  2.78851e+18
48.1538  3.87015e+18
48.2711  5.24316e+18
48.3884  6.71088e+18
48.5057  8.03679e+18
48.623  8.99702e+18
48.7403  9.42396e+18
48.8576  9.21658e+18
48.9749  8.40224e+18
49.0922  7.0922e+18
49.2095  5.46589e+18
49.3269  3.74145e+18
49.4442  2.17029e+18
49.5615  9.5812e+17
49.6788  2.79215e+17
49.7961  2.21949e+17
49.9134  7.85289e+17
50.0307  1.87091e+18
50.148  3.29751e+18
50.2653  4.81954e+18
50.3826  6.18473e+18
50.4999  7.15749e+18
50.6172  7.59049e+18
50.7345  7.43083e+18
50.8518  6.75394e+18
50.9691  5.73698e+18
51.0864  4.63145e+18
51.2037  3.71436e+18
51.321  3.19271e+18
51.4383  3.2171e+18
51.5556  3.80365e+18
51.673  4.85519e+18
51.7903  6.18371e+18
51.9076  7.55708e+18
52.0249  8.73368e+18
52.1422  9.53317e+18
52.2595  9.83013e+18
52.3768  9.59109e+18
52.4941  8.92456e+18
52.6114  7.96028e+18
52.7287  6.90091e+18
52.846  5.96608e+18
52.9633  5.34454e+18
53.0806  5.19816e+18
53.1979  5.58265e+18
53.3152  6.47214e+18
53.4325  7.73096e+18
53.5498  9.13591e+18
53.6671  1.04175e+19
53.7844  1.13186e+19
53.9017  1.16524e+19
54.0191  1.12941e+19
54.1364  1.02805e+19
54.2537  8.79558e+18
54.371  7.11613e+18
54.4883  5.54613e+18
54.6056  4.38412e+18
54.7229  3.79447e+18
54.8402  3.82627e+18
54.9575  4.38818e+18
55.0748  5.27152e+18
55.1921  6.22606e+18
55.3094  7.01237e+18
55.4267  7.46606e+18
55.544  7.52219e+18
55.6613  7.23116e+18
55.7786  6.68851e+18
55.8959  6.02807e+18
56.0132  5.33617e+18
56.1305  4.6676e+18
56.2478  4.0214e+18
56.3651  3.38974e+18
56.4825  2.76174e+18
56.5998  2.18698e+18
56.7171  1.75666e+18
56.8344  1.59519e+18
56.9517  1.80346e+18
57.069  2.4258e+18
57.1863  3.39359e+18
57.3036  4.53379e+18
57.4209  5.60234e+18
57.5382  6.33745e+18
57.6555  6.5686e+18
57.7728  6.24269e+18
57.8901  5.48865e+18
58.0074  4.57555e+18
58.1247  3.85814e+18
58.242  3.66498e+18
58.3593  4.18467e+18
58.4766  5.4097e+18
58.5939  7.14702e+18
