#S 1 spectral density
#N 2
#UFWHM 13.7247
#L  abscissas [um]  spectral density
-58.5938  3.49371e+18
-58.4764  3.96247e+18
-58.3591  5.31467e+18
-58.2418  7.50906e+18
-58.1245  1.02849e+19
-58.0072  1.31608e+19
-57.8899  1.56085e+19
-57.7726  1.71288e+19
-57.6553  1.73889e+19
-57.538  1.63176e+19
-57.4207  1.41209e+19
-57.3034  1.11954e+19
-57.1861  8.07807e+18
-57.0688  5.27961e+18
-56.9515  3.20781e+18
-56.8342  2.06848e+18
-56.7169  1.87667e+18
-56.5996  2.46732e+18
-56.4823  3.5706e+18
-56.365  4.88867e+18
-56.2477  6.1657e+18
-56.1303  7.21897e+18
-56.013  7.93026e+18
-55.8957  8.27681e+18
-55.7784  8.25754e+18
-55.6611  7.9114e+18
-55.5438  7.29575e+18
-55.4265  6.45576e+18
-55.3092  5.50198e+18
-55.1919  4.56907e+18
-55.0746  3.81502e+18
-54.9573  3.41413e+18
-54.84  3.50422e+18
-54.7227  4.15356e+18
-54.6054  5.35834e+18
-54.4881  6.99739e+18
-54.3708  8.85539e+18
-54.2535  1.06842e+19
-54.1362  1.22245e+19
-54.0189  1.324e+19
-53.9016  1.36074e+19
-53.7842  1.33031e+19
-53.6669  1.2367e+19
-53.5496  1.09545e+19
-53.4323  9.28111e+18
-53.315  7.57686e+18
-53.1977  6.08732e+18
-53.0804  5.02745e+18
-52.9631  4.56371e+18
-52.8458  4.79317e+18
-52.7285  5.73818e+18
-52.6112  7.3182e+18
-52.4939  9.35174e+18
-52.3766  1.15873e+19
-52.2593  1.37097e+19
-52.142  1.54127e+19
-52.0247  1.64225e+19
-51.9074  1.65711e+19
-51.7901  1.58074e+19
-51.6728  1.4226e+19
-51.5555  1.2015e+19
-51.4381  9.46823e+18
-51.3208  6.87919e+18
-51.2035  4.54823e+18
-51.0862  2.70705e+18
-50.9689  1.52542e+18
-50.8516  1.10212e+18
-50.7343  1.48008e+18
-50.617  2.65297e+18
-50.4997  4.57421e+18
-50.3824  7.16006e+18
-50.2651  1.02887e+19
-50.1478  1.37581e+19
-50.0305  1.73526e+19
-49.9132  2.07678e+19
-49.7959  2.37166e+19
-49.6786  2.59401e+19
-49.5613  2.72405e+19
-49.444  2.75084e+19
-49.3267  2.67797e+19
-49.2094  2.51834e+19
-49.092  2.29384e+19
-48.9747  2.0293e+19
-48.8574  1.75165e+19
-48.7401  1.48216e+19
-48.6228  1.23629e+19
-48.5055  1.02415e+19
-48.3882  8.46908e+18
-48.2709  7.04146e+18
-48.1536  5.91511e+18
-48.0363  5.0531e+18
-47.919  4.42207e+18
-47.8017  4.0139e+18
-47.6844  3.83776e+18
-47.5671  3.9333e+18
-47.4498  4.35527e+18
-47.3325  5.1303e+18
-47.2152  6.29e+18
-47.0979  7.78073e+18
-46.9806  9.50221e+18
-46.8633  1.12625e+19
-46.7459  1.27911e+19
-46.6286  1.38225e+19
-46.5113  1.4094e+19
-46.394  1.34806e+19
-46.2767  1.19819e+19
-46.1594  9.80578e+18
-46.0421  7.33334e+18
-45.9248  5.03397e+18
-45.8075  3.38132e+18
-45.6902  2.73492e+18
-45.5729  3.24188e+18
-45.4556  4.77902e+18
-45.3383  6.98698e+18
-45.221  9.33131e+18
-45.1037  1.12514e+19
-44.9864  1.23009e+19
-44.8691  1.22675e+19
-44.7518  1.12052e+19
-44.6345  9.48471e+18
-44.5172  7.65855e+18
-44.3998  6.30956e+18
-44.2825  5.92729e+18
-44.1652  6.76271e+18
-44.0479  8.77574e+18
-43.9306  1.16594e+19
-43.8133  1.48896e+19
-43.696  1.78915e+19
-43.5787  2.01725e+19
-43.4614  2.14263e+19
-43.3441  2.15617e+19
-43.2268  2.07366e+19
-43.1095  1.9263e+19
-42.9922  1.75369e+19
-42.8749  1.5912e+19
-42.7576  1.46613e+19
-42.6403  1.3886e+19
-42.523  1.35887e+19
-42.4057  1.36481e+19
-42.2884  1.39156e+19
-42.171  1.42369e+19
-42.0537  1.45032e+19
-41.9364  1.4665e+19
-41.8191  1.47207e+19
-41.7018  1.47357e+19
-41.5845  1.47879e+19
-41.4672  1.49813e+19
-41.3499  1.53921e+19
-41.2326  1.60929e+19
-41.1153  1.70976e+19
-40.998  1.83519e+19
-40.8807  1.97282e+19
-40.7634  2.10032e+19
-40.6461  2.19178e+19
-40.5288  2.21614e+19
-40.4115  2.14963e+19
-40.2942  1.98097e+19
-40.1769  1.71404e+19
-40.0596  1.37173e+19
-39.9423  9.98829e+18
-39.825  6.50388e+18
-39.7076  3.81673e+18
-39.5903  2.38835e+18
-39.473  2.47539e+18
-39.3557  4.08503e+18
-39.2384  6.96226e+18
-39.1211  1.06481e+19
-39.0038  1.45937e+19
-38.8865  1.82904e+19
-38.7692  2.13805e+19
-38.6519  2.36831e+19
-38.5346  2.52488e+19
-38.4173  2.62601e+19
-38.3  2.69904e+19
-38.1827  2.76405e+19
-38.0654  2.82956e+19
-37.9481  2.89007e+19
-37.8308  2.92393e+19
-37.7135  2.90537e+19
-37.5962  2.8095e+19
-37.4789  2.62438e+19
-37.3615  2.35775e+19
-37.2442  2.03708e+19
-37.1269  1.70073e+19
-37.0096  1.39537e+19
-36.8923  1.16143e+19
-36.775  1.02419e+19
-36.6577  9.88312e+18
-36.5404  1.03796e+19
-36.4231  1.14078e+19
-36.3058  1.2569e+19
-36.1885  1.34964e+19
-36.0712  1.39276e+19
-35.9539  1.37479e+19
-35.8366  1.30144e+19
-35.7193  1.18979e+19
-35.602  1.06064e+19
-35.4847  9.39894e+18
-35.3674  8.41678e+18
-35.2501  7.73612e+18
-35.1328  7.34622e+18
-35.0154  7.17817e+18
-34.8981  7.13591e+18
-34.7808  7.14639e+18
-34.6635  7.17703e+18
-34.5462  7.23274e+18
-34.4289  7.35882e+18
-34.3116  7.5901e+18
-34.1943  7.94366e+18
-34.077  8.39921e+18
-33.9597  8.89418e+18
-33.8424  9.33625e+18
-33.7251  9.61118e+18
-33.6078  9.63498e+18
-33.4905  9.34986e+18
-33.3732  8.74926e+18
-33.2559  7.87283e+18
-33.1386  6.81042e+18
-33.0213  5.68802e+18
-32.904  4.65213e+18
-32.7867  3.85e+18
-32.6693  3.43247e+18
-32.552  3.51213e+18
-32.4347  4.18466e+18
-32.3174  5.48039e+18
-32.2001  7.36651e+18
-32.0828  9.74414e+18
-31.9655  1.2422e+19
-31.8482  1.52093e+19
-31.7309  1.78528e+19
-31.6136  2.01083e+19
-31.4963  2.17988e+19
-31.379  2.27935e+19
-31.2617  2.30803e+19
-31.1444  2.27156e+19
-31.0271  2.18071e+19
-30.9098  2.05527e+19
-30.7925  1.91536e+19
-30.6752  1.78386e+19
-30.5579  1.67996e+19
-30.4406  1.61953e+19
-30.3232  1.61453e+19
-30.2059  1.66833e+19
-30.0886  1.77868e+19
-29.9713  1.93534e+19
-29.854  2.1179e+19
-29.7367  2.29977e+19
-29.6194  2.45257e+19
-29.5021  2.54801e+19
-29.3848  2.56355e+19
-29.2675  2.48742e+19
-29.1502  2.32483e+19
-29.0329  2.09736e+19
-28.9156  1.84037e+19
-28.7983  1.6008e+19
-28.681  1.42911e+19
-28.5637  1.37321e+19
-28.4464  1.46989e+19
-28.3291  1.74149e+19
-28.2118  2.19075e+19
-28.0944  2.80551e+19
-27.9771  3.55517e+19
-27.8598  4.39615e+19
-27.7425  5.28007e+19
-27.6252  6.14562e+19
-27.5079  6.94098e+19
-27.3906  7.61173e+19
-27.2733  8.1173e+19
-27.156  8.42304e+19
-27.0387  8.51525e+19
-26.9214  8.39651e+19
-26.8041  8.08826e+19
-26.6868  7.62777e+19
-26.5695  7.06122e+19
-26.4522  6.43994e+19
-26.3349  5.81553e+19
-26.2176  5.22656e+19
-26.1003  4.69708e+19
-25.983  4.23381e+19
-25.8657  3.82947e+19
-25.7483  3.4677e+19
-25.631  3.12772e+19
-25.5137  2.79294e+19
-25.3964  2.45179e+19
-25.2791  2.10514e+19
-25.1618  1.76333e+19
-25.0445  1.44554e+19
-24.9272  1.17616e+19
-24.8099  9.79918e+18
-24.6926  8.80128e+18
-24.5753  8.95813e+18
-24.458  1.03571e+19
-24.3407  1.30419e+19
-24.2234  1.69488e+19
-24.1061  2.19486e+19
-23.9888  2.78508e+19
-23.8715  3.43907e+19
-23.7542  4.13293e+19
-23.6369  4.83974e+19
-23.5196  5.53603e+19
-23.4023  6.20691e+19
-23.2849  6.8406e+19
-23.1676  7.43334e+19
-23.0503  7.98932e+19
-22.933  8.50451e+19
-22.8157  8.99027e+19
-22.6984  9.44157e+19
-22.5811  9.86227e+19
-22.4638  1.02614e+20
-22.3465  1.06376e+20
-22.2292  1.10113e+20
-22.1119  1.13989e+20
-21.9946  1.18236e+20
-21.8773  1.2302e+20
-21.76  1.28526e+20
-21.6427  1.34804e+20
-21.5254  1.41716e+20
-21.4081  1.49046e+20
-21.2908  1.56429e+20
-21.1735  1.63448e+20
-21.0561  1.6975e+20
-20.9388  1.74989e+20
-20.8215  1.79118e+20
-20.7042  1.82081e+20
-20.5869  1.84096e+20
-20.4696  1.85382e+20
-20.3523  1.86302e+20
-20.235  1.87066e+20
-20.1177  1.88051e+20
-20.0004  1.89351e+20
-19.8831  1.91063e+20
-19.7658  1.93296e+20
-19.6485  1.96094e+20
-19.5312  1.99466e+20
-19.4139  2.03405e+20
-19.2966  2.07885e+20
-19.1793  2.12848e+20
-19.062  2.18184e+20
-18.9447  2.23832e+20
-18.8274  2.29765e+20
-18.71  2.35942e+20
-18.5927  2.4254e+20
-18.4754  2.49859e+20
-18.3581  2.5822e+20
-18.2408  2.68163e+20
-18.1235  2.80052e+20
-18.0062  2.94323e+20
-17.8889  3.11191e+20
-17.7716  3.3053e+20
-17.6543  3.5232e+20
-17.537  3.75961e+20
-17.4197  4.01e+20
-17.3024  4.26675e+20
-17.1851  4.52409e+20
-17.0678  4.77577e+20
-16.9505  5.01611e+20
-16.8332  5.24165e+20
-16.7159  5.4499e+20
-16.5986  5.64095e+20
-16.4813  5.81588e+20
-16.364  5.97846e+20
-16.2466  6.13327e+20
-16.1293  6.28525e+20
-16.012  6.44541e+20
-15.8947  6.62122e+20
-15.7774  6.82214e+20
-15.6601  7.05656e+20
-15.5428  7.33142e+20
-15.4255  7.65074e+20
-15.3082  8.01693e+20
-15.1909  8.42462e+20
-15.0736  8.87084e+20
-14.9563  9.34531e+20
-14.839  9.8376e+20
-14.7217  1.03331e+21
-14.6044  1.08218e+21
-14.4871  1.12894e+21
-14.3698  1.1728e+21
-14.2525  1.21292e+21
-14.1352  1.24898e+21
-14.0178  1.28077e+21
-13.9005  1.30872e+21
-13.7832  1.33343e+21
-13.6659  1.35564e+21
-13.5486  1.37655e+21
-13.4313  1.3974e+21
-13.314  1.41927e+21
-13.1967  1.44325e+21
-13.0794  1.47042e+21
-12.9621  1.50147e+21
-12.8448  1.537e+21
-12.7275  1.57737e+21
-12.6102  1.62277e+21
-12.4929  1.67322e+21
-12.3756  1.72876e+21
-12.2583  1.78939e+21
-12.141  1.85523e+21
-12.0237  1.92647e+21
-11.9064  2.0034e+21
-11.7891  2.08653e+21
-11.6718  2.17642e+21
-11.5544  2.2735e+21
-11.4371  2.3779e+21
-11.3198  2.4899e+21
-11.2025  2.60891e+21
-11.0852  2.73435e+21
-10.9679  2.86493e+21
-10.8506  2.99881e+21
-10.7333  3.13384e+21
-10.616  3.26769e+21
-10.4987  3.39809e+21
-10.3814  3.52239e+21
-10.2641  3.6386e+21
-10.1468  3.74581e+21
-10.0295  3.84303e+21
-9.91217  3.93059e+21
-9.79487  4.01003e+21
-9.67756  4.0835e+21
-9.56026  4.15384e+21
-9.44295  4.22446e+21
-9.32565  4.29957e+21
-9.20834  4.38267e+21
-9.09104  4.4775e+21
-8.97373  4.58677e+21
-8.85643  4.71309e+21
-8.73913  4.85714e+21
-8.62182  5.01934e+21
-8.50452  5.19856e+21
-8.38721  5.3932e+21
-8.26991  5.60001e+21
-8.1526  5.81597e+21
-8.03529  6.03682e+21
-7.91799  6.25887e+21
-7.80069  6.4783e+21
-7.68338  6.69143e+21
-7.56608  6.89573e+21
-7.44877  7.08922e+21
-7.33146  7.27046e+21
-7.21416  7.43913e+21
-7.09685  7.59558e+21
-6.97955  7.74083e+21
-6.86224  7.87636e+21
-6.74494  8.00422e+21
-6.62763  8.12593e+21
-6.51033  8.24416e+21
-6.39302  8.36116e+21
-6.27572  8.4791e+21
-6.15842  8.60027e+21
-6.04111  8.72671e+21
-5.92381  8.86017e+21
-5.8065  9.00256e+21
-5.68919  9.15492e+21
-5.57189  9.31817e+21
-5.45458  9.49284e+21
-5.33728  9.67893e+21
-5.21997  9.87518e+21
-5.10267  1.00808e+22
-4.98536  1.02936e+22
-4.86806  1.05109e+22
-4.75075  1.07298e+22
-4.63345  1.09468e+22
-4.51614  1.11582e+22
-4.39884  1.13602e+22
-4.28154  1.15494e+22
-4.16423  1.17234e+22
-4.04692  1.1879e+22
-3.92962  1.20156e+22
-3.81231  1.21329e+22
-3.69501  1.22314e+22
-3.5777  1.23134e+22
-3.4604  1.23815e+22
-3.34309  1.2439e+22
-3.22579  1.24899e+22
-3.10849  1.25389e+22
-2.99118  1.259e+22
-2.87387  1.26471e+22
-2.75657  1.27137e+22
-2.63926  1.27929e+22
-2.52196  1.28863e+22
-2.40465  1.29953e+22
-2.28735  1.31193e+22
-2.17005  1.32582e+22
-2.05274  1.34103e+22
-1.93544  1.35731e+22
-1.81813  1.37444e+22
-1.70083  1.39208e+22
-1.58352  1.40997e+22
-1.46622  1.42779e+22
-1.34891  1.44525e+22
-1.2316  1.46212e+22
-1.1143  1.47811e+22
-0.996995  1.49306e+22
-0.87969  1.50678e+22
-0.762385  1.51903e+22
-0.64508  1.52977e+22
-0.527775  1.53886e+22
-0.41047  1.54618e+22
-0.293165  1.55168e+22
-0.17586  1.55534e+22
-0.058555  1.55712e+22
0.05875  1.55699e+22
0.176055  1.55497e+22
0.29336  1.55108e+22
0.410665  1.54534e+22
0.52797  1.53778e+22
0.645275  1.5285e+22
0.76258  1.51757e+22
0.879885  1.50514e+22
0.99719  1.49131e+22
1.1145  1.47625e+22
1.2318  1.46014e+22
1.3491  1.44321e+22
1.46641  1.42568e+22
1.58371  1.4078e+22
1.70102  1.38988e+22
1.81832  1.3722e+22
1.93563  1.35507e+22
2.05294  1.33876e+22
2.17024  1.32358e+22
2.28754  1.30972e+22
2.40485  1.2973e+22
2.52216  1.28644e+22
2.63946  1.27711e+22
2.75677  1.26921e+22
2.87407  1.26256e+22
2.99137  1.25686e+22
3.10868  1.25175e+22
3.22599  1.24684e+22
3.34329  1.24172e+22
3.4606  1.23595e+22
3.5779  1.22911e+22
3.69521  1.22087e+22
3.81251  1.21095e+22
3.92982  1.19914e+22
4.04712  1.18538e+22
4.16443  1.16972e+22
4.28173  1.15223e+22
4.39903  1.13317e+22
4.51634  1.11286e+22
4.63364  1.09162e+22
4.75095  1.06982e+22
4.86825  1.04784e+22
4.98556  1.02603e+22
5.10286  1.00471e+22
5.22017  9.84087e+21
5.33748  9.64436e+21
5.45478  9.45838e+21
5.57209  9.2839e+21
5.68939  9.12076e+21
5.8067  8.96861e+21
5.924  8.82656e+21
6.0413  8.69348e+21
6.15861  8.56745e+21
6.27591  8.44642e+21
6.39322  8.32866e+21
6.51052  8.21168e+21
6.62783  8.0932e+21
6.74514  7.97102e+21
6.86244  7.8431e+21
6.97975  7.70697e+21
7.09705  7.56133e+21
7.21436  7.40442e+21
7.33166  7.23515e+21
7.44897  7.05375e+21
7.56627  6.86026e+21
7.68358  6.65591e+21
7.80088  6.44291e+21
7.91819  6.22391e+21
8.03549  6.00246e+21
8.1528  5.78242e+21
8.2701  5.56732e+21
8.38741  5.36137e+21
8.50471  5.16768e+21
8.62202  4.98947e+21
8.73932  4.82812e+21
8.85662  4.68486e+21
8.97393  4.5594e+21
9.09123  4.45059e+21
9.20854  4.35628e+21
9.32584  4.27347e+21
9.44315  4.19861e+21
9.56045  4.1279e+21
9.67776  4.0577e+21
9.79506  3.98425e+21
9.91237  3.90489e+21
10.0297  3.8174e+21
10.147  3.72055e+21
10.2643  3.61384e+21
10.3816  3.498e+21
10.4989  3.3743e+21
10.6162  3.24474e+21
10.7335  3.11156e+21
10.8508  2.97737e+21
10.9681  2.84436e+21
11.0854  2.71488e+21
11.2027  2.59038e+21
11.32  2.4722e+21
11.4373  2.36116e+21
11.5546  2.25751e+21
11.6719  2.16114e+21
11.7893  2.07209e+21
11.9066  1.98963e+21
12.0239  1.91321e+21
12.1412  1.84273e+21
12.2585  1.77744e+21
12.3758  1.71741e+21
12.4931  1.66239e+21
12.6104  1.61243e+21
12.7277  1.56745e+21
12.845  1.5274e+21
12.9623  1.49214e+21
13.0796  1.46144e+21
13.1969  1.43437e+21
13.3142  1.41059e+21
13.4315  1.38884e+21
13.5488  1.368e+21
13.6661  1.34704e+21
13.7834  1.32478e+21
13.9007  1.30007e+21
14.018  1.27206e+21
14.1354  1.24029e+21
14.2527  1.20437e+21
14.37  1.16434e+21
14.4873  1.12066e+21
14.6046  1.074e+21
14.7219  1.02537e+21
14.8392  9.75998e+20
14.9565  9.27046e+20
15.0738  8.79925e+20
15.1911  8.3556e+20
15.3084  7.94996e+20
15.4257  7.58704e+20
15.543  7.27049e+20
15.6603  6.99836e+20
15.7776  6.76641e+20
15.8949  6.56781e+20
16.0122  6.39509e+20
16.1295  6.23752e+20
16.2468  6.08703e+20
16.3641  5.93534e+20
16.4815  5.77492e+20
16.5988  5.60194e+20
16.7161  5.41309e+20
16.8334  5.20634e+20
16.9507  4.98246e+20
17.068  4.74378e+20
17.1853  4.49376e+20
17.3026  4.23812e+20
17.4199  3.98212e+20
17.5372  3.73264e+20
17.6545  3.49746e+20
17.7718  3.28092e+20
17.8891  3.08771e+20
18.0064  2.92043e+20
18.1237  2.77918e+20
18.241  2.66095e+20
18.3583  2.56281e+20
18.4756  2.48018e+20
18.5929  2.4083e+20
18.7102  2.3428e+20
18.8275  2.28224e+20
18.9449  2.22413e+20
19.0622  2.16853e+20
19.1795  2.11632e+20
19.2968  2.0677e+20
19.4141  2.02401e+20
19.5314  1.98538e+20
19.6487  1.95229e+20
19.766  1.92538e+20
19.8833  1.90315e+20
20.0006  1.8867e+20
20.1179  1.87454e+20
20.2352  1.86574e+20
20.3525  1.85815e+20
20.4698  1.84934e+20
20.5871  1.83656e+20
20.7044  1.81665e+20
20.8217  1.78712e+20
20.939  1.7462e+20
21.0563  1.69305e+20
21.1736  1.62987e+20
21.291  1.55911e+20
21.4083  1.48524e+20
21.5256  1.4115e+20
21.6429  1.34215e+20
21.7602  1.27936e+20
21.8775  1.2241e+20
21.9948  1.17598e+20
22.1121  1.13378e+20
22.2294  1.09494e+20
22.3467  1.05756e+20
22.464  1.0196e+20
22.5813  9.79915e+19
22.6986  9.37587e+19
22.8159  8.92545e+19
22.9332  8.44235e+19
23.0505  7.92719e+19
23.1678  7.37375e+19
23.2851  6.78062e+19
23.4024  6.14993e+19
23.5198  5.48158e+19
23.6371  4.78763e+19
23.7544  4.08463e+19
23.8717  3.39521e+19
23.989  2.74607e+19
24.1063  2.16114e+19
24.2236  1.66661e+19
24.3409  1.28192e+19
24.4582  1.01871e+19
24.5755  8.84244e+18
24.6928  8.73616e+18
24.8101  9.7719e+18
24.9274  1.1761e+19
25.0447  1.44815e+19
25.162  1.76792e+19
25.2793  2.11095e+19
25.3966  2.45845e+19
25.5139  2.8004e+19
25.6312  3.13698e+19
25.7485  3.47946e+19
25.8658  3.84498e+19
25.9832  4.25274e+19
26.1005  4.72218e+19
26.2178  5.25862e+19
26.3351  5.8512e+19
26.4524  6.47738e+19
26.5697  7.09751e+19
26.687  7.66112e+19
26.8043  8.11692e+19
26.9216  8.41711e+19
27.0389  8.52238e+19
27.1562  8.41698e+19
27.2735  8.09768e+19
27.3908  7.58059e+19
27.5081  6.89989e+19
27.6254  6.09803e+19
27.7427  5.22964e+19
27.86  4.34888e+19
27.9773  3.51189e+19
28.0946  2.77012e+19
28.212  2.16415e+19
28.3293  1.72477e+19
28.4466  1.46341e+19
28.5639  1.3754e+19
28.6812  1.43825e+19
28.7985  1.61457e+19
28.9158  1.85608e+19
29.0331  2.11275e+19
29.1504  2.33829e+19
29.2677  2.49721e+19
29.385  2.56982e+19
29.5023  2.55137e+19
29.6196  2.45285e+19
29.7369  2.29737e+19
29.8542  2.11452e+19
29.9715  1.93254e+19
30.0888  1.77748e+19
30.2061  1.668e+19
30.3234  1.61585e+19
30.4407  1.62337e+19
30.558  1.68463e+19
30.6754  1.79015e+19
30.7927  1.92013e+19
30.91  2.05744e+19
31.0273  2.18045e+19
31.1446  2.2681e+19
31.2619  2.30144e+19
31.3792  2.2695e+19
31.4965  2.16605e+19
31.6138  1.99489e+19
31.7311  1.76771e+19
31.8484  1.50479e+19
31.9657  1.22874e+19
32.083  9.62315e+18
32.2003  7.28092e+18
32.3176  5.43076e+18
32.4349  4.15861e+18
32.5522  3.51003e+18
32.6695  3.44322e+18
32.7868  3.87134e+18
32.9042  4.67247e+18
33.0215  5.70706e+18
33.1388  6.81677e+18
33.2561  7.86649e+18
33.3734  8.72533e+18
33.4907  9.31644e+18
33.608  9.59453e+18
33.7253  9.56491e+18
33.8426  9.29324e+18
33.9599  8.86074e+18
34.0772  8.37891e+18
34.1945  7.93771e+18
34.3118  7.60024e+18
34.4291  7.38503e+18
34.5464  7.2727e+18
34.6637  7.22327e+18
34.781  7.20048e+18
34.8983  7.19486e+18
35.0156  7.2447e+18
35.1329  7.42484e+18
35.2503  7.82473e+18
35.3676  8.51956e+18
35.4849  9.5082e+18
35.6022  1.07251e+19
35.7195  1.19998e+19
35.8368  1.31233e+19
35.9541  1.38332e+19
36.0714  1.39904e+19
36.1887  1.35424e+19
36.306  1.25904e+19
36.4233  1.14081e+19
36.5406  1.03724e+19
36.6579  9.87839e+18
36.7752  1.02423e+19
36.8925  1.16219e+19
37.0098  1.39715e+19
37.1271  1.70371e+19
37.2444  2.04051e+19
37.3617  2.3625e+19
37.479  2.63011e+19
37.5964  2.81668e+19
37.7137  2.9152e+19
37.831  2.93556e+19
37.9483  2.90488e+19
38.0656  2.84614e+19
38.1829  2.78273e+19
38.3002  2.71832e+19
38.4175  2.64442e+19
38.5348  2.54099e+19
38.6521  2.38014e+19
38.7694  2.14559e+19
38.8867  1.83189e+19
39.004  1.45716e+19
39.1213  1.05862e+19
39.2386  6.89033e+18
39.3559  4.02901e+18
39.4732  2.45045e+18
39.5905  2.40582e+18
39.7078  3.88863e+18
39.8251  6.63212e+18
39.9425  1.01644e+19
40.0598  1.39083e+19
40.1771  1.73315e+19
40.2944  2.0004e+19
40.4117  2.16641e+19
40.529  2.22874e+19
40.6463  2.20142e+19
40.7636  2.10696e+19
40.8809  1.97591e+19
40.9982  1.83736e+19
41.1155  1.71062e+19
41.2328  1.61069e+19
41.3501  1.5411e+19
41.4674  1.50137e+19
41.5847  1.48383e+19
41.702  1.47972e+19
41.8193  1.47926e+19
41.9366  1.47351e+19
42.0539  1.45745e+19
42.1712  1.43016e+19
42.2885  1.3968e+19
42.4059  1.36843e+19
42.5232  1.36082e+19
42.6405  1.38826e+19
42.7578  1.46521e+19
42.8751  1.59062e+19
42.9924  1.75219e+19
43.1097  1.92411e+19
43.227  2.07161e+19
43.3443  2.15317e+19
43.4616  2.13918e+19
43.5789  2.01225e+19
43.6962  1.78318e+19
43.8135  1.48135e+19
43.9308  1.15948e+19
44.0481  8.73269e+18
44.1654  6.74137e+18
44.2827  5.92464e+18
44.4  6.32118e+18
44.5173  7.67297e+18
44.6347  9.49178e+18
44.752  1.11764e+19
44.8693  1.21969e+19
44.9866  1.22047e+19
45.1039  1.11218e+19
45.2212  9.19015e+18
45.3385  6.85379e+18
45.4558  4.67492e+18
45.5731  3.18414e+18
45.6904  2.74306e+18
45.8077  3.45008e+18
45.925  5.15406e+18
46.0423  7.49128e+18
46.1596  9.97893e+18
46.2769  1.21436e+19
46.3942  1.36267e+19
46.5115  1.42136e+19
46.6288  1.39101e+19
46.7461  1.28482e+19
46.8634  1.12897e+19
46.9808  9.52378e+18
47.0981  7.79071e+18
47.2154  6.28705e+18
47.3327  5.11803e+18
47.45  4.33945e+18
47.5673  3.92307e+18
47.6846  3.828e+18
47.8019  4.00578e+18
47.9192  4.42988e+18
48.0365  5.08193e+18
48.1538  5.96913e+18
48.2711  7.12146e+18
48.3884  8.58204e+18
48.5057  1.03848e+19
48.623  1.25471e+19
48.7403  1.50249e+19
48.8576  1.77526e+19
48.9749  2.05574e+19
49.0922  2.3211e+19
49.2095  2.54505e+19
49.3269  2.70481e+19
49.4442  2.77476e+19
49.5615  2.7438e+19
49.6788  2.60873e+19
49.7961  2.38142e+19
49.9134  2.07959e+19
50.0307  1.7323e+19
50.148  1.36958e+19
50.2653  1.01904e+19
50.3826  7.05954e+18
50.4999  4.47577e+18
50.6172  2.57697e+18
50.7345  1.43826e+18
50.8518  1.10195e+18
50.9691  1.56483e+18
51.0864  2.7848e+18
51.2037  4.65458e+18
51.321  7.00543e+18
51.4383  9.59662e+18
51.5556  1.21376e+19
51.673  1.43201e+19
51.7903  1.5878e+19
51.9076  1.66028e+19
52.0249  1.64215e+19
52.1422  1.53717e+19
52.2595  1.36466e+19
52.3768  1.15202e+19
52.4941  9.27744e+18
52.6114  7.25519e+18
52.7287  5.6966e+18
52.846  4.77575e+18
52.9633  4.57083e+18
53.0806  5.05958e+18
53.1979  6.1324e+18
53.3152  7.633e+18
53.4325  9.33435e+18
53.5498  1.09858e+19
53.6671  1.23611e+19
53.7844  1.32658e+19
53.9017  1.35449e+19
54.0191  1.31384e+19
54.1364  1.21038e+19
54.2537  1.05552e+19
54.371  8.72938e+18
54.4883  6.88587e+18
54.6056  5.27923e+18
54.7229  4.10474e+18
54.8402  3.47623e+18
54.9575  3.41211e+18
55.0748  3.82848e+18
55.1921  4.58695e+18
55.3094  5.51807e+18
55.4267  6.4651e+18
55.544  7.29585e+18
55.6613  7.90468e+18
55.7786  8.2353e+18
55.8959  8.23788e+18
56.0132  7.87436e+18
56.1305  7.14629e+18
56.2478  6.09269e+18
56.3651  4.80582e+18
56.4825  3.49844e+18
56.5998  2.41636e+18
56.7171  1.86411e+18
56.8344  2.1033e+18
56.9517  3.29362e+18
57.069  5.4153e+18
57.1863  8.25272e+18
57.3036  1.139e+19
57.4209  1.43114e+19
57.5382  1.6489e+19
57.6555  1.75192e+19
57.7728  1.71987e+19
57.8901  1.56437e+19
58.0074  1.31576e+19
58.1247  1.0252e+19
58.242  7.47923e+18
58.3593  5.28771e+18
58.4766  3.94773e+18
58.5939  3.5006e+18
