#S 1 spectral density
#N 2
#UFWHM 11.8478
#L  abscissas [um]  spectral density
-58.5938  2.0892e+19
-58.4764  2.43551e+19
-58.3591  2.76985e+19
-58.2418  3.05093e+19
-58.1245  3.2382e+19
-58.0072  3.28431e+19
-57.8899  3.16131e+19
-57.7726  2.8639e+19
-57.6553  2.41445e+19
-57.538  1.8683e+19
-57.4207  1.30344e+19
-57.3034  8.02206e+18
-57.1861  4.41398e+18
-57.0688  2.71676e+18
-56.9515  3.09835e+18
-56.8342  5.34062e+18
-56.7169  8.90379e+18
-56.5996  1.30779e+19
-56.4823  1.70718e+19
-56.365  2.02147e+19
-56.2477  2.20836e+19
-56.1303  2.24769e+19
-56.013  2.14546e+19
-55.8957  1.92995e+19
-55.7784  1.63833e+19
-55.6611  1.31208e+19
-55.5438  9.89159e+18
-55.4265  6.9797e+18
-55.3092  4.62812e+18
-55.1919  2.98378e+18
-55.0746  2.132e+18
-54.9573  2.10668e+18
-54.84  2.88062e+18
-54.7227  4.35796e+18
-54.6054  6.40889e+18
-54.4881  8.84141e+18
-54.3708  1.14389e+19
-54.2535  1.39853e+19
-54.1362  1.6308e+19
-54.0189  1.82798e+19
-53.9016  1.98574e+19
-53.7842  2.10338e+19
-53.6669  2.18559e+19
-53.5496  2.23261e+19
-53.4323  2.24873e+19
-53.315  2.22918e+19
-53.1977  2.17052e+19
-53.0804  2.0718e+19
-52.9631  1.92892e+19
-52.8458  1.7469e+19
-52.7285  1.5375e+19
-52.6112  1.31512e+19
-52.4939  1.0976e+19
-52.3766  9.04238e+18
-52.2593  7.49598e+18
-52.142  6.43971e+18
-52.0247  5.90099e+18
-51.9074  5.8605e+18
-51.7901  6.25486e+18
-51.6728  6.98947e+18
-51.5555  7.97574e+18
-51.4381  9.13871e+18
-51.3208  1.04039e+19
-51.2035  1.17491e+19
-51.0862  1.31684e+19
-50.9689  1.47005e+19
-50.8516  1.64079e+19
-50.7343  1.8355e+19
-50.617  2.06243e+19
-50.4997  2.32839e+19
-50.3824  2.63022e+19
-50.2651  2.96249e+19
-50.1478  3.30222e+19
-50.0305  3.62694e+19
-49.9132  3.89374e+19
-49.7959  4.0684e+19
-49.6786  4.11805e+19
-49.5613  4.02055e+19
-49.444  3.76742e+19
-49.3267  3.37273e+19
-49.2094  2.8647e+19
-49.092  2.28821e+19
-48.9747  1.69663e+19
-48.8574  1.14827e+19
-48.7401  6.95336e+18
-48.6228  3.79845e+18
-48.5055  2.30033e+18
-48.3882  2.54901e+18
-48.2709  4.4635e+18
-48.1536  7.78284e+18
-48.0363  1.21174e+19
-47.919  1.69756e+19
-47.8017  2.18223e+19
-47.6844  2.61788e+19
-47.5671  2.96594e+19
-47.4498  3.20486e+19
-47.3325  3.3234e+19
-47.2152  3.33594e+19
-47.0979  3.25895e+19
-46.9806  3.12205e+19
-46.8633  2.94744e+19
-46.7459  2.75195e+19
-46.6286  2.54307e+19
-46.5113  2.31608e+19
-46.394  2.06775e+19
-46.2767  1.79007e+19
-46.1594  1.4871e+19
-46.0421  1.17564e+19
-45.9248  8.79407e+18
-45.8075  6.29399e+18
-45.6902  4.54702e+18
-45.5729  3.72179e+18
-45.4556  3.8319e+18
-45.3383  4.70352e+18
-45.221  5.99264e+18
-45.1037  7.31944e+18
-44.9864  8.33635e+18
-44.8691  8.8209e+18
-44.7518  8.75181e+18
-44.6345  8.3147e+18
-44.5172  7.80519e+18
-44.3998  7.56876e+18
-44.2825  7.87312e+18
-44.1652  8.83873e+18
-44.0479  1.03786e+19
-43.9306  1.22627e+19
-43.8133  1.41531e+19
-43.696  1.57592e+19
-43.5787  1.69258e+19
-43.4614  1.76835e+19
-43.3441  1.82453e+19
-43.2268  1.89882e+19
-43.1095  2.02934e+19
-42.9922  2.24713e+19
-42.8749  2.5642e+19
-42.7576  2.96893e+19
-42.6403  3.42086e+19
-42.523  3.87122e+19
-42.4057  4.25626e+19
-42.2884  4.52262e+19
-42.171  4.62996e+19
-42.0537  4.56683e+19
-41.9364  4.34096e+19
-41.8191  3.98366e+19
-41.7018  3.547e+19
-41.5845  3.08477e+19
-41.4672  2.6541e+19
-41.3499  2.2998e+19
-41.2326  2.05326e+19
-41.1153  1.92622e+19
-40.998  1.9109e+19
-40.8807  1.98417e+19
-40.7634  2.1062e+19
-40.6461  2.23878e+19
-40.5288  2.33939e+19
-40.4115  2.38404e+19
-40.2942  2.3673e+19
-40.1769  2.30246e+19
-40.0596  2.22718e+19
-39.9423  2.19495e+19
-39.825  2.26017e+19
-39.7076  2.46714e+19
-39.5903  2.84066e+19
-39.473  3.37096e+19
-39.3557  4.01231e+19
-39.2384  4.69464e+19
-39.1211  5.32679e+19
-39.0038  5.81834e+19
-38.8865  6.09787e+19
-38.7692  6.13027e+19
-38.6519  5.91157e+19
-38.5346  5.48083e+19
-38.4173  4.90262e+19
-38.3  4.25933e+19
-38.1827  3.62578e+19
-38.0654  3.05954e+19
-37.9481  2.59561e+19
-37.8308  2.23663e+19
-37.7135  1.96792e+19
-37.5962  1.75932e+19
-37.4789  1.58344e+19
-37.3615  1.42477e+19
-37.2442  1.28361e+19
-37.1269  1.17303e+19
-37.0096  1.11967e+19
-36.8923  1.14899e+19
-36.775  1.27955e+19
-36.6577  1.51383e+19
-36.5404  1.83956e+19
-36.4231  2.22596e+19
-36.3058  2.6333e+19
-36.1885  3.01959e+19
-36.0712  3.34869e+19
-35.9539  3.59125e+19
-35.8366  3.73423e+19
-35.7193  3.77239e+19
-35.602  3.71167e+19
-35.4847  3.56891e+19
-35.3674  3.36044e+19
-35.2501  3.10884e+19
-35.1328  2.83817e+19
-35.0154  2.57636e+19
-34.8981  2.35035e+19
-34.7808  2.18922e+19
-34.6635  2.11414e+19
-34.5462  2.13912e+19
-34.4289  2.26833e+19
-34.3116  2.48463e+19
-34.1943  2.7576e+19
-34.077  3.04773e+19
-33.9597  3.30544e+19
-33.8424  3.48643e+19
-33.7251  3.55162e+19
-33.6078  3.48503e+19
-33.4905  3.28574e+19
-33.3732  2.97407e+19
-33.2559  2.58726e+19
-33.1386  2.17178e+19
-33.0213  1.77943e+19
-32.904  1.45865e+19
-32.7867  1.24686e+19
-32.6693  1.17059e+19
-32.552  1.24212e+19
-32.4347  1.45909e+19
-32.3174  1.81001e+19
-32.2001  2.27076e+19
-32.0828  2.81361e+19
-31.9655  3.40532e+19
-31.8482  4.01711e+19
-31.7309  4.62097e+19
-31.6136  5.19419e+19
-31.4963  5.72096e+19
-31.379  6.19013e+19
-31.2617  6.59998e+19
-31.1444  6.9475e+19
-31.0271  7.22847e+19
-30.9098  7.44964e+19
-30.7925  7.59711e+19
-30.6752  7.67228e+19
-30.5579  7.66691e+19
-30.4406  7.57758e+19
-30.3232  7.41005e+19
-30.2059  7.16446e+19
-30.0886  6.85566e+19
-29.9713  6.50446e+19
-29.854  6.12751e+19
-29.7367  5.74105e+19
-29.6194  5.36589e+19
-29.5021  5.01399e+19
-29.3848  4.69426e+19
-29.2675  4.41462e+19
-29.1502  4.18266e+19
-29.0329  4.00849e+19
-28.9156  3.90376e+19
-28.7983  3.87941e+19
-28.681  3.95262e+19
-28.5637  4.13195e+19
-28.4464  4.4285e+19
-28.3291  4.84195e+19
-28.2118  5.36391e+19
-28.0944  5.98049e+19
-27.9771  6.66794e+19
-27.8598  7.39276e+19
-27.7425  8.12348e+19
-27.6252  8.80926e+19
-27.5079  9.41276e+19
-27.3906  9.88632e+19
-27.2733  1.01936e+20
-27.156  1.03083e+20
-27.0387  1.021e+20
-26.9214  9.90597e+19
-26.8041  9.41616e+19
-26.6868  8.77872e+19
-26.5695  8.0371e+19
-26.4522  7.2461e+19
-26.3349  6.4629e+19
-26.2176  5.72603e+19
-26.1003  5.07024e+19
-25.983  4.5072e+19
-25.8657  4.03564e+19
-25.7483  3.64685e+19
-25.631  3.32275e+19
-25.5137  3.04978e+19
-25.3964  2.8136e+19
-25.2791  2.6114e+19
-25.1618  2.44768e+19
-25.0445  2.33708e+19
-24.9272  2.29904e+19
-24.8099  2.36149e+19
-24.6926  2.5529e+19
-24.5753  2.90427e+19
-24.458  3.44217e+19
-24.3407  4.19043e+19
-24.2234  5.16064e+19
-24.1061  6.35734e+19
-23.9888  7.76529e+19
-23.8715  9.35512e+19
-23.7542  1.10807e+20
-23.6369  1.28884e+20
-23.5196  1.47162e+20
-23.4023  1.64945e+20
-23.2849  1.81641e+20
-23.1676  1.96778e+20
-23.0503  2.09922e+20
-22.933  2.20916e+20
-22.8157  2.29619e+20
-22.6984  2.36066e+20
-22.5811  2.40422e+20
-22.4638  2.42991e+20
-22.3465  2.44105e+20
-22.2292  2.44281e+20
-22.1119  2.43999e+20
-21.9946  2.43747e+20
-21.8773  2.43976e+20
-21.76  2.45055e+20
-21.6427  2.47135e+20
-21.5254  2.502e+20
-21.4081  2.54117e+20
-21.2908  2.58633e+20
-21.1735  2.63433e+20
-21.0561  2.68277e+20
-20.9388  2.72925e+20
-20.8215  2.77326e+20
-20.7042  2.8157e+20
-20.5869  2.85792e+20
-20.4696  2.90107e+20
-20.3523  2.94561e+20
-20.235  2.99083e+20
-20.1177  3.03526e+20
-20.0004  3.07571e+20
-19.8831  3.10648e+20
-19.7658  3.12608e+20
-19.6485  3.13066e+20
-19.5312  3.11967e+20
-19.4139  3.09366e+20
-19.2966  3.05632e+20
-19.1793  3.01214e+20
-19.062  2.96733e+20
-18.9447  2.92844e+20
-18.8274  2.90253e+20
-18.71  2.89487e+20
-18.5927  2.91115e+20
-18.4754  2.95522e+20
-18.3581  3.02818e+20
-18.2408  3.13173e+20
-18.1235  3.26331e+20
-18.0062  3.41979e+20
-17.8889  3.59586e+20
-17.7716  3.78339e+20
-17.6543  3.97696e+20
-17.537  4.16712e+20
-17.4197  4.34824e+20
-17.3024  4.51444e+20
-17.1851  4.66302e+20
-17.0678  4.79308e+20
-16.9505  4.90569e+20
-16.8332  5.00448e+20
-16.7159  5.09481e+20
-16.5986  5.18377e+20
-16.4813  5.27983e+20
-16.364  5.39221e+20
-16.2466  5.53135e+20
-16.1293  5.7052e+20
-16.012  5.92705e+20
-15.8947  6.20428e+20
-15.7774  6.54551e+20
-15.6601  6.95531e+20
-15.5428  7.43568e+20
-15.4255  7.98266e+20
-15.3082  8.59036e+20
-15.1909  9.24516e+20
-15.0736  9.93237e+20
-14.9563  1.06324e+21
-14.839  1.13266e+21
-14.7217  1.19924e+21
-14.6044  1.26142e+21
-14.4871  1.31755e+21
-14.3698  1.36666e+21
-14.2525  1.40792e+21
-14.1352  1.4412e+21
-14.0178  1.4667e+21
-13.9005  1.48504e+21
-13.7832  1.49707e+21
-13.6659  1.50375e+21
-13.5486  1.5064e+21
-13.4313  1.5062e+21
-13.314  1.50427e+21
-13.1967  1.50161e+21
-13.0794  1.49937e+21
-12.9621  1.49822e+21
-12.8448  1.49898e+21
-12.7275  1.50219e+21
-12.6102  1.50857e+21
-12.4929  1.51855e+21
-12.3756  1.53272e+21
-12.2583  1.55169e+21
-12.141  1.5762e+21
-12.0237  1.60695e+21
-11.9064  1.64469e+21
-11.7891  1.69033e+21
-11.6718  1.74479e+21
-11.5544  1.80881e+21
-11.4371  1.88296e+21
-11.3198  1.96769e+21
-11.2025  2.06299e+21
-11.0852  2.16868e+21
-10.9679  2.28405e+21
-10.8506  2.40787e+21
-10.7333  2.53848e+21
-10.616  2.67402e+21
-10.4987  2.81255e+21
-10.3814  2.95154e+21
-10.2641  3.08886e+21
-10.1468  3.22307e+21
-10.0295  3.35275e+21
-9.91217  3.47715e+21
-9.79487  3.59677e+21
-9.67756  3.71247e+21
-9.56026  3.82584e+21
-9.44295  3.93906e+21
-9.32565  4.05509e+21
-9.20834  4.17633e+21
-9.09104  4.30558e+21
-8.97373  4.4448e+21
-8.85643  4.59592e+21
-8.73913  4.75928e+21
-8.62182  4.93496e+21
-8.50452  5.12172e+21
-8.38721  5.31811e+21
-8.26991  5.52095e+21
-8.1526  5.72768e+21
-8.03529  5.93459e+21
-7.91799  6.13868e+21
-7.80069  6.33696e+21
-7.68338  6.52682e+21
-7.56608  6.70682e+21
-7.44877  6.87622e+21
-7.33146  7.03487e+21
-7.21416  7.18355e+21
-7.09685  7.32389e+21
-6.97955  7.45785e+21
-6.86224  7.58774e+21
-6.74494  7.71635e+21
-6.62763  7.84536e+21
-6.51033  7.9775e+21
-6.39302  8.1147e+21
-6.27572  8.25846e+21
-6.15842  8.41011e+21
-6.04111  8.57057e+21
-5.92381  8.74023e+21
-5.8065  8.9196e+21
-5.68919  9.10827e+21
-5.57189  9.30586e+21
-5.45458  9.51169e+21
-5.33728  9.72489e+21
-5.21997  9.94392e+21
-5.10267  1.01676e+22
-4.98536  1.03938e+22
-4.86806  1.06205e+22
-4.75075  1.08455e+22
-4.63345  1.10663e+22
-4.51614  1.128e+22
-4.39884  1.14839e+22
-4.28154  1.16756e+22
-4.16423  1.1853e+22
-4.04692  1.20136e+22
-3.92962  1.21566e+22
-3.81231  1.22817e+22
-3.69501  1.23887e+22
-3.5777  1.24794e+22
-3.4604  1.25557e+22
-3.34309  1.26203e+22
-3.22579  1.26768e+22
-3.10849  1.27296e+22
-2.99118  1.27828e+22
-2.87387  1.28414e+22
-2.75657  1.29098e+22
-2.63926  1.29921e+22
-2.52196  1.30919e+22
-2.40465  1.32122e+22
-2.28735  1.33547e+22
-2.17005  1.35208e+22
-2.05274  1.37107e+22
-1.93544  1.39229e+22
-1.81813  1.41562e+22
-1.70083  1.44078e+22
-1.58352  1.46744e+22
-1.46622  1.49522e+22
-1.34891  1.52366e+22
-1.2316  1.55231e+22
-1.1143  1.58062e+22
-0.996995  1.6081e+22
-0.87969  1.63423e+22
-0.762385  1.65839e+22
-0.64508  1.68017e+22
-0.527775  1.69908e+22
-0.41047  1.71469e+22
-0.293165  1.72667e+22
-0.17586  1.73477e+22
-0.058555  1.7388e+22
0.05875  1.73866e+22
0.176055  1.73437e+22
0.29336  1.72601e+22
0.410665  1.7138e+22
0.52797  1.69795e+22
0.645275  1.67884e+22
0.76258  1.65688e+22
0.879885  1.63256e+22
0.99719  1.60633e+22
1.1145  1.57876e+22
1.2318  1.55037e+22
1.3491  1.52168e+22
1.46641  1.49319e+22
1.58371  1.46539e+22
1.70102  1.43872e+22
1.81832  1.41354e+22
1.93563  1.39021e+22
2.05294  1.36896e+22
2.17024  1.35e+22
2.28754  1.33339e+22
2.40485  1.31911e+22
2.52216  1.30708e+22
2.63946  1.29708e+22
2.75677  1.28882e+22
2.87407  1.28196e+22
2.99137  1.27606e+22
3.10868  1.27069e+22
3.22599  1.26535e+22
3.34329  1.25964e+22
3.4606  1.25313e+22
3.5779  1.24544e+22
3.69521  1.2363e+22
3.81251  1.22551e+22
3.92982  1.21291e+22
4.04712  1.19851e+22
4.16443  1.18236e+22
4.28173  1.16453e+22
4.39903  1.14525e+22
4.51634  1.12477e+22
4.63364  1.10332e+22
4.75095  1.08116e+22
4.86825  1.0586e+22
4.98556  1.03586e+22
5.10286  1.01322e+22
5.22017  9.90816e+21
5.33748  9.68913e+21
5.45478  9.47608e+21
5.57209  9.27061e+21
5.68939  9.07337e+21
5.8067  8.88517e+21
5.924  8.70633e+21
6.0413  8.53727e+21
6.15861  8.37735e+21
6.27591  8.22601e+21
6.39322  8.0827e+21
6.51052  7.94572e+21
6.62783  7.81346e+21
6.74514  7.68417e+21
6.86244  7.55573e+21
6.97975  7.42535e+21
7.09705  7.29104e+21
7.21436  7.15034e+21
7.33166  7.00104e+21
7.44897  6.84224e+21
7.56627  6.67279e+21
7.68358  6.4926e+21
7.80088  6.30273e+21
7.91819  6.10465e+21
8.03549  5.90095e+21
8.1528  5.69466e+21
8.2701  5.48857e+21
8.38741  5.28632e+21
8.50471  5.09077e+21
8.62202  4.90487e+21
8.73932  4.72988e+21
8.85662  4.56727e+21
8.97393  4.41693e+21
9.09123  4.27825e+21
9.20854  4.1496e+21
9.32584  4.02884e+21
9.44315  3.91328e+21
9.56045  3.80026e+21
9.67776  3.68738e+21
9.79506  3.57206e+21
9.91237  3.45291e+21
10.0297  3.329e+21
10.147  3.20009e+21
10.2643  3.0667e+21
10.3816  2.93006e+21
10.4989  2.79199e+21
10.6162  2.65452e+21
10.7335  2.51985e+21
10.8508  2.39022e+21
10.9681  2.26733e+21
11.0854  2.15302e+21
11.2027  2.04821e+21
11.32  1.95364e+21
11.4373  1.86964e+21
11.5546  1.79606e+21
11.6719  1.73253e+21
11.7893  1.67858e+21
11.9066  1.63331e+21
12.0239  1.59574e+21
12.1412  1.56543e+21
12.2585  1.54116e+21
12.3758  1.52243e+21
12.4931  1.50849e+21
12.6104  1.49872e+21
12.7277  1.49255e+21
12.845  1.48946e+21
12.9623  1.4888e+21
13.0796  1.49014e+21
13.1969  1.49242e+21
13.3142  1.49518e+21
13.4315  1.49716e+21
13.5488  1.49737e+21
13.6661  1.49474e+21
13.7834  1.48802e+21
13.9007  1.47603e+21
14.018  1.45774e+21
14.1354  1.43231e+21
14.2527  1.39918e+21
14.37  1.3581e+21
14.4873  1.30925e+21
14.6046  1.25335e+21
14.7219  1.19148e+21
14.8392  1.12523e+21
14.9565  1.05624e+21
15.0738  9.86654e+20
15.1911  9.18372e+20
15.3084  8.53271e+20
15.4257  7.92875e+20
15.543  7.38511e+20
15.6603  6.90849e+20
15.7776  6.50203e+20
15.8949  6.16358e+20
16.0122  5.88939e+20
16.1295  5.67029e+20
16.2468  5.49755e+20
16.3641  5.36117e+20
16.4815  5.25053e+20
16.5988  5.15609e+20
16.7161  5.0682e+20
16.8334  4.9792e+20
16.9507  4.88124e+20
17.068  4.76976e+20
17.1853  4.64081e+20
17.3026  4.49335e+20
17.4199  4.3275e+20
17.5372  4.14699e+20
17.6545  3.95785e+20
17.7718  3.76638e+20
17.8891  3.57941e+20
18.0064  3.40585e+20
18.1237  3.25188e+20
18.241  3.12229e+20
18.3583  3.02129e+20
18.4756  2.95076e+20
18.5929  2.90975e+20
18.7102  2.89522e+20
18.8275  2.90509e+20
18.9449  2.93314e+20
19.0622  2.9732e+20
19.1795  3.01929e+20
19.2968  3.06357e+20
19.4141  3.10122e+20
19.5314  3.12674e+20
19.6487  3.13678e+20
19.766  3.13175e+20
19.8833  3.11079e+20
20.0006  3.07847e+20
20.1179  3.03745e+20
20.2352  2.9925e+20
20.3525  2.94619e+20
20.4698  2.90054e+20
20.5871  2.8564e+20
20.7044  2.81359e+20
20.8217  2.77052e+20
20.939  2.7257e+20
21.0563  2.67818e+20
21.1736  2.62885e+20
21.291  2.57996e+20
21.4083  2.53428e+20
21.5256  2.49406e+20
21.6429  2.46305e+20
21.7602  2.44221e+20
21.8775  2.43145e+20
21.9948  2.42907e+20
22.1121  2.43183e+20
22.2294  2.43465e+20
22.3467  2.4337e+20
22.464  2.42225e+20
22.5813  2.3968e+20
22.6986  2.35324e+20
22.8159  2.28913e+20
22.9332  2.20241e+20
23.0505  2.09283e+20
23.1678  1.96127e+20
23.2851  1.81031e+20
23.4024  1.64348e+20
23.5198  1.46636e+20
23.6371  1.28414e+20
23.7544  1.10401e+20
23.8717  9.32183e+19
23.989  7.74076e+19
24.1063  6.34206e+19
24.2236  5.15309e+19
24.3409  4.18884e+19
24.4582  3.44859e+19
24.5755  2.91404e+19
24.6928  2.56699e+19
24.8101  2.3779e+19
24.9274  2.31706e+19
25.0447  2.35479e+19
25.162  2.46479e+19
25.2793  2.62715e+19
25.3966  2.82814e+19
25.5139  3.06332e+19
25.6312  3.33637e+19
25.7485  3.66023e+19
25.8658  4.05227e+19
25.9832  4.52429e+19
26.1005  5.09407e+19
26.2178  5.75726e+19
26.3351  6.49684e+19
26.4524  7.2856e+19
26.5697  8.0787e+19
26.687  8.82166e+19
26.8043  9.46251e+19
26.9216  9.95002e+19
27.0389  1.02492e+20
27.1562  1.03417e+20
27.2735  1.02221e+20
27.3908  9.90647e+19
27.5081  9.4275e+19
27.6254  8.81865e+19
27.7427  8.12787e+19
27.86  7.39659e+19
27.9773  6.66928e+19
28.0946  5.98384e+19
28.212  5.36792e+19
28.3293  4.84971e+19
28.4466  4.43943e+19
28.5639  4.14806e+19
28.6812  3.97315e+19
28.7985  3.90506e+19
28.9158  3.93297e+19
29.0331  4.04145e+19
29.1504  4.21871e+19
29.2677  4.45179e+19
29.385  4.73219e+19
29.5023  5.05172e+19
29.6196  5.40155e+19
29.7369  5.77343e+19
29.8542  6.1561e+19
29.9715  6.53123e+19
30.0888  6.88105e+19
30.2061  7.18314e+19
30.3234  7.42539e+19
30.4407  7.59462e+19
30.558  7.68047e+19
30.6754  7.68655e+19
30.7927  7.6083e+19
30.91  7.45657e+19
31.0273  7.23744e+19
31.1446  6.94888e+19
31.2619  6.59764e+19
31.3792  6.18276e+19
31.4965  5.70818e+19
31.6138  5.17836e+19
31.7311  4.60098e+19
31.8484  3.99474e+19
31.9657  3.38377e+19
32.083  2.79267e+19
32.2003  2.25339e+19
32.3176  1.79698e+19
32.4349  1.45098e+19
32.5522  1.23799e+19
32.6695  1.17022e+19
32.7868  1.24943e+19
32.9042  1.4624e+19
33.0215  1.78296e+19
33.1388  2.17245e+19
33.2561  2.5835e+19
33.3734  2.96452e+19
33.4907  3.27011e+19
33.608  3.46426e+19
33.7253  3.52708e+19
33.8426  3.45876e+19
33.9599  3.27878e+19
34.0772  3.0234e+19
34.1945  2.73816e+19
34.3118  2.47121e+19
34.4291  2.26277e+19
34.5464  2.14173e+19
34.6637  2.12228e+19
34.781  2.20347e+19
34.8983  2.36971e+19
35.0156  2.59849e+19
35.1329  2.86261e+19
35.2503  3.1328e+19
35.3676  3.38536e+19
35.4849  3.59119e+19
35.6022  3.73156e+19
35.7195  3.78766e+19
35.8368  3.74692e+19
35.9541  3.59977e+19
36.0714  3.35156e+19
36.1887  3.02035e+19
36.306  2.62978e+19
36.4233  2.21853e+19
36.5406  1.82968e+19
36.6579  1.50346e+19
36.7752  1.26747e+19
36.8925  1.13655e+19
37.0098  1.10693e+19
37.1271  1.16065e+19
37.2444  1.27091e+19
37.3617  1.41404e+19
37.479  1.57543e+19
37.5964  1.75524e+19
37.7137  1.97009e+19
37.831  2.24477e+19
37.9483  2.61196e+19
38.0656  3.08135e+19
38.1829  3.65303e+19
38.3002  4.28938e+19
38.4175  4.93355e+19
38.5348  5.5079e+19
38.6521  5.93298e+19
38.7694  6.14522e+19
38.8867  6.10576e+19
39.004  5.81713e+19
39.1213  5.3175e+19
39.2386  4.6814e+19
39.3559  3.99936e+19
39.4732  3.35993e+19
39.5905  2.83562e+19
39.7078  2.46789e+19
39.8251  2.26564e+19
39.9425  2.20624e+19
40.0598  2.24217e+19
40.1771  2.31918e+19
40.2944  2.38415e+19
40.4117  2.40039e+19
40.529  2.35212e+19
40.6463  2.24912e+19
40.7636  2.11609e+19
40.8809  1.99092e+19
40.9982  1.91988e+19
41.1155  1.93655e+19
41.2328  2.06673e+19
41.3501  2.31589e+19
41.4674  2.67365e+19
41.5847  3.10619e+19
41.702  3.56845e+19
41.8193  4.00415e+19
41.9366  4.35614e+19
42.0539  4.57619e+19
42.1712  4.63353e+19
42.2885  4.51942e+19
42.4059  4.24645e+19
42.5232  3.85583e+19
42.6405  3.40173e+19
42.7578  2.94789e+19
42.8751  2.5446e+19
42.9924  2.22988e+19
43.1097  2.01398e+19
43.227  1.88757e+19
43.3443  1.81633e+19
43.4616  1.76151e+19
43.5789  1.68598e+19
43.6962  1.56953e+19
43.8135  1.40701e+19
43.9308  1.21796e+19
44.0481  1.02999e+19
44.1654  8.76897e+18
44.2827  7.81335e+18
44.4  7.5149e+18
44.5173  7.75636e+18
44.6347  8.27032e+18
44.752  8.70607e+18
44.8693  8.76328e+18
44.9866  8.26108e+18
45.1039  7.24561e+18
45.2212  5.91253e+18
45.3385  4.6272e+18
45.4558  3.79205e+18
45.5731  3.72047e+18
45.6904  4.58358e+18
45.8077  6.3846e+18
45.925  8.92161e+18
46.0423  1.19199e+19
46.1596  1.50592e+19
46.2769  1.80921e+19
46.3942  2.08903e+19
46.5115  2.33783e+19
46.6288  2.56437e+19
46.7461  2.77186e+19
46.8634  2.96459e+19
46.9808  3.1375e+19
47.0981  3.26995e+19
47.2154  3.33952e+19
47.3327  3.31992e+19
47.45  3.19317e+19
47.5673  2.94922e+19
47.6846  2.59644e+19
47.8019  2.15681e+19
47.9192  1.67263e+19
48.0365  1.18973e+19
48.1538  7.61026e+18
48.2711  4.35069e+18
48.3884  2.50928e+18
48.5057  2.33154e+18
48.623  3.89739e+18
48.7403  7.09599e+18
48.8576  1.16692e+19
48.9749  1.71775e+19
49.0922  2.30977e+19
49.2095  2.88432e+19
49.3269  3.3918e+19
49.4442  3.78358e+19
49.5615  4.0335e+19
49.6788  4.12649e+19
49.7961  4.07438e+19
49.9134  3.89334e+19
50.0307  3.62243e+19
50.148  3.2993e+19
50.2653  2.95679e+19
50.3826  2.62463e+19
50.4999  2.32133e+19
50.6172  2.05553e+19
50.7345  1.82826e+19
50.8518  1.63248e+19
50.9691  1.46193e+19
51.0864  1.30797e+19
51.2037  1.16621e+19
51.321  1.03179e+19
51.4383  9.06357e+18
51.5556  7.92746e+18
51.673  6.95157e+18
51.7903  6.24435e+18
51.9076  5.8745e+18
52.0249  5.93879e+18
52.1422  6.48017e+18
52.2595  7.53825e+18
52.3768  9.08903e+18
52.4941  1.10028e+19
52.6114  1.3156e+19
52.7287  1.53595e+19
52.846  1.74323e+19
52.9633  1.92344e+19
53.0806  2.06411e+19
53.1979  2.1634e+19
53.3152  2.21963e+19
53.4325  2.23901e+19
53.5498  2.22387e+19
53.6671  2.17451e+19
53.7844  2.09149e+19
53.9017  1.97321e+19
54.0191  1.81423e+19
54.1364  1.61618e+19
54.2537  1.3836e+19
54.371  1.1298e+19
54.4883  8.71562e+18
54.6056  6.31624e+18
54.7229  4.2972e+18
54.8402  2.84006e+18
54.9575  2.09894e+18
55.0748  2.14975e+18
55.1921  3.01665e+18
55.3094  4.6719e+18
55.4267  7.02723e+18
55.544  9.92705e+18
55.6613  1.31433e+19
55.7786  1.63752e+19
55.8959  1.92474e+19
56.0132  2.13487e+19
56.1305  2.23077e+19
56.2478  2.18738e+19
56.3651  1.99665e+19
56.4825  1.67979e+19
56.5998  1.28147e+19
56.7171  8.68715e+18
56.8344  5.1884e+18
56.9517  3.0338e+18
57.069  2.74286e+18
57.1863  4.53142e+18
57.3036  8.20549e+18
57.4209  1.32562e+19
57.5382  1.89199e+19
57.6555  2.43476e+19
57.7728  2.87707e+19
57.8901  3.16922e+19
58.0074  3.28387e+19
58.1247  3.23013e+19
58.242  3.03936e+19
58.3593  2.75351e+19
58.4766  2.41715e+19
58.5939  2.07074e+19
