#S 1 spectral density
#N 2
#UFWHM 8.56327
#L  abscissas [um]  spectral density
-58.5938  5.063e+18
-58.4764  4.51197e+18
-58.3591  3.83138e+18
-58.2418  3.10245e+18
-58.1245  2.39068e+18
-58.0072  1.75886e+18
-57.8899  1.29693e+18
-57.7726  1.1314e+18
-57.6553  1.44603e+18
-57.538  2.45568e+18
-57.4207  4.36258e+18
-57.3034  7.26334e+18
-57.1861  1.11077e+19
-57.0688  1.56294e+19
-56.9515  2.0394e+19
-56.8342  2.4797e+19
-56.7169  2.82544e+19
-56.5996  3.02118e+19
-56.4823  3.03963e+19
-56.365  2.87713e+19
-56.2477  2.55844e+19
-56.1303  2.13261e+19
-56.013  1.66257e+19
-55.8957  1.20798e+19
-55.7784  8.19874e+18
-55.6611  5.27236e+18
-55.5438  3.39805e+18
-55.4265  2.4893e+18
-55.3092  2.33417e+18
-55.1919  2.6802e+18
-55.0746  3.3031e+18
-54.9573  4.04661e+18
-54.84  4.8052e+18
-54.7227  5.54725e+18
-54.6054  6.22703e+18
-54.4881  6.8097e+18
-54.3708  7.24541e+18
-54.2535  7.43654e+18
-54.1362  7.31088e+18
-54.0189  6.83073e+18
-53.9016  6.02295e+18
-53.7842  4.96294e+18
-53.6669  3.81063e+18
-53.5496  2.721e+18
-53.4323  1.8643e+18
-53.315  1.35728e+18
-53.1977  1.26368e+18
-53.0804  1.5693e+18
-52.9631  2.19473e+18
-52.8458  3.01183e+18
-52.7285  3.86845e+18
-52.6112  4.60314e+18
-52.4939  5.09197e+18
-52.3766  5.24044e+18
-52.2593  5.03027e+18
-52.142  4.49713e+18
-52.0247  3.75793e+18
-51.9074  2.99894e+18
-51.7901  2.4426e+18
-51.6728  2.323e+18
-51.5555  2.84054e+18
-51.4381  4.12096e+18
-51.3208  6.17301e+18
-51.2035  8.89246e+18
-51.0862  1.20282e+19
-50.9689  1.52795e+19
-50.8516  1.83139e+19
-50.7343  2.07742e+19
-50.617  2.24508e+19
-50.4997  2.32161e+19
-50.3824  2.30542e+19
-50.2651  2.21117e+19
-50.1478  2.05331e+19
-50.0305  1.85882e+19
-49.9132  1.64571e+19
-49.7959  1.43481e+19
-49.6786  1.24124e+19
-49.5613  1.07142e+19
-49.444  9.29525e+18
-49.3267  8.1808e+18
-49.2094  7.35752e+18
-49.092  6.80769e+18
-48.9747  6.51434e+18
-48.8574  6.46322e+18
-48.7401  6.63636e+18
-48.6228  7.01404e+18
-48.5055  7.57459e+18
-48.3882  8.25605e+18
-48.2709  9.01344e+18
-48.1536  9.7559e+18
-48.0363  1.0363e+19
-47.919  1.0708e+19
-47.8017  1.06947e+19
-47.6844  1.02558e+19
-47.5671  9.40918e+18
-47.4498  8.27789e+18
-47.3325  7.10821e+18
-47.2152  6.20111e+18
-47.0979  5.90085e+18
-46.9806  6.49013e+18
-46.8633  8.13273e+18
-46.7459  1.07797e+19
-46.6286  1.42238e+19
-46.5113  1.80326e+19
-46.394  2.17496e+19
-46.2767  2.48559e+19
-46.1594  2.69786e+19
-46.0421  2.79522e+19
-45.9248  2.78031e+19
-45.8075  2.67406e+19
-45.6902  2.51088e+19
-45.5729  2.32353e+19
-45.4556  2.14294e+19
-45.3383  1.97807e+19
-45.221  1.83049e+19
-45.1037  1.68584e+19
-44.9864  1.52734e+19
-44.8691  1.34651e+19
-44.7518  1.14534e+19
-44.6345  9.38413e+18
-44.5172  7.50189e+18
-44.3998  6.11254e+18
-44.2825  5.44897e+18
-44.1652  5.6256e+18
-44.0479  6.5895e+18
-43.9306  8.11892e+18
-43.8133  9.89425e+18
-43.696  1.15948e+19
-43.5787  1.29342e+19
-43.4614  1.37522e+19
-43.3441  1.40596e+19
-43.2268  1.3973e+19
-43.1095  1.36719e+19
-42.9922  1.33242e+19
-42.8749  1.30503e+19
-42.7576  1.28663e+19
-42.6403  1.27006e+19
-42.523  1.24284e+19
-42.4057  1.19348e+19
-42.2884  1.11464e+19
-42.171  1.00709e+19
-42.0537  8.79981e+18
-41.9364  7.47254e+18
-41.8191  6.23825e+18
-41.7018  5.20595e+18
-41.5845  4.42475e+18
-41.4672  3.87591e+18
-41.3499  3.48844e+18
-41.2326  3.17154e+18
-41.1153  2.8627e+18
-40.998  2.54897e+18
-40.8807  2.2832e+18
-40.7634  2.18787e+18
-40.6461  2.41769e+18
-40.5288  3.14411e+18
-40.4115  4.51703e+18
-40.2942  6.6581e+18
-40.1769  9.60441e+18
-40.0596  1.33122e+19
-39.9423  1.76484e+19
-39.825  2.23896e+19
-39.7076  2.71798e+19
-39.5903  3.15963e+19
-39.473  3.51348e+19
-39.3557  3.73682e+19
-39.2384  3.79038e+19
-39.1211  3.65784e+19
-39.0038  3.35115e+19
-38.8865  2.91139e+19
-38.7692  2.40499e+19
-38.6519  1.92397e+19
-38.5346  1.5603e+19
-38.4173  1.39523e+19
-38.3  1.47757e+19
-38.1827  1.815e+19
-38.0654  2.36579e+19
-37.9481  3.05023e+19
-37.8308  3.7556e+19
-37.7135  4.3703e+19
-37.5962  4.79139e+19
-37.4789  4.95369e+19
-37.3615  4.84061e+19
-37.2442  4.47763e+19
-37.1269  3.93945e+19
-37.0096  3.3144e+19
-36.8923  2.70273e+19
-36.775  2.18697e+19
-36.6577  1.82118e+19
-36.5404  1.62685e+19
-36.4231  1.59062e+19
-36.3058  1.67668e+19
-36.1885  1.83599e+19
-36.0712  2.02139e+19
-35.9539  2.19481e+19
-35.8366  2.33591e+19
-35.7193  2.43589e+19
-35.602  2.50081e+19
-35.4847  2.54413e+19
-35.3674  2.57991e+19
-35.2501  2.618e+19
-35.1328  2.66352e+19
-35.0154  2.71621e+19
-34.8981  2.77318e+19
-34.7808  2.82997e+19
-34.6635  2.88071e+19
-34.5462  2.92011e+19
-34.4289  2.94619e+19
-34.3116  2.95054e+19
-34.1943  2.92809e+19
-34.077  2.87055e+19
-33.9597  2.76951e+19
-33.8424  2.62086e+19
-33.7251  2.42079e+19
-33.6078  2.17434e+19
-33.4905  1.88975e+19
-33.3732  1.58078e+19
-33.2559  1.26549e+19
-33.1386  9.61566e+18
-33.0213  6.88944e+18
-32.904  4.65001e+18
-32.7867  3.04886e+18
-32.6693  2.20609e+18
-32.552  2.21918e+18
-32.4347  3.13855e+18
-32.3174  4.96793e+18
-32.2001  7.6454e+18
-32.0828  1.10294e+19
-31.9655  1.49155e+19
-31.8482  1.90161e+19
-31.7309  2.30285e+19
-31.6136  2.66373e+19
-31.4963  2.95765e+19
-31.379  3.16523e+19
-31.2617  3.27867e+19
-31.1444  3.30016e+19
-31.0271  3.24061e+19
-30.9098  3.12457e+19
-30.7925  2.97072e+19
-30.6752  2.8054e+19
-30.5579  2.65134e+19
-30.4406  2.52486e+19
-30.3232  2.44391e+19
-30.2059  2.41433e+19
-30.0886  2.44409e+19
-29.9713  2.53965e+19
-29.854  2.70178e+19
-29.7367  2.92981e+19
-29.6194  3.22628e+19
-29.5021  3.58914e+19
-29.3848  4.01455e+19
-29.2675  4.5022e+19
-29.1502  5.04462e+19
-29.0329  5.64104e+19
-28.9156  6.27923e+19
-28.7983  6.94768e+19
-28.681  7.63261e+19
-28.5637  8.31214e+19
-28.4464  8.96952e+19
-28.3291  9.57965e+19
-28.2118  1.01223e+20
-28.0944  1.05885e+20
-27.9771  1.09683e+20
-27.8598  1.12636e+20
-27.7425  1.14795e+20
-27.6252  1.1613e+20
-27.5079  1.16825e+20
-27.3906  1.1683e+20
-27.2733  1.16168e+20
-27.156  1.14795e+20
-27.0387  1.12595e+20
-26.9214  1.09613e+20
-26.8041  1.05863e+20
-26.6868  1.01479e+20
-26.5695  9.66408e+19
-26.4522  9.165e+19
-26.3349  8.68823e+19
-26.2176  8.26112e+19
-26.1003  7.92156e+19
-25.983  7.68803e+19
-25.8657  7.57218e+19
-25.7483  7.58342e+19
-25.631  7.71178e+19
-25.5137  7.95575e+19
-25.3964  8.29299e+19
-25.2791  8.70683e+19
-25.1618  9.17641e+19
-25.0445  9.68681e+19
-24.9272  1.02127e+20
-24.8099  1.07454e+20
-24.6926  1.12763e+20
-24.5753  1.18048e+20
-24.458  1.23363e+20
-24.3407  1.28863e+20
-24.2234  1.34712e+20
-24.1061  1.41118e+20
-23.9888  1.48219e+20
-23.8715  1.56136e+20
-23.7542  1.64787e+20
-23.6369  1.74155e+20
-23.5196  1.84056e+20
-23.4023  1.94169e+20
-23.2849  2.04228e+20
-23.1676  2.1388e+20
-23.0503  2.22746e+20
-22.933  2.30532e+20
-22.8157  2.36744e+20
-22.6984  2.41057e+20
-22.5811  2.43181e+20
-22.4638  2.42901e+20
-22.3465  2.4027e+20
-22.2292  2.3543e+20
-22.1119  2.28902e+20
-21.9946  2.21277e+20
-21.8773  2.1347e+20
-21.76  2.06399e+20
-21.6427  2.00875e+20
-21.5254  1.97631e+20
-21.4081  1.97154e+20
-21.2908  1.99692e+20
-21.1735  2.0519e+20
-21.0561  2.13419e+20
-20.9388  2.23892e+20
-20.8215  2.36087e+20
-20.7042  2.49683e+20
-20.5869  2.64261e+20
-20.4696  2.79589e+20
-20.3523  2.95605e+20
-20.235  3.12415e+20
-20.1177  3.30275e+20
-20.0004  3.49542e+20
-19.8831  3.70366e+20
-19.7658  3.93336e+20
-19.6485  4.18564e+20
-19.5312  4.46154e+20
-19.4139  4.75848e+20
-19.2966  5.07186e+20
-19.1793  5.39367e+20
-19.062  5.71281e+20
-18.9447  6.01704e+20
-18.8274  6.29465e+20
-18.71  6.53303e+20
-18.5927  6.7264e+20
-18.4754  6.87125e+20
-18.3581  6.96845e+20
-18.2408  7.02765e+20
-18.1235  7.05998e+20
-18.0062  7.08186e+20
-17.8889  7.10901e+20
-17.7716  7.15681e+20
-17.6543  7.23962e+20
-17.537  7.36472e+20
-17.4197  7.53635e+20
-17.3024  7.75378e+20
-17.1851  8.01029e+20
-17.0678  8.29515e+20
-16.9505  8.59465e+20
-16.8332  8.89371e+20
-16.7159  9.176e+20
-16.5986  9.42661e+20
-16.4813  9.63314e+20
-16.364  9.78646e+20
-16.2466  9.88195e+20
-16.1293  9.91702e+20
-16.012  9.89756e+20
-15.8947  9.82959e+20
-15.7774  9.72553e+20
-15.6601  9.59735e+20
-15.5428  9.46008e+20
-15.4255  9.32593e+20
-15.3082  9.20897e+20
-15.1909  9.12082e+20
-15.0736  9.07021e+20
-14.9563  9.06247e+20
-14.839  9.10431e+20
-14.7217  9.19552e+20
-14.6044  9.33716e+20
-14.4871  9.52845e+20
-14.3698  9.76593e+20
-14.2525  1.00446e+21
-14.1352  1.03581e+21
-14.0178  1.0702e+21
-13.9005  1.10671e+21
-13.7832  1.14475e+21
-13.6659  1.18353e+21
-13.5486  1.22255e+21
-13.4313  1.26124e+21
-13.314  1.29933e+21
-13.1967  1.33641e+21
-13.0794  1.3728e+21
-12.9621  1.4081e+21
-12.8448  1.44278e+21
-12.7275  1.47676e+21
-12.6102  1.51062e+21
-12.4929  1.54448e+21
-12.3756  1.57865e+21
-12.2583  1.61375e+21
-12.141  1.65026e+21
-12.0237  1.68861e+21
-11.9064  1.72935e+21
-11.7891  1.77316e+21
-11.6718  1.82052e+21
-11.5544  1.87195e+21
-11.4371  1.92791e+21
-11.3198  1.98841e+21
-11.2025  2.05349e+21
-11.0852  2.12298e+21
-10.9679  2.19642e+21
-10.8506  2.27308e+21
-10.7333  2.35191e+21
-10.616  2.43184e+21
-10.4987  2.51194e+21
-10.3814  2.59069e+21
-10.2641  2.66695e+21
-10.1468  2.73981e+21
-10.0295  2.80838e+21
-9.91217  2.87178e+21
-9.79487  2.92989e+21
-9.67756  2.98248e+21
-9.56026  3.02959e+21
-9.44295  3.07159e+21
-9.32565  3.10944e+21
-9.20834  3.14376e+21
-9.09104  3.17576e+21
-8.97373  3.20694e+21
-8.85643  3.23908e+21
-8.73913  3.27359e+21
-8.62182  3.31272e+21
-8.50452  3.35831e+21
-8.38721  3.41255e+21
-8.26991  3.47686e+21
-8.1526  3.55316e+21
-8.03529  3.64237e+21
-7.91799  3.74552e+21
-7.80069  3.86318e+21
-7.68338  3.99536e+21
-7.56608  4.1422e+21
-7.44877  4.30343e+21
-7.33146  4.47865e+21
-7.21416  4.66719e+21
-7.09685  4.86871e+21
-6.97955  5.08235e+21
-6.86224  5.30741e+21
-6.74494  5.54341e+21
-6.62763  5.7888e+21
-6.51033  6.04261e+21
-6.39302  6.30342e+21
-6.27572  6.56969e+21
-6.15842  6.83964e+21
-6.04111  7.11131e+21
-5.92381  7.38292e+21
-5.8065  7.653e+21
-5.68919  7.91967e+21
-5.57189  8.18208e+21
-5.45458  8.43949e+21
-5.33728  8.69191e+21
-5.21997  8.93959e+21
-5.10267  9.18397e+21
-4.98536  9.42628e+21
-4.86806  9.66847e+21
-4.75075  9.91264e+21
-4.63345  1.0161e+22
-4.51614  1.04155e+22
-4.39884  1.06777e+22
-4.28154  1.09491e+22
-4.16423  1.12304e+22
-4.04692  1.15215e+22
-3.92962  1.18223e+22
-3.81231  1.21323e+22
-3.69501  1.24502e+22
-3.5777  1.27749e+22
-3.4604  1.31047e+22
-3.34309  1.34383e+22
-3.22579  1.37742e+22
-3.10849  1.41118e+22
-2.99118  1.44499e+22
-2.87387  1.47887e+22
-2.75657  1.51284e+22
-2.63926  1.54692e+22
-2.52196  1.58119e+22
-2.40465  1.61574e+22
-2.28735  1.65061e+22
-2.17005  1.68585e+22
-2.05274  1.72148e+22
-1.93544  1.75737e+22
-1.81813  1.79348e+22
-1.70083  1.82956e+22
-1.58352  1.86539e+22
-1.46622  1.90065e+22
-1.34891  1.93499e+22
-1.2316  1.96804e+22
-1.1143  1.9994e+22
-0.996995  2.02867e+22
-0.87969  2.05553e+22
-0.762385  2.0796e+22
-0.64508  2.10066e+22
-0.527775  2.11846e+22
-0.41047  2.13283e+22
-0.293165  2.14367e+22
-0.17586  2.15088e+22
-0.058555  2.15443e+22
0.05875  2.1543e+22
0.176055  2.15048e+22
0.29336  2.143e+22
0.410665  2.13192e+22
0.52797  2.11728e+22
0.645275  2.09924e+22
0.76258  2.07795e+22
0.879885  2.05365e+22
0.99719  2.02657e+22
1.1145  1.99709e+22
1.2318  1.96554e+22
1.3491  1.93234e+22
1.46641  1.89784e+22
1.58371  1.86244e+22
1.70102  1.82649e+22
1.81832  1.79029e+22
1.93563  1.7541e+22
2.05294  1.7181e+22
2.17024  1.68243e+22
2.28754  1.64715e+22
2.40485  1.61224e+22
2.52216  1.57768e+22
2.63946  1.5434e+22
2.75677  1.50931e+22
2.87407  1.47535e+22
2.99137  1.44147e+22
3.10868  1.40764e+22
3.22599  1.37389e+22
3.34329  1.3403e+22
3.4606  1.30695e+22
3.5779  1.27396e+22
3.69521  1.24149e+22
3.81251  1.20969e+22
3.92982  1.17867e+22
4.04712  1.14855e+22
4.16443  1.11942e+22
4.28173  1.09129e+22
4.39903  1.06414e+22
4.51634  1.03791e+22
4.63364  1.01247e+22
4.75095  9.87618e+21
4.86825  9.6321e+21
4.98556  9.38998e+21
5.10286  9.14802e+21
5.22017  8.90379e+21
5.33748  8.65638e+21
5.45478  8.40431e+21
5.57209  8.1473e+21
5.68939  7.8852e+21
5.8067  7.61886e+21
5.924  7.3492e+21
6.0413  7.07801e+21
6.15861  6.80671e+21
6.27591  6.53716e+21
6.39322  6.27159e+21
6.51052  6.0113e+21
6.62783  5.75803e+21
6.74514  5.51331e+21
6.86244  5.27838e+21
6.97975  5.05403e+21
7.09705  4.84138e+21
7.21436  4.64105e+21
7.33166  4.45346e+21
7.44897  4.2795e+21
7.56627  4.11952e+21
7.68358  3.97385e+21
7.80088  3.84272e+21
7.91819  3.72609e+21
8.03549  3.624e+21
8.1528  3.53576e+21
8.2701  3.46025e+21
8.38741  3.39651e+21
8.50471  3.34293e+21
8.62202  3.29778e+21
8.73932  3.25892e+21
8.85662  3.22471e+21
8.97393  3.19301e+21
9.09123  3.16201e+21
9.20854  3.13029e+21
9.32584  3.0964e+21
9.44315  3.05894e+21
9.56045  3.01724e+21
9.67776  2.97068e+21
9.79506  2.91864e+21
9.91237  2.86099e+21
10.0297  2.79819e+21
10.147  2.73032e+21
10.2643  2.65812e+21
10.3816  2.58231e+21
10.4989  2.50414e+21
10.6162  2.42455e+21
10.7335  2.34501e+21
10.8508  2.2666e+21
10.9681  2.19034e+21
11.0854  2.11733e+21
11.2027  2.04817e+21
11.32  1.98328e+21
11.4373  1.92301e+21
11.5546  1.86738e+21
11.6719  1.8161e+21
11.7893  1.76903e+21
11.9066  1.72555e+21
12.0239  1.68485e+21
12.1412  1.64679e+21
12.2585  1.61054e+21
12.3758  1.57561e+21
12.4931  1.5415e+21
12.6104  1.50774e+21
12.7277  1.47403e+21
12.845  1.44008e+21
12.9623  1.40536e+21
13.0796  1.37005e+21
13.1969  1.33371e+21
13.3142  1.29655e+21
13.4315  1.25843e+21
13.5488  1.21972e+21
13.6661  1.18073e+21
13.7834  1.14194e+21
13.9007  1.104e+21
14.018  1.06763e+21
14.1354  1.03335e+21
14.2527  1.00206e+21
14.37  9.74407e+20
14.4873  9.50746e+20
14.6046  9.31769e+20
14.7219  9.17671e+20
14.8392  9.08698e+20
14.9565  9.04693e+20
15.0738  9.05499e+20
15.1911  9.1075e+20
15.3084  9.19641e+20
15.4257  9.31335e+20
15.543  9.44787e+20
15.6603  9.58665e+20
15.7776  9.71646e+20
15.8949  9.82211e+20
16.0122  9.89089e+20
16.1295  9.9117e+20
16.2468  9.87673e+20
16.3641  9.78257e+20
16.4815  9.63009e+20
16.5988  9.42436e+20
16.7161  9.17324e+20
16.8334  8.89227e+20
16.9507  8.59384e+20
17.068  8.2951e+20
17.1853  8.01125e+20
17.3026  7.75622e+20
17.4199  7.53969e+20
17.5372  7.36858e+20
17.6545  7.24401e+20
17.7718  7.16284e+20
17.8891  7.11453e+20
18.0064  7.08812e+20
18.1237  7.06573e+20
18.241  7.03153e+20
18.3583  6.9707e+20
18.4756  6.87123e+20
18.5929  6.72493e+20
18.7102  6.52859e+20
18.8275  6.28765e+20
18.9449  6.00887e+20
19.0622  5.70296e+20
19.1795  5.38325e+20
19.2968  5.06049e+20
19.4141  4.74751e+20
19.5314  4.45076e+20
19.6487  4.17512e+20
19.766  3.92396e+20
19.8833  3.69484e+20
20.0006  3.48686e+20
20.1179  3.29553e+20
20.2352  3.11787e+20
20.3525  2.95024e+20
20.4698  2.79019e+20
20.5871  2.6369e+20
20.7044  2.49185e+20
20.8217  2.35641e+20
20.939  2.23426e+20
21.0563  2.13009e+20
21.1736  2.04809e+20
21.291  1.99358e+20
21.4083  1.96874e+20
21.5256  1.97357e+20
21.6429  2.00631e+20
21.7602  2.06196e+20
21.8775  2.1331e+20
21.9948  2.21108e+20
22.1121  2.28659e+20
22.2294  2.35123e+20
22.3467  2.39934e+20
22.464  2.42463e+20
22.5813  2.42656e+20
22.6986  2.40454e+20
22.8159  2.36079e+20
22.9332  2.29801e+20
23.0505  2.22007e+20
23.1678  2.13088e+20
23.2851  2.03438e+20
23.4024  1.93361e+20
23.5198  1.83301e+20
23.6371  1.73477e+20
23.7544  1.64177e+20
23.8717  1.556e+20
23.989  1.47805e+20
24.1063  1.40806e+20
24.2236  1.34481e+20
24.3409  1.28703e+20
24.4582  1.23318e+20
24.5755  1.18029e+20
24.6928  1.12806e+20
24.8101  1.07533e+20
24.9274  1.02248e+20
25.0447  9.69848e+19
25.162  9.19073e+19
25.2793  8.72161e+19
25.3966  8.30804e+19
25.5139  7.97456e+19
25.6312  7.73665e+19
25.7485  7.60813e+19
25.8658  7.60295e+19
25.9832  7.71758e+19
26.1005  7.95789e+19
26.2178  8.30034e+19
26.3351  8.72279e+19
26.4524  9.19728e+19
26.5697  9.68887e+19
26.687  1.01619e+20
26.8043  1.05911e+20
26.9216  1.0953e+20
27.0389  1.12377e+20
27.1562  1.14444e+20
27.2735  1.15729e+20
27.3908  1.16309e+20
27.5081  1.16262e+20
27.6254  1.1556e+20
27.7427  1.14214e+20
27.86  1.12112e+20
27.9773  1.09214e+20
28.0946  1.05481e+20
28.212  1.00867e+20
28.3293  9.54754e+19
28.4466  8.94046e+19
28.5639  8.28587e+19
28.6812  7.60764e+19
28.7985  6.9232e+19
28.9158  6.25429e+19
29.0331  5.61569e+19
29.1504  5.01921e+19
29.2677  4.47658e+19
29.385  3.99126e+19
29.5023  3.56702e+19
29.6196  3.20572e+19
29.7369  2.91197e+19
29.8542  2.68622e+19
29.9715  2.52687e+19
30.0888  2.43437e+19
30.2061  2.4042e+19
30.3234  2.43383e+19
30.4407  2.51702e+19
30.558  2.64184e+19
30.6754  2.79607e+19
30.7927  2.95829e+19
30.91  3.10906e+19
31.0273  3.22444e+19
31.1446  3.27926e+19
31.2619  3.25555e+19
31.3792  3.13984e+19
31.4965  2.93164e+19
31.6138  2.63925e+19
31.7311  2.27933e+19
31.8484  1.88045e+19
31.9657  1.47382e+19
32.083  1.0894e+19
32.2003  7.54734e+18
32.3176  4.90667e+18
32.4349  3.10907e+18
32.5522  2.2113e+18
32.6695  2.21238e+18
32.7868  3.06124e+18
32.9042  4.6631e+18
33.0215  6.89533e+18
33.1388  9.60992e+18
33.2561  1.26285e+19
33.3734  1.57681e+19
33.4907  1.88333e+19
33.608  2.16599e+19
33.7253  2.4126e+19
33.8426  2.61048e+19
33.9599  2.76012e+19
34.0772  2.86041e+19
34.1945  2.91921e+19
34.3118  2.94307e+19
34.4291  2.93981e+19
34.5464  2.91598e+19
34.6637  2.8762e+19
34.781  2.82751e+19
34.8983  2.77272e+19
35.0156  2.71755e+19
35.1329  2.66628e+19
35.2503  2.62245e+19
35.3676  2.58754e+19
35.4849  2.55227e+19
35.6022  2.50849e+19
35.7195  2.44294e+19
35.8368  2.34307e+19
35.9541  2.20073e+19
36.0714  2.02577e+19
36.1887  1.84132e+19
36.306  1.68219e+19
36.4233  1.59824e+19
36.5406  1.63784e+19
36.6579  1.83684e+19
36.7752  2.20544e+19
36.8925  2.7226e+19
37.0098  3.33365e+19
37.1271  3.95464e+19
37.2444  4.48864e+19
37.3617  4.84415e+19
37.479  4.94949e+19
37.5964  4.77621e+19
37.7137  4.34907e+19
37.831  3.72857e+19
37.9483  3.02164e+19
38.0656  2.33797e+19
38.1829  1.79176e+19
38.3002  1.46091e+19
38.4175  1.38588e+19
38.5348  1.55857e+19
38.6521  1.92737e+19
38.7694  2.41234e+19
38.8867  2.91852e+19
39.004  3.35711e+19
39.1213  3.6607e+19
39.2386  3.78687e+19
39.3559  3.72743e+19
39.4732  3.49935e+19
39.5905  3.14074e+19
39.7078  2.69722e+19
39.8251  2.2188e+19
39.9425  1.7463e+19
40.0598  1.31335e+19
40.1771  9.45779e+18
40.2944  6.5537e+18
40.4117  4.44526e+18
40.529  3.09431e+18
40.6463  2.39015e+18
40.7636  2.17109e+18
40.8809  2.27129e+18
40.9982  2.53432e+18
41.1155  2.84765e+18
41.2328  3.15703e+18
41.3501  3.4803e+18
41.4674  3.87971e+18
41.5847  4.44985e+18
41.702  5.25478e+18
41.8193  6.3134e+18
41.9366  7.57188e+18
42.0539  8.9151e+18
42.1712  1.01906e+19
42.2885  1.12564e+19
42.4059  1.20284e+19
42.5232  1.24924e+19
42.6405  1.27369e+19
42.7578  1.28692e+19
42.8751  1.30289e+19
42.9924  1.32905e+19
43.1097  1.36239e+19
43.227  1.39348e+19
43.3443  1.40273e+19
43.4616  1.37241e+19
43.5789  1.2909e+19
43.6962  1.15823e+19
43.8135  9.89814e+18
43.9308  8.12062e+18
44.0481  6.59836e+18
44.1654  5.63861e+18
44.2827  5.46443e+18
44.4  6.13025e+18
44.5173  7.51656e+18
44.6347  9.38911e+18
44.752  1.14612e+19
44.8693  1.3471e+19
44.9866  1.52681e+19
45.1039  1.68608e+19
45.2212  1.83289e+19
45.3385  1.98319e+19
45.4558  2.14979e+19
45.5731  2.33411e+19
45.6904  2.52011e+19
45.8077  2.68289e+19
45.925  2.78618e+19
46.0423  2.79696e+19
46.1596  2.69427e+19
46.2769  2.47533e+19
46.3942  2.16155e+19
46.5115  1.78743e+19
46.6288  1.40621e+19
46.7461  1.06431e+19
46.8634  8.02932e+18
46.9808  6.44698e+18
47.0981  5.90262e+18
47.2154  6.24425e+18
47.3327  7.17425e+18
47.45  8.36157e+18
47.5673  9.48612e+18
47.6846  1.03087e+19
47.8019  1.07328e+19
47.9192  1.07201e+19
48.0365  1.03501e+19
48.1538  9.73375e+18
48.2711  8.98871e+18
48.3884  8.22993e+18
48.5057  7.5462e+18
48.623  6.99904e+18
48.7403  6.62448e+18
48.8576  6.46448e+18
48.9749  6.52413e+18
49.0922  6.81962e+18
49.2095  7.36646e+18
49.3269  8.19486e+18
49.4442  9.29884e+18
49.5615  1.07094e+19
49.6788  1.23946e+19
49.7961  1.43266e+19
49.9134  1.6414e+19
50.0307  1.85332e+19
50.148  2.04794e+19
50.2653  2.20472e+19
50.3826  2.30121e+19
50.4999  2.31619e+19
50.6172  2.24052e+19
50.7345  2.07349e+19
50.8518  1.82761e+19
50.9691  1.52506e+19
51.0864  1.19922e+19
51.2037  8.84824e+18
51.321  6.13365e+18
51.4383  4.0841e+18
51.5556  2.81164e+18
51.673  2.30516e+18
51.7903  2.43418e+18
51.9076  3.00202e+18
52.0249  3.76709e+18
52.1422  4.51245e+18
52.2595  5.04874e+18
52.3768  5.24598e+18
52.4941  5.09093e+18
52.6114  4.59595e+18
52.7287  3.85298e+18
52.846  2.9996e+18
52.9633  2.18127e+18
53.0806  1.56376e+18
53.1979  1.26642e+18
53.3152  1.36986e+18
53.4325  1.88024e+18
53.5498  2.74003e+18
53.6671  3.82335e+18
53.7844  4.96762e+18
53.9017  6.01401e+18
54.0191  6.81226e+18
54.1364  7.27516e+18
54.2537  7.39469e+18
54.371  7.20288e+18
54.4883  6.77344e+18
54.6056  6.18963e+18
54.7229  5.51155e+18
54.8402  4.77349e+18
54.9575  4.01344e+18
55.0748  3.27843e+18
55.1921  2.65925e+18
55.3094  2.32772e+18
55.4267  2.50728e+18
55.544  3.44557e+18
55.6613  5.35253e+18
55.7786  8.31239e+18
55.8959  1.22213e+19
56.0132  1.67772e+19
56.1305  2.14689e+19
56.2478  2.56783e+19
56.3651  2.88365e+19
56.4825  3.03997e+19
56.5998  3.01575e+19
56.7171  2.81312e+19
56.8344  2.46514e+19
56.9517  2.02365e+19
57.069  1.54656e+19
57.1863  1.09591e+19
57.3036  7.14357e+18
57.4209  4.27791e+18
57.5382  2.40734e+18
57.6555  1.42158e+18
57.7728  1.12986e+18
57.8901  1.31286e+18
58.0074  1.79163e+18
58.1247  2.43516e+18
58.242  3.15089e+18
58.3593  3.88766e+18
58.4766  4.57058e+18
58.5939  5.11914e+18
