#S 1 spectral density
#N 2
#UFWHM 17.1265
#L  abscissas [um]  spectral density
-58.5938  3.10197e+19
-58.4764  2.83869e+19
-58.3591  2.53957e+19
-58.2418  2.247e+19
-58.1245  1.9889e+19
-58.0072  1.78087e+19
-57.8899  1.63359e+19
-57.7726  1.55241e+19
-57.6553  1.54596e+19
-57.538  1.62595e+19
-57.4207  1.80763e+19
-57.3034  2.10242e+19
-57.1861  2.51566e+19
-57.0688  3.03443e+19
-56.9515  3.63439e+19
-56.8342  4.27102e+19
-56.7169  4.89329e+19
-56.5996  5.45362e+19
-56.4823  5.90971e+19
-56.365  6.23794e+19
-56.2477  6.43689e+19
-56.1303  6.51815e+19
-56.013  6.50369e+19
-55.8957  6.42314e+19
-55.7784  6.29645e+19
-55.6611  6.13902e+19
-55.5438  5.95442e+19
-55.4265  5.73522e+19
-55.3092  5.47762e+19
-55.1919  5.17898e+19
-55.0746  4.83888e+19
-54.9573  4.47341e+19
-54.84  4.0931e+19
-54.7227  3.72186e+19
-54.6054  3.37307e+19
-54.4881  3.06369e+19
-54.3708  2.8062e+19
-54.2535  2.60034e+19
-54.1362  2.45012e+19
-54.0189  2.36328e+19
-53.9016  2.34375e+19
-53.7842  2.39681e+19
-53.6669  2.53424e+19
-53.5496  2.75812e+19
-53.4323  3.06665e+19
-53.315  3.44907e+19
-53.1977  3.88172e+19
-53.0804  4.3375e+19
-52.9631  4.78027e+19
-52.8458  5.17558e+19
-52.7285  5.49193e+19
-52.6112  5.7087e+19
-52.4939  5.81431e+19
-52.3766  5.81357e+19
-52.2593  5.72055e+19
-52.142  5.56619e+19
-52.0247  5.39215e+19
-51.9074  5.24019e+19
-51.7901  5.15996e+19
-51.6728  5.1933e+19
-51.5555  5.36678e+19
-51.4381  5.6992e+19
-51.3208  6.18579e+19
-51.2035  6.79785e+19
-51.0862  7.49359e+19
-50.9689  8.21295e+19
-50.8516  8.89297e+19
-50.7343  9.47398e+19
-50.617  9.90587e+19
-50.4997  1.01514e+20
-50.3824  1.01998e+20
-50.2651  1.00528e+20
-50.1478  9.74229e+19
-50.0305  9.30034e+19
-49.9132  8.78461e+19
-49.7959  8.2407e+19
-49.6786  7.71899e+19
-49.5613  7.26675e+19
-49.444  6.91801e+19
-49.3267  6.69041e+19
-49.2094  6.59641e+19
-49.092  6.63074e+19
-48.9747  6.77157e+19
-48.8574  6.99121e+19
-48.7401  7.25649e+19
-48.6228  7.53057e+19
-48.5055  7.78683e+19
-48.3882  7.99983e+19
-48.2709  8.15874e+19
-48.1536  8.26149e+19
-48.0363  8.32046e+19
-47.919  8.34919e+19
-47.8017  8.3718e+19
-47.6844  8.41298e+19
-47.5671  8.50121e+19
-47.4498  8.65784e+19
-47.3325  8.89977e+19
-47.2152  9.2386e+19
-47.0979  9.66903e+19
-46.9806  1.0175e+20
-46.8633  1.07291e+20
-46.7459  1.12735e+20
-46.6286  1.17545e+20
-46.5113  1.21115e+20
-46.394  1.2297e+20
-46.2767  1.22778e+20
-46.1594  1.20481e+20
-46.0421  1.16374e+20
-45.9248  1.11057e+20
-45.8075  1.05262e+20
-45.6902  9.98519e+19
-45.5729  9.55794e+19
-45.4556  9.30133e+19
-45.3383  9.24276e+19
-45.221  9.3744e+19
-45.1037  9.67456e+19
-44.9864  1.00973e+20
-44.8691  1.05946e+20
-44.7518  1.11234e+20
-44.6345  1.16528e+20
-44.5172  1.21542e+20
-44.3998  1.26081e+20
-44.2825  1.30005e+20
-44.1652  1.33089e+20
-44.0479  1.34969e+20
-43.9306  1.35438e+20
-43.8133  1.34158e+20
-43.696  1.30995e+20
-43.5787  1.26069e+20
-43.4614  1.19787e+20
-43.3441  1.12746e+20
-43.2268  1.05781e+20
-43.1095  9.97388e+19
-42.9922  9.54753e+19
-42.8749  9.34863e+19
-42.7576  9.41023e+19
-42.6403  9.7284e+19
-42.523  1.02665e+20
-42.4057  1.09728e+20
-42.2884  1.17741e+20
-42.171  1.25982e+20
-42.0537  1.33927e+20
-41.9364  1.41024e+20
-41.8191  1.47053e+20
-41.7018  1.51742e+20
-41.5845  1.55225e+20
-41.4672  1.57617e+20
-41.3499  1.5911e+20
-41.2326  1.59895e+20
-41.1153  1.60251e+20
-40.998  1.60296e+20
-40.8807  1.60136e+20
-40.7634  1.59637e+20
-40.6461  1.58685e+20
-40.5288  1.56959e+20
-40.4115  1.54235e+20
-40.2942  1.50317e+20
-40.1769  1.44993e+20
-40.0596  1.38288e+20
-39.9423  1.30428e+20
-39.825  1.21798e+20
-39.7076  1.12899e+20
-39.5903  1.04257e+20
-39.473  9.63761e+19
-39.3557  8.97571e+19
-39.2384  8.47056e+19
-39.1211  8.14867e+19
-39.0038  8.0357e+19
-38.8865  8.14505e+19
-38.7692  8.49384e+19
-38.6519  9.09752e+19
-38.5346  9.9613e+19
-38.4173  1.10764e+20
-38.3  1.24056e+20
-38.1827  1.38886e+20
-38.0654  1.54376e+20
-37.9481  1.69353e+20
-37.8308  1.82639e+20
-37.7135  1.93078e+20
-37.5962  1.99761e+20
-37.4789  2.02178e+20
-37.3615  2.00381e+20
-37.2442  1.94856e+20
-37.1269  1.86407e+20
-37.0096  1.76248e+20
-36.8923  1.65543e+20
-36.775  1.55453e+20
-36.6577  1.46909e+20
-36.5404  1.40463e+20
-36.4231  1.36479e+20
-36.3058  1.34953e+20
-36.1885  1.35729e+20
-36.0712  1.38542e+20
-35.9539  1.4305e+20
-35.8366  1.48915e+20
-35.7193  1.55696e+20
-35.602  1.63049e+20
-35.4847  1.70528e+20
-35.3674  1.77726e+20
-35.2501  1.84253e+20
-35.1328  1.89774e+20
-35.0154  1.94115e+20
-34.8981  1.9707e+20
-34.7808  1.98846e+20
-34.6635  1.99702e+20
-34.5462  1.99953e+20
-34.4289  2.00001e+20
-34.3116  2.00306e+20
-34.1943  2.01213e+20
-34.077  2.02905e+20
-33.9597  2.05437e+20
-33.8424  2.08866e+20
-33.7251  2.13102e+20
-33.6078  2.17942e+20
-33.4905  2.23284e+20
-33.3732  2.28986e+20
-33.2559  2.34917e+20
-33.1386  2.41024e+20
-33.0213  2.47247e+20
-32.904  2.5365e+20
-32.7867  2.60222e+20
-32.6693  2.66993e+20
-32.552  2.74115e+20
-32.4347  2.81477e+20
-32.3174  2.893e+20
-32.2001  2.97405e+20
-32.0828  3.0577e+20
-31.9655  3.14246e+20
-31.8482  3.22535e+20
-31.7309  3.30462e+20
-31.6136  3.37625e+20
-31.4963  3.43757e+20
-31.379  3.48588e+20
-31.2617  3.52045e+20
-31.1444  3.54091e+20
-31.0271  3.54711e+20
-30.9098  3.54122e+20
-30.7925  3.52601e+20
-30.6752  3.50619e+20
-30.5579  3.48715e+20
-30.4406  3.47376e+20
-30.3232  3.47271e+20
-30.2059  3.49e+20
-30.0886  3.53269e+20
-29.9713  3.60607e+20
-29.854  3.71436e+20
-29.7367  3.861e+20
-29.6194  4.04535e+20
-29.5021  4.26641e+20
-29.3848  4.51953e+20
-29.2675  4.79631e+20
-29.1502  5.0885e+20
-29.0329  5.38524e+20
-28.9156  5.6742e+20
-28.7983  5.94424e+20
-28.681  6.18329e+20
-28.5637  6.38235e+20
-28.4464  6.53275e+20
-28.3291  6.63088e+20
-28.2118  6.67695e+20
-28.0944  6.67231e+20
-27.9771  6.62447e+20
-27.8598  6.54279e+20
-27.7425  6.44032e+20
-27.6252  6.33172e+20
-27.5079  6.23052e+20
-27.3906  6.15142e+20
-27.2733  6.10502e+20
-27.156  6.1005e+20
-27.0387  6.14366e+20
-26.9214  6.23607e+20
-26.8041  6.37578e+20
-26.6868  6.55658e+20
-26.5695  6.77087e+20
-26.4522  7.00682e+20
-26.3349  7.2523e+20
-26.2176  7.49148e+20
-26.1003  7.71226e+20
-25.983  7.90125e+20
-25.8657  8.04821e+20
-25.7483  8.14597e+20
-25.631  8.18911e+20
-25.5137  8.18168e+20
-25.3964  8.12601e+20
-25.2791  8.03052e+20
-25.1618  7.90581e+20
-25.0445  7.76536e+20
-24.9272  7.62014e+20
-24.8099  7.48362e+20
-24.6926  7.36511e+20
-24.5753  7.27406e+20
-24.458  7.21562e+20
-24.3407  7.19333e+20
-24.2234  7.20767e+20
-24.1061  7.25869e+20
-23.9888  7.34075e+20
-23.8715  7.45032e+20
-23.7542  7.57968e+20
-23.6369  7.72319e+20
-23.5196  7.87376e+20
-23.4023  8.02493e+20
-23.2849  8.17184e+20
-23.1676  8.31021e+20
-23.0503  8.43859e+20
-22.933  8.55356e+20
-22.8157  8.65381e+20
-22.6984  8.73791e+20
-22.5811  8.80522e+20
-22.4638  8.85473e+20
-22.3465  8.88449e+20
-22.2292  8.89589e+20
-22.1119  8.88838e+20
-21.9946  8.86285e+20
-21.8773  8.82007e+20
-21.76  8.7609e+20
-21.6427  8.68745e+20
-21.5254  8.59969e+20
-21.4081  8.49838e+20
-21.2908  8.38311e+20
-21.1735  8.25454e+20
-21.0561  8.11491e+20
-20.9388  7.96621e+20
-20.8215  7.81699e+20
-20.7042  7.67051e+20
-20.5869  7.538e+20
-20.4696  7.42743e+20
-20.3523  7.34789e+20
-20.235  7.30689e+20
-20.1177  7.30956e+20
-20.0004  7.35723e+20
-19.8831  7.4519e+20
-19.7658  7.5868e+20
-19.6485  7.75765e+20
-19.5312  7.95516e+20
-19.4139  8.17004e+20
-19.2966  8.38954e+20
-19.1793  8.60215e+20
-19.062  8.79582e+20
-18.9447  8.95855e+20
-18.8274  9.08028e+20
-18.71  9.15522e+20
-18.5927  9.17817e+20
-18.4754  9.14951e+20
-18.3581  9.07451e+20
-18.2408  8.9598e+20
-18.1235  8.8166e+20
-18.0062  8.65697e+20
-17.8889  8.49593e+20
-17.7716  8.34752e+20
-17.6543  8.22255e+20
-17.537  8.13404e+20
-17.4197  8.08935e+20
-17.3024  8.0951e+20
-17.1851  8.15426e+20
-17.0678  8.26802e+20
-16.9505  8.43643e+20
-16.8332  8.65615e+20
-16.7159  8.92334e+20
-16.5986  9.23182e+20
-16.4813  9.57535e+20
-16.364  9.94741e+20
-16.2466  1.03427e+21
-16.1293  1.07581e+21
-16.012  1.11873e+21
-15.8947  1.16314e+21
-15.7774  1.20889e+21
-15.6601  1.25612e+21
-15.5428  1.3049e+21
-15.4255  1.35531e+21
-15.3082  1.40726e+21
-15.1909  1.46081e+21
-15.0736  1.51532e+21
-14.9563  1.57068e+21
-14.839  1.62621e+21
-14.7217  1.68159e+21
-14.6044  1.73623e+21
-14.4871  1.78982e+21
-14.3698  1.84215e+21
-14.2525  1.89322e+21
-14.1352  1.94308e+21
-14.0178  1.99237e+21
-13.9005  2.04153e+21
-13.7832  2.09135e+21
-13.6659  2.14298e+21
-13.5486  2.19732e+21
-13.4313  2.25551e+21
-13.314  2.31862e+21
-13.1967  2.38771e+21
-13.0794  2.4637e+21
-12.9621  2.54689e+21
-12.8448  2.6379e+21
-12.7275  2.73638e+21
-12.6102  2.84201e+21
-12.4929  2.95395e+21
-12.3756  3.07091e+21
-12.2583  3.19173e+21
-12.141  3.31487e+21
-12.0237  3.43878e+21
-11.9064  3.56174e+21
-11.7891  3.68242e+21
-11.6718  3.79938e+21
-11.5544  3.91177e+21
-11.4371  4.01923e+21
-11.3198  4.12089e+21
-11.2025  4.21705e+21
-11.0852  4.30802e+21
-10.9679  4.39427e+21
-10.8506  4.47654e+21
-10.7333  4.5555e+21
-10.616  4.63196e+21
-10.4987  4.70712e+21
-10.3814  4.78111e+21
-10.2641  4.85503e+21
-10.1468  4.92921e+21
-10.0295  5.00439e+21
-9.91217  5.08097e+21
-9.79487  5.15952e+21
-9.67756  5.24072e+21
-9.56026  5.32496e+21
-9.44295  5.41282e+21
-9.32565  5.50519e+21
-9.20834  5.60235e+21
-9.09104  5.70476e+21
-8.97373  5.81299e+21
-8.85643  5.92701e+21
-8.73913  6.04673e+21
-8.62182  6.17179e+21
-8.50452  6.30157e+21
-8.38721  6.43525e+21
-8.26991  6.57105e+21
-8.1526  6.7076e+21
-8.03529  6.84261e+21
-7.91799  6.97405e+21
-7.80069  7.09975e+21
-7.68338  7.21729e+21
-7.56608  7.32491e+21
-7.44877  7.4213e+21
-7.33146  7.50522e+21
-7.21416  7.57626e+21
-7.09685  7.63474e+21
-6.97955  7.68131e+21
-6.86224  7.71769e+21
-6.74494  7.74597e+21
-6.62763  7.76828e+21
-6.51033  7.78772e+21
-6.39302  7.80737e+21
-6.27572  7.83024e+21
-6.15842  7.85939e+21
-6.04111  7.89739e+21
-5.92381  7.94687e+21
-5.8065  8.0101e+21
-5.68919  8.08801e+21
-5.57189  8.18159e+21
-5.45458  8.2913e+21
-5.33728  8.41628e+21
-5.21997  8.55573e+21
-5.10267  8.70801e+21
-4.98536  8.87098e+21
-4.86806  9.04196e+21
-4.75075  9.21795e+21
-4.63345  9.39613e+21
-4.51614  9.57309e+21
-4.39884  9.74539e+21
-4.28154  9.90996e+21
-4.16423  1.0064e+22
-4.04692  1.0205e+22
-3.92962  1.03311e+22
-3.81231  1.04407e+22
-3.69501  1.05335e+22
-3.5777  1.0609e+22
-3.4604  1.06684e+22
-3.34309  1.07123e+22
-3.22579  1.0743e+22
-3.10849  1.07627e+22
-2.99118  1.0774e+22
-2.87387  1.07799e+22
-2.75657  1.07836e+22
-2.63926  1.0788e+22
-2.52196  1.07961e+22
-2.40465  1.08105e+22
-2.28735  1.08335e+22
-2.17005  1.08672e+22
-2.05274  1.09124e+22
-1.93544  1.09702e+22
-1.81813  1.10404e+22
-1.70083  1.11229e+22
-1.58352  1.12166e+22
-1.46622  1.132e+22
-1.34891  1.1431e+22
-1.2316  1.15476e+22
-1.1143  1.16666e+22
-0.996995  1.17855e+22
-0.87969  1.19008e+22
-0.762385  1.201e+22
-0.64508  1.21095e+22
-0.527775  1.2197e+22
-0.41047  1.22699e+22
-0.293165  1.23264e+22
-0.17586  1.23649e+22
-0.058555  1.23843e+22
0.05875  1.23842e+22
0.176055  1.23646e+22
0.29336  1.23261e+22
0.410665  1.22695e+22
0.52797  1.21966e+22
0.645275  1.21094e+22
0.76258  1.20102e+22
0.879885  1.19018e+22
0.99719  1.1787e+22
1.1145  1.16691e+22
1.2318  1.1551e+22
1.3491  1.14356e+22
1.46641  1.13256e+22
1.58371  1.12233e+22
1.70102  1.11309e+22
1.81832  1.10496e+22
1.93563  1.09805e+22
2.05294  1.09237e+22
2.17024  1.08794e+22
2.28754  1.08468e+22
2.40485  1.08247e+22
2.52216  1.08112e+22
2.63946  1.08038e+22
2.75677  1.08002e+22
2.87407  1.07974e+22
2.99137  1.07922e+22
3.10868  1.07815e+22
3.22599  1.07623e+22
3.34329  1.07321e+22
3.4606  1.06885e+22
3.5779  1.06295e+22
3.69521  1.05542e+22
3.81251  1.04616e+22
3.92982  1.0352e+22
4.04712  1.02259e+22
4.16443  1.00848e+22
4.28173  9.93064e+21
4.39903  9.76584e+21
4.51634  9.59343e+21
4.63364  9.4166e+21
4.75095  9.2383e+21
4.86825  9.06227e+21
4.98556  8.8916e+21
5.10286  8.72894e+21
5.22017  8.57709e+21
5.33748  8.43823e+21
5.45478  8.31387e+21
5.57209  8.20521e+21
5.68939  8.11235e+21
5.8067  8.03544e+21
5.924  7.97326e+21
6.0413  7.92459e+21
6.15861  7.88718e+21
6.27591  7.85881e+21
6.39322  7.83675e+21
6.51052  7.81761e+21
6.62783  7.79842e+21
6.74514  7.77605e+21
6.86244  7.7479e+21
6.97975  7.71135e+21
7.09705  7.66452e+21
7.21436  7.60582e+21
7.33166  7.53419e+21
7.44897  7.44994e+21
7.56627  7.35326e+21
7.68358  7.2451e+21
7.80088  7.12717e+21
7.91819  7.00124e+21
8.03549  6.86972e+21
8.1528  6.73473e+21
8.2701  6.59814e+21
8.38741  6.46245e+21
8.50471  6.32909e+21
8.62202  6.19936e+21
8.73932  6.07443e+21
8.85662  5.955e+21
8.97393  5.84116e+21
9.09123  5.73303e+21
9.20854  5.63056e+21
9.32584  5.53361e+21
9.44315  5.44117e+21
9.56045  5.35307e+21
9.67776  5.26868e+21
9.79506  5.18723e+21
9.91237  5.10838e+21
10.0297  5.03147e+21
10.147  4.95607e+21
10.2643  4.88163e+21
10.3816  4.8074e+21
10.4989  4.73316e+21
10.6162  4.65783e+21
10.7335  4.58108e+21
10.8508  4.50173e+21
10.9681  4.41919e+21
11.0854  4.33286e+21
11.2027  4.24168e+21
11.32  4.14508e+21
11.4373  4.04299e+21
11.5546  3.93539e+21
11.6719  3.82249e+21
11.7893  3.70508e+21
11.9066  3.58397e+21
12.0239  3.4605e+21
12.1412  3.33616e+21
12.2585  3.21261e+21
12.3758  3.09123e+21
12.4931  2.97373e+21
12.6104  2.86137e+21
12.7277  2.75548e+21
12.845  2.65672e+21
12.9623  2.56542e+21
13.0796  2.48187e+21
13.1969  2.40575e+21
13.3142  2.33637e+21
13.4315  2.273e+21
13.5488  2.21462e+21
13.6661  2.16006e+21
13.7834  2.10812e+21
13.9007  2.05788e+21
14.018  2.00841e+21
14.1354  1.95869e+21
14.2527  1.90827e+21
14.37  1.85671e+21
14.4873  1.80384e+21
14.6046  1.74974e+21
14.7219  1.69453e+21
14.8392  1.63862e+21
14.9565  1.58257e+21
15.0738  1.5267e+21
15.1911  1.47166e+21
15.3084  1.41778e+21
15.4257  1.36541e+21
15.543  1.31463e+21
15.6603  1.26546e+21
15.7776  1.21791e+21
15.8949  1.17186e+21
16.0122  1.12709e+21
16.1295  1.08377e+21
16.2468  1.04204e+21
16.3641  1.00217e+21
16.4815  9.64651e+20
16.5988  9.29967e+20
16.7161  8.98896e+20
16.8334  8.71953e+20
16.9507  8.49765e+20
17.068  8.32706e+20
17.1853  8.21111e+20
17.3026  8.14983e+20
17.4199  8.14334e+20
17.5372  8.18705e+20
17.6545  8.27413e+20
17.7718  8.39624e+20
17.8891  8.54303e+20
18.0064  8.70083e+20
18.1237  8.85683e+20
18.241  8.99671e+20
18.3583  9.10763e+20
18.4756  9.17817e+20
18.5929  9.20145e+20
18.7102  9.17412e+20
18.8275  9.09488e+20
18.9449  8.96827e+20
19.0622  8.80178e+20
19.1795  8.60502e+20
19.2968  8.39017e+20
19.4141  8.16905e+20
19.5314  7.95357e+20
19.6487  7.75587e+20
19.766  7.58521e+20
19.8833  7.45054e+20
20.0006  7.35807e+20
20.1179  7.31133e+20
20.2352  7.3101e+20
20.3525  7.35216e+20
20.4698  7.43269e+20
20.5871  7.5439e+20
20.7044  7.67588e+20
20.8217  7.82138e+20
20.939  7.971e+20
21.0563  8.11748e+20
21.1736  8.2563e+20
21.291  8.38256e+20
21.4083  8.49701e+20
21.5256  8.59735e+20
21.6429  8.68392e+20
21.7602  8.75613e+20
21.8775  8.81445e+20
21.9948  8.85637e+20
22.1121  8.88174e+20
22.2294  8.88916e+20
22.3467  8.87813e+20
22.464  8.84707e+20
22.5813  8.79789e+20
22.6986  8.73002e+20
22.8159  8.64555e+20
22.9332  8.54504e+20
23.0505  8.42997e+20
23.1678  8.30162e+20
23.2851  8.16303e+20
23.4024  8.0163e+20
23.5198  7.86547e+20
23.6371  7.71555e+20
23.7544  7.57235e+20
23.8717  7.44423e+20
23.989  7.33614e+20
24.1063  7.25595e+20
24.2236  7.20742e+20
24.3409  7.19511e+20
24.4582  7.21998e+20
24.5755  7.28063e+20
24.6928  7.3743e+20
24.8101  7.4954e+20
24.9274  7.63442e+20
25.0447  7.78096e+20
25.162  7.92198e+20
25.2793  8.04643e+20
25.3966  8.14112e+20
25.5139  8.19646e+20
25.6312  8.2035e+20
25.7485  8.15727e+20
25.8658  8.05838e+20
25.9832  7.90963e+20
26.1005  7.71972e+20
26.2178  7.4976e+20
26.3351  7.25766e+20
26.4524  7.01314e+20
26.5697  6.77778e+20
26.687  6.56522e+20
26.8043  6.38609e+20
26.9216  6.24871e+20
27.0389  6.15947e+20
27.1562  6.11875e+20
27.2735  6.12592e+20
27.3908  6.17471e+20
27.5081  6.25619e+20
27.6254  6.35918e+20
27.7427  6.46861e+20
27.86  6.57178e+20
27.9773  6.6532e+20
28.0946  6.69982e+20
28.212  6.70297e+20
28.3293  6.65504e+20
28.4466  6.55434e+20
28.5639  6.40151e+20
28.6812  6.20025e+20
28.7985  5.95939e+20
28.9158  5.68764e+20
29.0331  5.39733e+20
29.1504  5.10028e+20
29.2677  4.80737e+20
29.385  4.53075e+20
29.5023  4.27894e+20
29.6196  4.05934e+20
29.7369  3.87581e+20
29.8542  3.73043e+20
29.9715  3.6228e+20
30.0888  3.55113e+20
30.2061  3.5095e+20
30.3234  3.49294e+20
30.4407  3.49471e+20
30.558  3.50808e+20
30.6754  3.52807e+20
30.7927  3.54749e+20
30.91  3.56142e+20
31.0273  3.56705e+20
31.1446  3.56026e+20
31.2619  3.53921e+20
31.3792  3.50398e+20
31.4965  3.45475e+20
31.6138  3.39251e+20
31.7311  3.32077e+20
31.8484  3.24124e+20
31.9657  3.15823e+20
32.083  3.07364e+20
32.2003  2.99015e+20
32.3176  2.90947e+20
32.4349  2.83202e+20
32.5522  2.7584e+20
32.6695  2.68765e+20
32.7868  2.61968e+20
32.9042  2.55443e+20
33.0215  2.49036e+20
33.1388  2.42807e+20
33.2561  2.36675e+20
33.3734  2.30723e+20
33.4907  2.25013e+20
33.608  2.19627e+20
33.7253  2.14716e+20
33.8426  2.10466e+20
33.9599  2.06984e+20
34.0772  2.04375e+20
34.1945  2.02638e+20
34.3118  2.01687e+20
34.4291  2.01307e+20
34.5464  2.01175e+20
34.6637  2.00829e+20
34.781  1.99889e+20
34.8983  1.97973e+20
35.0156  1.94876e+20
35.1329  1.90486e+20
35.2503  1.84833e+20
35.3676  1.78241e+20
35.4849  1.70938e+20
35.6022  1.63398e+20
35.7195  1.5601e+20
35.8368  1.49195e+20
35.9541  1.4336e+20
36.0714  1.38867e+20
36.1887  1.36097e+20
36.306  1.35386e+20
36.4233  1.36996e+20
36.5406  1.41083e+20
36.6579  1.47604e+20
36.7752  1.56256e+20
36.8925  1.66396e+20
37.0098  1.7712e+20
37.1271  1.87286e+20
37.2444  1.95662e+20
37.3617  2.01115e+20
37.479  2.02781e+20
37.5964  2.00234e+20
37.7137  1.93437e+20
37.831  1.8288e+20
37.9483  1.69511e+20
38.0656  1.54451e+20
38.1829  1.38927e+20
38.3002  1.24075e+20
38.4175  1.10778e+20
38.5348  9.96712e+19
38.6521  9.10744e+19
38.7694  8.50925e+19
38.8867  8.16446e+19
39.004  8.06027e+19
39.1213  8.18076e+19
39.2386  8.50684e+19
39.3559  9.01783e+19
39.4732  9.6867e+19
39.5905  1.04765e+20
39.7078  1.13446e+20
39.8251  1.22401e+20
39.9425  1.31043e+20
40.0598  1.38872e+20
40.1771  1.45545e+20
40.2944  1.50872e+20
40.4117  1.54773e+20
40.529  1.57424e+20
40.6463  1.59093e+20
40.7636  1.59992e+20
40.8809  1.60402e+20
40.9982  1.60535e+20
41.1155  1.60386e+20
41.2328  1.59959e+20
41.3501  1.59058e+20
41.4674  1.57502e+20
41.5847  1.55044e+20
41.702  1.51441e+20
41.8193  1.46666e+20
41.9366  1.40603e+20
42.0539  1.33483e+20
42.1712  1.25565e+20
42.2885  1.1729e+20
42.4059  1.09371e+20
42.5232  1.02401e+20
42.6405  9.71408e+19
42.7578  9.40653e+19
42.8751  9.35562e+19
42.9924  9.56609e+19
43.1097  1.00046e+20
43.227  1.06129e+20
43.3443  1.13129e+20
43.4616  1.20154e+20
43.5789  1.26399e+20
43.6962  1.31238e+20
43.8135  1.34284e+20
43.9308  1.35471e+20
44.0481  1.34932e+20
44.1654  1.32955e+20
44.2827  1.2985e+20
44.4  1.25884e+20
44.5173  1.2128e+20
44.6347  1.16277e+20
44.752  1.10984e+20
44.8693  1.0575e+20
44.9866  1.00817e+20
45.1039  9.66665e+19
45.2212  9.374e+19
45.3385  9.24712e+19
45.4558  9.31792e+19
45.5731  9.58194e+19
45.6904  1.00134e+20
45.8077  1.05578e+20
45.925  1.11379e+20
46.0423  1.16666e+20
46.1596  1.2068e+20
46.2769  1.22881e+20
46.3942  1.23002e+20
46.5115  1.21059e+20
46.6288  1.17413e+20
46.7461  1.12546e+20
46.8634  1.0707e+20
46.9808  1.01562e+20
47.0981  9.64828e+19
47.2154  9.22053e+19
47.3327  8.88173e+19
47.45  8.6453e+19
47.5673  8.49171e+19
47.6846  8.40319e+19
47.8019  8.36319e+19
47.9192  8.34223e+19
48.0365  8.31355e+19
48.1538  8.25684e+19
48.2711  8.14988e+19
48.3884  7.99113e+19
48.5057  7.7756e+19
48.623  7.52043e+19
48.7403  7.24631e+19
48.8576  6.97894e+19
48.9749  6.76122e+19
49.0922  6.62346e+19
49.2095  6.59393e+19
49.3269  6.69082e+19
49.4442  6.92422e+19
49.5615  7.27592e+19
49.6788  7.73077e+19
49.7961  8.25112e+19
49.9134  8.79593e+19
50.0307  9.31249e+19
50.148  9.74633e+19
50.2653  1.00554e+20
50.3826  1.01966e+20
50.4999  1.01441e+20
50.6172  9.89349e+19
50.7345  9.46061e+19
50.8518  8.87859e+19
50.9691  8.198e+19
51.0864  7.4819e+19
51.2037  6.7901e+19
51.321  6.18296e+19
51.4383  5.7015e+19
51.5556  5.3727e+19
51.673  5.2028e+19
51.7903  5.17299e+19
51.9076  5.25418e+19
52.0249  5.40398e+19
52.1422  5.57475e+19
52.2595  5.72335e+19
52.3768  5.81265e+19
52.4941  5.80718e+19
52.6114  5.69514e+19
52.7287  5.47297e+19
52.846  5.15138e+19
52.9633  4.75552e+19
53.0806  4.3123e+19
53.1979  3.85998e+19
53.3152  3.42851e+19
53.4325  3.04994e+19
53.5498  2.74748e+19
53.6671  2.52818e+19
53.7844  2.39487e+19
53.9017  2.34523e+19
54.0191  2.36913e+19
54.1364  2.45775e+19
54.2537  2.60964e+19
54.371  2.81763e+19
54.4883  3.07826e+19
54.6056  3.38726e+19
54.7229  3.73439e+19
54.8402  4.10541e+19
54.9575  4.48187e+19
55.0748  4.8473e+19
55.1921  5.18228e+19
55.3094  5.4788e+19
55.4267  5.73337e+19
55.544  5.95212e+19
55.6613  6.13631e+19
55.7786  6.29177e+19
55.8959  6.41905e+19
56.0132  6.49713e+19
56.1305  6.51012e+19
56.2478  6.42852e+19
56.3651  6.22509e+19
56.4825  5.89338e+19
56.5998  5.43484e+19
56.7171  4.87538e+19
56.8344  4.25253e+19
56.9517  3.61761e+19
57.069  3.02078e+19
57.1863  2.5052e+19
57.3036  2.09557e+19
57.4209  1.8038e+19
57.5382  1.62587e+19
57.6555  1.54743e+19
57.7728  1.55574e+19
57.8901  1.6376e+19
58.0074  1.78754e+19
58.1247  1.99674e+19
58.242  2.25443e+19
58.3593  2.54744e+19
58.4766  2.8457e+19
58.5939  3.10803e+19
