#S 1 spectral density
#N 2
#UFWHM 8.44596
#L  abscissas [um]  spectral density
-58.5938  5.56885e+18
-58.4764  4.7295e+18
-58.3591  3.80607e+18
-58.2418  2.96071e+18
-58.1245  2.33129e+18
-58.0072  2.02568e+18
-57.8899  2.14021e+18
-57.7726  2.76891e+18
-57.6553  4.00721e+18
-57.538  5.95449e+18
-57.4207  8.67531e+18
-57.3034  1.21212e+19
-57.1861  1.61296e+19
-57.0688  2.03634e+19
-56.9515  2.4377e+19
-56.8342  2.76122e+19
-56.7169  2.95838e+19
-56.5996  2.99151e+19
-56.4823  2.84976e+19
-56.365  2.54846e+19
-56.2477  2.13145e+19
-56.1303  1.65822e+19
-56.013  1.19917e+19
-55.8957  8.13783e+18
-55.7784  5.46846e+18
-55.6611  4.14919e+18
-55.5438  4.11902e+18
-55.4265  5.10103e+18
-55.3092  6.71226e+18
-55.1919  8.53772e+18
-55.0746  1.02428e+19
-54.9573  1.15999e+19
-54.84  1.24928e+19
-54.7227  1.29055e+19
-54.6054  1.28911e+19
-54.4881  1.25095e+19
-54.3708  1.18318e+19
-54.2535  1.08737e+19
-54.1362  9.668e+18
-54.0189  8.25039e+18
-53.9016  6.70971e+18
-53.7842  5.14658e+18
-53.6669  3.71701e+18
-53.5496  2.55281e+18
-53.4323  1.7917e+18
-53.315  1.50847e+18
-53.1977  1.72665e+18
-53.0804  2.39242e+18
-52.9631  3.40025e+18
-52.8458  4.60056e+18
-52.7285  5.81585e+18
-52.6112  6.87439e+18
-52.4939  7.63197e+18
-52.3766  7.97654e+18
-52.2593  7.8423e+18
-52.142  7.24221e+18
-52.0247  6.24572e+18
-51.9074  5.00846e+18
-51.7901  3.72598e+18
-51.6728  2.62266e+18
-51.5555  1.92481e+18
-51.4381  1.79081e+18
-51.3208  2.30793e+18
-51.2035  3.45935e+18
-51.0862  5.12059e+18
-50.9689  7.09179e+18
-50.8516  9.14347e+18
-50.7343  1.10297e+19
-50.617  1.25817e+19
-50.4997  1.3689e+19
-50.3824  1.43248e+19
-50.2651  1.45541e+19
-50.1478  1.44512e+19
-50.0305  1.41483e+19
-49.9132  1.37245e+19
-49.7959  1.32577e+19
-49.6786  1.28035e+19
-49.5613  1.23525e+19
-49.444  1.1889e+19
-49.3267  1.14254e+19
-49.2094  1.09557e+19
-49.092  1.04765e+19
-48.9747  1.00122e+19
-48.8574  9.57571e+18
-48.7401  9.18368e+18
-48.6228  8.83937e+18
-48.5055  8.55257e+18
-48.3882  8.28834e+18
-48.2709  8.03197e+18
-48.1536  7.74724e+18
-48.0363  7.38096e+18
-47.919  6.8989e+18
-47.8017  6.302e+18
-47.6844  5.63117e+18
-47.5671  5.00281e+18
-47.4498  4.61277e+18
-47.3325  4.73611e+18
-47.2152  5.65421e+18
-47.0979  7.62138e+18
-46.9806  1.07716e+19
-46.8633  1.50711e+19
-46.7459  2.02254e+19
-46.6286  2.5787e+19
-46.5113  3.10851e+19
-46.394  3.54875e+19
-46.2767  3.83602e+19
-46.1594  3.92997e+19
-46.0421  3.8221e+19
-45.9248  3.53035e+19
-45.8075  3.09929e+19
-45.6902  2.59173e+19
-45.5729  2.07003e+19
-45.4556  1.59285e+19
-45.3383  1.19344e+19
-45.221  8.88327e+18
-45.1037  6.71956e+18
-44.9864  5.2709e+18
-44.8691  4.35442e+18
-44.7518  3.83398e+18
-44.6345  3.66233e+18
-44.5172  3.88285e+18
-44.3998  4.59111e+18
-44.2825  5.85687e+18
-44.1652  7.66186e+18
-44.0479  9.8763e+18
-43.9306  1.22519e+19
-43.8133  1.44795e+19
-43.696  1.62887e+19
-43.5787  1.74628e+19
-43.4614  1.79155e+19
-43.3441  1.77312e+19
-43.2268  1.70981e+19
-43.1095  1.62455e+19
-42.9922  1.53809e+19
-42.8749  1.46503e+19
-42.7576  1.40856e+19
-42.6403  1.36069e+19
-42.523  1.30918e+19
-42.4057  1.24131e+19
-42.2884  1.14838e+19
-42.171  1.02933e+19
-42.0537  8.93945e+18
-41.9364  7.54262e+18
-41.8191  6.26233e+18
-41.7018  5.19821e+18
-41.5845  4.42694e+18
-41.4672  3.93614e+18
-41.3499  3.66897e+18
-41.2326  3.53703e+18
-41.1153  3.47544e+18
-40.998  3.44954e+18
-40.8807  3.46315e+18
-40.7634  3.56035e+18
-40.6461  3.82082e+18
-40.5288  4.30584e+18
-40.4115  5.07621e+18
-40.2942  6.16966e+18
-40.1769  7.57495e+18
-40.0596  9.2505e+18
-39.9423  1.11243e+19
-39.825  1.30935e+19
-39.7076  1.49927e+19
-39.5903  1.66223e+19
-39.473  1.77439e+19
-39.3557  1.81675e+19
-39.2384  1.77268e+19
-39.1211  1.64102e+19
-39.0038  1.43895e+19
-38.8865  1.2026e+19
-38.7692  9.83714e+18
-38.6519  8.47615e+18
-38.5346  8.53964e+18
-38.4173  1.04759e+19
-38.3  1.44161e+19
-38.1827  2.01319e+19
-38.0654  2.69924e+19
-37.9481  3.41049e+19
-37.8308  4.03922e+19
-37.7135  4.49076e+19
-37.5962  4.68976e+19
-37.4789  4.60655e+19
-37.3615  4.26548e+19
-37.2442  3.72996e+19
-37.1269  3.10356e+19
-37.0096  2.49682e+19
-36.8923  2.01814e+19
-36.775  1.74476e+19
-36.6577  1.71361e+19
-36.5404  1.91772e+19
-36.4231  2.31003e+19
-36.3058  2.81845e+19
-36.1885  3.3595e+19
-36.0712  3.85778e+19
-35.9539  4.25479e+19
-35.8366  4.52115e+19
-35.7193  4.64904e+19
-35.602  4.65215e+19
-35.4847  4.56225e+19
-35.3674  4.41356e+19
-35.2501  4.23716e+19
-35.1328  4.0579e+19
-35.0154  3.89108e+19
-34.8981  3.74466e+19
-34.7808  3.61916e+19
-34.6635  3.50732e+19
-34.5462  3.40031e+19
-34.4289  3.29004e+19
-34.3116  3.1616e+19
-34.1943  3.0053e+19
-34.077  2.81214e+19
-33.9597  2.57625e+19
-33.8424  2.29988e+19
-33.7251  1.98875e+19
-33.6078  1.65903e+19
-33.4905  1.33057e+19
-33.3732  1.0266e+19
-33.2559  7.70462e+18
-33.1386  5.81589e+18
-33.0213  4.74669e+18
-32.904  4.56755e+18
-32.7867  5.28321e+18
-32.6693  6.83425e+18
-32.552  9.12675e+18
-32.4347  1.2007e+19
-32.3174  1.53186e+19
-32.2001  1.88747e+19
-32.0828  2.2461e+19
-31.9655  2.58681e+19
-31.8482  2.8849e+19
-31.7309  3.12091e+19
-31.6136  3.27667e+19
-31.4963  3.34204e+19
-31.379  3.31423e+19
-31.2617  3.20156e+19
-31.1444  3.01891e+19
-31.0271  2.7869e+19
-30.9098  2.5341e+19
-30.7925  2.28032e+19
-30.6752  2.04804e+19
-30.5579  1.85166e+19
-30.4406  1.69811e+19
-30.3232  1.59267e+19
-30.2059  1.53043e+19
-30.0886  1.50789e+19
-29.9713  1.52217e+19
-29.854  1.56907e+19
-29.7367  1.6453e+19
-29.6194  1.75538e+19
-29.5021  1.90336e+19
-29.3848  2.09589e+19
-29.2675  2.34537e+19
-29.1502  2.66107e+19
-29.0329  3.05713e+19
-28.9156  3.53999e+19
-28.7983  4.11245e+19
-28.681  4.7726e+19
-28.5637  5.50751e+19
-28.4464  6.30137e+19
-28.3291  7.12639e+19
-28.2118  7.95278e+19
-28.0944  8.75579e+19
-27.9771  9.50628e+19
-27.8598  1.01838e+20
-27.7425  1.07697e+20
-27.6252  1.12408e+20
-27.5079  1.15965e+20
-27.3906  1.18209e+20
-27.2733  1.19119e+20
-27.156  1.18679e+20
-27.0387  1.16886e+20
-26.9214  1.1394e+20
-26.8041  1.10065e+20
-26.6868  1.05612e+20
-26.5695  1.00951e+20
-26.4522  9.65351e+19
-26.3349  9.2837e+19
-26.2176  9.01354e+19
-26.1003  8.87307e+19
-25.983  8.86669e+19
-25.8657  8.98577e+19
-25.7483  9.21879e+19
-25.631  9.53309e+19
-25.5137  9.91163e+19
-25.3964  1.03212e+20
-25.2791  1.07414e+20
-25.1618  1.11594e+20
-25.0445  1.15741e+20
-24.9272  1.19782e+20
-24.8099  1.23876e+20
-24.6926  1.28142e+20
-24.5753  1.3275e+20
-24.458  1.37841e+20
-24.3407  1.43584e+20
-24.2234  1.50013e+20
-24.1061  1.57147e+20
-23.9888  1.64809e+20
-23.8715  1.72774e+20
-23.7542  1.8059e+20
-23.6369  1.87918e+20
-23.5196  1.94315e+20
-23.4023  1.99313e+20
-23.2849  2.02649e+20
-23.1676  2.04135e+20
-23.0503  2.03711e+20
-22.933  2.01528e+20
-22.8157  1.9767e+20
-22.6984  1.92447e+20
-22.5811  1.86205e+20
-22.4638  1.79349e+20
-22.3465  1.72427e+20
-22.2292  1.65975e+20
-22.1119  1.607e+20
-21.9946  1.57227e+20
-21.8773  1.56278e+20
-21.76  1.5842e+20
-21.6427  1.6397e+20
-21.5254  1.73053e+20
-21.4081  1.8548e+20
-21.2908  2.00819e+20
-21.1735  2.18379e+20
-21.0561  2.37348e+20
-20.9388  2.56795e+20
-20.8215  2.75822e+20
-20.7042  2.93904e+20
-20.5869  3.1049e+20
-20.4696  3.25334e+20
-20.3523  3.38401e+20
-20.235  3.49893e+20
-20.1177  3.60177e+20
-20.0004  3.69743e+20
-19.8831  3.78884e+20
-19.7658  3.88375e+20
-19.6485  3.98553e+20
-19.5312  4.09831e+20
-19.4139  4.22369e+20
-19.2966  4.36245e+20
-19.1793  4.51328e+20
-19.062  4.67298e+20
-18.9447  4.83837e+20
-18.8274  5.00684e+20
-18.71  5.17508e+20
-18.5927  5.34502e+20
-18.4754  5.51936e+20
-18.3581  5.70223e+20
-18.2408  5.90308e+20
-18.1235  6.12901e+20
-18.0062  6.38849e+20
-17.8889  6.68585e+20
-17.7716  7.02198e+20
-17.6543  7.39489e+20
-17.537  7.79489e+20
-17.4197  8.21004e+20
-17.3024  8.62546e+20
-17.1851  9.02379e+20
-17.0678  9.38833e+20
-16.9505  9.70382e+20
-16.8332  9.95933e+20
-16.7159  1.01467e+21
-16.5986  1.02638e+21
-16.4813  1.03136e+21
-16.364  1.03037e+21
-16.2466  1.02458e+21
-16.1293  1.01519e+21
-16.012  1.00403e+21
-15.8947  9.92434e+20
-15.7774  9.81962e+20
-15.6601  9.73652e+20
-15.5428  9.68374e+20
-15.4255  9.66361e+20
-15.3082  9.67702e+20
-15.1909  9.72141e+20
-15.0736  9.79037e+20
-14.9563  9.87561e+20
-14.839  9.97239e+20
-14.7217  1.00722e+21
-14.6044  1.01717e+21
-14.4871  1.02694e+21
-14.3698  1.0366e+21
-14.2525  1.04637e+21
-14.1352  1.05668e+21
-14.0178  1.06837e+21
-13.9005  1.08187e+21
-13.7832  1.09798e+21
-13.6659  1.11725e+21
-13.5486  1.14027e+21
-13.4313  1.16737e+21
-13.314  1.19887e+21
-13.1967  1.23463e+21
-13.0794  1.27493e+21
-12.9621  1.31905e+21
-12.8448  1.3669e+21
-12.7275  1.41767e+21
-12.6102  1.47105e+21
-12.4929  1.52629e+21
-12.3756  1.58284e+21
-12.2583  1.64051e+21
-12.141  1.69915e+21
-12.0237  1.75866e+21
-11.9064  1.81922e+21
-11.7891  1.8813e+21
-11.6718  1.94529e+21
-11.5544  2.01168e+21
-11.4371  2.08095e+21
-11.3198  2.15306e+21
-11.2025  2.22791e+21
-11.0852  2.30517e+21
-10.9679  2.38403e+21
-10.8506  2.46329e+21
-10.7333  2.54135e+21
-10.616  2.61659e+21
-10.4987  2.68748e+21
-10.3814  2.75204e+21
-10.2641  2.80881e+21
-10.1468  2.85685e+21
-10.0295  2.89557e+21
-9.91217  2.92465e+21
-9.79487  2.94504e+21
-9.67756  2.95783e+21
-9.56026  2.9647e+21
-9.44295  2.96787e+21
-9.32565  2.97021e+21
-9.20834  2.97423e+21
-9.09104  2.98283e+21
-8.97373  2.99882e+21
-8.85643  3.02495e+21
-8.73913  3.06293e+21
-8.62182  3.11477e+21
-8.50452  3.18152e+21
-8.38721  3.2639e+21
-8.26991  3.36149e+21
-8.1526  3.47393e+21
-8.03529  3.59963e+21
-7.91799  3.73715e+21
-7.80069  3.88465e+21
-7.68338  4.04004e+21
-7.56608  4.20175e+21
-7.44877  4.36836e+21
-7.33146  4.53892e+21
-7.21416  4.71273e+21
-7.09685  4.8901e+21
-6.97955  5.07128e+21
-6.86224  5.25712e+21
-6.74494  5.44904e+21
-6.62763  5.64747e+21
-6.51033  5.85361e+21
-6.39302  6.06817e+21
-6.27572  6.29151e+21
-6.15842  6.52362e+21
-6.04111  6.76406e+21
-5.92381  7.01225e+21
-5.8065  7.26762e+21
-5.68919  7.52894e+21
-5.57189  7.7957e+21
-5.45458  8.06727e+21
-5.33728  8.34347e+21
-5.21997  8.62413e+21
-5.10267  8.91006e+21
-4.98536  9.20155e+21
-4.86806  9.49937e+21
-4.75075  9.80422e+21
-4.63345  1.01166e+22
-4.51614  1.04366e+22
-4.39884  1.07636e+22
-4.28154  1.10969e+22
-4.16423  1.14349e+22
-4.04692  1.17753e+22
-3.92962  1.2116e+22
-3.81231  1.24546e+22
-3.69501  1.27885e+22
-3.5777  1.31157e+22
-3.4604  1.34344e+22
-3.34309  1.37435e+22
-3.22579  1.40427e+22
-3.10849  1.4333e+22
-2.99118  1.46156e+22
-2.87387  1.48934e+22
-2.75657  1.51696e+22
-2.63926  1.54476e+22
-2.52196  1.57315e+22
-2.40465  1.60252e+22
-2.28735  1.63318e+22
-2.17005  1.66541e+22
-2.05274  1.6994e+22
-1.93544  1.73512e+22
-1.81813  1.77258e+22
-1.70083  1.81149e+22
-1.58352  1.85152e+22
-1.46622  1.89224e+22
-1.34891  1.93307e+22
-1.2316  1.9734e+22
-1.1143  2.01258e+22
-0.996995  2.04993e+22
-0.87969  2.08483e+22
-0.762385  2.11663e+22
-0.64508  2.14485e+22
-0.527775  2.169e+22
-0.41047  2.1887e+22
-0.293165  2.20366e+22
-0.17586  2.21368e+22
-0.058555  2.21863e+22
0.05875  2.21845e+22
0.176055  2.21311e+22
0.29336  2.20272e+22
0.410665  2.18741e+22
0.52797  2.16736e+22
0.645275  2.14291e+22
0.76258  2.11442e+22
0.879885  2.08236e+22
0.99719  2.04725e+22
1.1145  2.0097e+22
1.2318  1.97037e+22
1.3491  1.92992e+22
1.46641  1.88899e+22
1.58371  1.8482e+22
1.70102  1.80811e+22
1.81832  1.76917e+22
1.93563  1.73169e+22
2.05294  1.69592e+22
2.17024  1.66195e+22
2.28754  1.62973e+22
2.40485  1.59906e+22
2.52216  1.56972e+22
2.63946  1.54134e+22
2.75677  1.51354e+22
2.87407  1.48595e+22
2.99137  1.45817e+22
3.10868  1.4299e+22
3.22599  1.40087e+22
3.34329  1.37095e+22
3.4606  1.34004e+22
3.5779  1.30815e+22
3.69521  1.27542e+22
3.81251  1.24201e+22
3.92982  1.20811e+22
4.04712  1.174e+22
4.16443  1.13992e+22
4.28173  1.10609e+22
4.39903  1.07273e+22
4.51634  1.03999e+22
4.63364  1.00799e+22
4.75095  9.76714e+21
4.86825  9.46222e+21
4.98556  9.16438e+21
5.10286  8.87321e+21
5.22017  8.58751e+21
5.33748  8.30725e+21
5.45478  8.03164e+21
5.57209  7.76076e+21
5.68939  7.49467e+21
5.8067  7.23408e+21
5.924  6.97953e+21
6.0413  6.73218e+21
6.15861  6.49245e+21
6.27591  6.26105e+21
6.39322  6.0386e+21
6.51052  5.82472e+21
6.62783  5.6191e+21
6.74514  5.42121e+21
6.86244  5.23025e+21
6.97975  5.04484e+21
7.09705  4.86434e+21
7.21436  4.68781e+21
7.33166  4.5146e+21
7.44897  4.34503e+21
7.56627  4.17945e+21
7.68358  4.01874e+21
7.80088  3.86436e+21
7.91819  3.71795e+21
8.03549  3.58164e+21
8.1528  3.45713e+21
8.2701  3.34584e+21
8.38741  3.2492e+21
8.50471  3.16785e+21
8.62202  3.10192e+21
8.73932  3.05068e+21
8.85662  3.01328e+21
8.97393  2.9878e+21
9.09123  2.97207e+21
9.20854  2.96374e+21
9.32584  2.96004e+21
9.44315  2.95789e+21
9.56045  2.95474e+21
9.67776  2.94808e+21
9.79506  2.93546e+21
9.91237  2.91516e+21
10.0297  2.8863e+21
10.147  2.84797e+21
10.2643  2.80031e+21
10.3816  2.74372e+21
10.4989  2.67957e+21
10.6162  2.60904e+21
10.7335  2.53411e+21
10.8508  2.45637e+21
10.9681  2.37747e+21
11.0854  2.29902e+21
11.2027  2.22206e+21
11.32  2.14734e+21
11.4373  2.07542e+21
11.5546  2.00643e+21
11.6719  1.9401e+21
11.7893  1.87632e+21
11.9066  1.81449e+21
12.0239  1.75392e+21
12.1412  1.69469e+21
12.2585  1.63634e+21
12.3758  1.57886e+21
12.4931  1.52246e+21
12.6104  1.46743e+21
12.7277  1.41435e+21
12.845  1.3638e+21
12.9623  1.31612e+21
13.0796  1.2722e+21
13.1969  1.23217e+21
13.3142  1.19654e+21
13.4315  1.1652e+21
13.5488  1.13826e+21
13.6661  1.1154e+21
13.7834  1.09624e+21
13.9007  1.08027e+21
14.018  1.06695e+21
14.1354  1.05541e+21
14.2527  1.04513e+21
14.37  1.03551e+21
14.4873  1.02587e+21
14.6046  1.01618e+21
14.7219  1.00624e+21
14.8392  9.96343e+20
14.9565  9.86796e+20
15.0738  9.78224e+20
15.1911  9.71473e+20
15.3084  9.67076e+20
15.4257  9.65692e+20
15.543  9.67716e+20
15.6603  9.73096e+20
15.7776  9.81544e+20
15.8949  9.92124e+20
16.0122  1.00375e+21
16.1295  1.01498e+21
16.2468  1.02427e+21
16.3641  1.03009e+21
16.4815  1.03103e+21
16.5988  1.02598e+21
16.7161  1.01404e+21
16.8334  9.95253e+20
16.9507  9.69589e+20
17.068  9.37936e+20
17.1853  9.01417e+20
17.3026  8.61578e+20
17.4199  8.20014e+20
17.5372  7.78472e+20
17.6545  7.38501e+20
17.7718  7.01401e+20
17.8891  6.67813e+20
18.0064  6.38267e+20
18.1237  6.12423e+20
18.241  5.89841e+20
18.3583  5.69821e+20
18.4756  5.51522e+20
18.5929  5.34166e+20
18.7102  5.17091e+20
18.8275  5.00202e+20
18.9449  4.83379e+20
19.0622  4.66785e+20
19.1795  4.50822e+20
19.2968  4.35678e+20
19.4141  4.21829e+20
19.5314  4.09265e+20
19.6487  3.97941e+20
19.766  3.87793e+20
19.8833  3.7826e+20
20.0006  3.69037e+20
20.1179  3.59508e+20
20.2352  3.49226e+20
20.3525  3.37696e+20
20.4698  3.24562e+20
20.5871  3.09662e+20
20.7044  2.93091e+20
20.8217  2.75022e+20
20.939  2.55942e+20
21.0563  2.36538e+20
21.1736  2.17582e+20
21.291  2.00071e+20
21.4083  1.84792e+20
21.5256  1.72392e+20
21.6429  1.63386e+20
21.7602  1.57924e+20
21.8775  1.55884e+20
21.9948  1.56902e+20
22.1121  1.60398e+20
22.2294  1.65705e+20
22.3467  1.72218e+20
22.464  1.79131e+20
22.5813  1.85984e+20
22.6986  1.92202e+20
22.8159  1.97405e+20
22.9332  2.01214e+20
23.0505  2.0338e+20
23.1678  2.03726e+20
23.2851  2.02196e+20
23.4024  1.98779e+20
23.5198  1.93761e+20
23.6371  1.87366e+20
23.7544  1.80033e+20
23.8717  1.72229e+20
23.989  1.6434e+20
24.1063  1.56761e+20
24.2236  1.49704e+20
24.3409  1.43348e+20
24.4582  1.37748e+20
24.5755  1.32712e+20
24.6928  1.28203e+20
24.8101  1.24009e+20
24.9274  1.19982e+20
25.0447  1.15947e+20
25.162  1.11829e+20
25.2793  1.07635e+20
25.3966  1.03402e+20
25.5139  9.93138e+19
25.6312  9.55485e+19
25.7485  9.23596e+19
25.8658  9.00648e+19
25.9832  8.88374e+19
26.1005  8.89624e+19
26.2178  9.04002e+19
26.3351  9.3066e+19
26.4524  9.67559e+19
26.5697  1.01111e+20
26.687  1.05679e+20
26.8043  1.1005e+20
26.9216  1.13799e+20
27.0389  1.16585e+20
27.1562  1.18222e+20
27.2735  1.18535e+20
27.3908  1.17498e+20
27.5081  1.15163e+20
27.6254  1.11555e+20
27.7427  1.06806e+20
27.86  1.0098e+20
27.9773  9.4252e+19
28.0946  8.6823e+19
28.212  7.88682e+19
28.3293  7.06776e+19
28.4466  6.25169e+19
28.5639  5.46661e+19
28.6812  4.73931e+19
28.7985  4.08515e+19
28.9158  3.5176e+19
29.0331  3.03871e+19
29.1504  2.64585e+19
29.2677  2.33232e+19
29.385  2.08576e+19
29.5023  1.89441e+19
29.6196  1.74771e+19
29.7369  1.63903e+19
29.8542  1.56378e+19
29.9715  1.51921e+19
30.0888  1.50667e+19
30.2061  1.52915e+19
30.3234  1.59201e+19
30.4407  1.70001e+19
30.558  1.85317e+19
30.6754  2.0503e+19
30.7927  2.28103e+19
30.91  2.53272e+19
31.0273  2.785e+19
31.1446  3.01269e+19
31.2619  3.19243e+19
31.3792  3.30188e+19
31.4965  3.32687e+19
31.6138  3.26081e+19
31.7311  3.10338e+19
31.8484  2.86722e+19
31.9657  2.56993e+19
32.083  2.23174e+19
32.2003  1.87515e+19
32.3176  1.5225e+19
32.4349  1.19479e+19
32.5522  9.09442e+18
32.6695  6.82846e+18
32.7868  5.29756e+18
32.9042  4.60201e+18
33.0215  4.791e+18
33.1388  5.86933e+18
33.2561  7.75426e+18
33.3734  1.03115e+19
33.4907  1.33369e+19
33.608  1.66036e+19
33.7253  1.9897e+19
33.8426  2.29855e+19
33.9599  2.57549e+19
34.0772  2.81056e+19
34.1945  3.0048e+19
34.3118  3.16268e+19
34.4291  3.29274e+19
34.5464  3.40604e+19
34.6637  3.51349e+19
34.781  3.62786e+19
34.8983  3.75626e+19
35.0156  3.90464e+19
35.1329  4.07184e+19
35.2503  4.25156e+19
35.3676  4.4297e+19
35.4849  4.57661e+19
35.6022  4.66311e+19
35.7195  4.65532e+19
35.8368  4.52531e+19
35.9541  4.25382e+19
36.0714  3.85248e+19
36.1887  3.35296e+19
36.306  2.81014e+19
36.4233  2.30315e+19
36.5406  1.91431e+19
36.6579  1.71531e+19
36.7752  1.75103e+19
36.8925  2.02773e+19
37.0098  2.50729e+19
37.1271  3.11256e+19
37.2444  3.73557e+19
37.3617  4.26536e+19
37.479  4.59917e+19
37.5964  4.67124e+19
37.7137  4.46586e+19
37.831  4.00771e+19
37.9483  3.37693e+19
38.0656  2.66475e+19
38.1829  1.98215e+19
38.3002  1.41656e+19
38.4175  1.02941e+19
38.5348  8.43672e+18
38.6521  8.43487e+18
38.7694  9.84633e+18
38.8867  1.20529e+19
39.004  1.44231e+19
39.1213  1.6434e+19
39.2386  1.77164e+19
39.3559  1.8118e+19
39.4732  1.76619e+19
39.5905  1.65084e+19
39.7078  1.48678e+19
39.8251  1.29792e+19
39.9425  1.10247e+19
40.0598  9.15834e+18
40.1771  7.50862e+18
40.2944  6.13851e+18
40.4117  5.07288e+18
40.529  4.31721e+18
40.6463  3.84747e+18
40.7636  3.6e+18
40.8809  3.50035e+18
40.9982  3.48889e+18
41.1155  3.51899e+18
41.2328  3.58246e+18
41.3501  3.7184e+18
41.4674  4.00021e+18
41.5847  4.51295e+18
41.702  5.30455e+18
41.8193  6.38815e+18
41.9366  7.68878e+18
42.0539  9.09391e+18
42.1712  1.04492e+19
42.2885  1.16161e+19
42.4059  1.25213e+19
42.5232  1.31624e+19
42.6405  1.36414e+19
42.7578  1.40792e+19
42.8751  1.46166e+19
42.9924  1.53297e+19
43.1097  1.6174e+19
43.227  1.7037e+19
43.3443  1.76786e+19
43.4616  1.78652e+19
43.5789  1.74122e+19
43.6962  1.62556e+19
43.8135  1.44572e+19
43.9308  1.22294e+19
44.0481  9.86416e+18
44.1654  7.64975e+18
44.2827  5.84547e+18
44.4  4.58382e+18
44.5173  3.87779e+18
44.6347  3.65612e+18
44.752  3.83316e+18
44.8693  4.36451e+18
44.9866  5.29234e+18
45.1039  6.77183e+18
45.2212  8.97625e+18
45.3385  1.20709e+19
45.4558  1.61055e+19
45.5731  2.09242e+19
45.6904  2.6131e+19
45.8077  3.12024e+19
45.925  3.54687e+19
46.0423  3.83215e+19
46.1596  3.93142e+19
46.2769  3.82704e+19
46.3942  3.53336e+19
46.5115  3.08727e+19
46.6288  2.55412e+19
46.7461  1.99847e+19
46.8634  1.48493e+19
46.9808  1.0609e+19
47.0981  7.50952e+18
47.2154  5.59723e+18
47.3327  4.72313e+18
47.45  4.63649e+18
47.5673  5.04037e+18
47.6846  5.67037e+18
47.8019  6.34259e+18
47.9192  6.92522e+18
48.0365  7.3925e+18
48.1538  7.74881e+18
48.2711  8.03388e+18
48.3884  8.28303e+18
48.5057  8.54727e+18
48.623  8.83873e+18
48.7403  9.17625e+18
48.8576  9.58144e+18
48.9749  1.00233e+19
49.0922  1.04899e+19
49.2095  1.09629e+19
49.3269  1.14381e+19
49.4442  1.18839e+19
49.5615  1.23327e+19
49.6788  1.2771e+19
49.7961  1.32127e+19
49.9134  1.36554e+19
50.0307  1.40681e+19
50.148  1.43615e+19
50.2653  1.44584e+19
50.3826  1.42473e+19
50.4999  1.36119e+19
50.6172  1.25169e+19
50.7345  1.09794e+19
50.8518  9.10503e+18
50.9691  7.06428e+18
51.0864  5.09889e+18
51.2037  3.44137e+18
51.321  2.29931e+18
51.4383  1.78955e+18
51.5556  1.93357e+18
51.673  2.64685e+18
51.7903  3.75705e+18
51.9076  5.05248e+18
52.0249  6.2987e+18
52.1422  7.29724e+18
52.2595  7.89656e+18
52.3768  8.01561e+18
52.4941  7.66678e+18
52.6114  6.89525e+18
52.7287  5.82216e+18
52.846  4.59962e+18
52.9633  3.39796e+18
53.0806  2.3922e+18
53.1979  1.7301e+18
53.3152  1.5193e+18
53.4325  1.80526e+18
53.5498  2.57039e+18
53.6671  3.72929e+18
53.7844  5.15446e+18
53.9017  6.70947e+18
54.0191  8.24117e+18
54.1364  9.64246e+18
54.2537  1.08417e+19
54.371  1.17992e+19
54.4883  1.24754e+19
54.6056  1.28542e+19
54.7229  1.2868e+19
54.8402  1.24371e+19
54.9575  1.15409e+19
55.0748  1.01912e+19
55.1921  8.48303e+18
55.3094  6.66489e+18
55.4267  5.0823e+18
55.544  4.13587e+18
55.6613  4.20761e+18
55.7786  5.56735e+18
55.8959  8.27502e+18
56.0132  1.21469e+19
56.1305  1.67382e+19
56.2478  2.14311e+19
56.3651  2.55814e+19
56.4825  2.85251e+19
56.5998  2.9881e+19
56.7171  2.94805e+19
56.8344  2.74781e+19
56.9517  2.42235e+19
57.069  2.01875e+19
57.1863  1.59618e+19
57.3036  1.19703e+19
57.4209  8.55388e+18
57.5382  5.87086e+18
57.6555  3.94455e+18
57.7728  2.73008e+18
57.8901  2.1243e+18
58.0074  2.02972e+18
58.1247  2.35166e+18
58.242  2.99211e+18
58.3593  3.84834e+18
58.4766  4.77786e+18
58.5939  5.61709e+18
