#S 1 spectral density
#N 2
#UFWHM 13.6074
#L  abscissas [um]  spectral density
-58.5938  1.11522e+19
-58.4764  1.08306e+19
-58.3591  1.04831e+19
-58.2418  1.00263e+19
-58.1245  9.34911e+18
-58.0072  8.40685e+18
-57.8899  7.20898e+18
-57.7726  5.90902e+18
-57.6553  4.79387e+18
-57.538  4.23829e+18
-57.4207  4.63937e+18
-57.3034  6.29808e+18
-57.1861  9.33282e+18
-57.0688  1.35895e+19
-56.9515  1.86706e+19
-56.8342  2.39135e+19
-56.7169  2.86119e+19
-56.5996  3.20558e+19
-56.4823  3.37613e+19
-56.365  3.34965e+19
-56.2477  3.13998e+19
-56.1303  2.78582e+19
-56.013  2.35043e+19
-55.8957  1.89948e+19
-55.7784  1.49543e+19
-55.6611  1.18067e+19
-55.5438  9.76706e+18
-55.4265  8.85205e+18
-55.3092  8.87443e+18
-55.1919  9.54812e+18
-55.0746  1.05823e+19
-54.9573  1.16739e+19
-54.84  1.26219e+19
-54.7227  1.32643e+19
-54.6054  1.35452e+19
-54.4881  1.34429e+19
-54.3708  1.30083e+19
-54.2535  1.22912e+19
-54.1362  1.1407e+19
-54.0189  1.04973e+19
-53.9016  9.72302e+18
-53.7842  9.22082e+18
-53.6669  9.13892e+18
-53.5496  9.53562e+18
-53.4323  1.04046e+19
-53.315  1.16726e+19
-53.1977  1.31871e+19
-53.0804  1.47478e+19
-52.9631  1.61688e+19
-52.8458  1.72662e+19
-52.7285  1.78783e+19
-52.6112  1.79418e+19
-52.4939  1.74238e+19
-52.3766  1.63632e+19
-52.2593  1.48216e+19
-52.142  1.29279e+19
-52.0247  1.08404e+19
-51.9074  8.74616e+18
-51.7901  6.85097e+18
-51.6728  5.32966e+18
-51.5555  4.34684e+18
-51.4381  3.97086e+18
-51.3208  4.19656e+18
-51.2035  4.90777e+18
-51.0862  5.92413e+18
-50.9689  6.9855e+18
-50.8516  7.85029e+18
-50.7343  8.33406e+18
-50.617  8.32931e+18
-50.4997  7.82619e+18
-50.3824  6.95206e+18
-50.2651  5.86154e+18
-50.1478  4.7869e+18
-50.0305  3.88837e+18
-49.9132  3.30843e+18
-49.7959  3.08606e+18
-49.6786  3.18429e+18
-49.5613  3.52723e+18
-49.444  4.00431e+18
-49.3267  4.53368e+18
-49.2094  5.06203e+18
-49.092  5.60374e+18
-48.9747  6.22077e+18
-48.8574  7.03264e+18
-48.7401  8.16183e+18
-48.6228  9.70814e+18
-48.5055  1.17419e+19
-48.3882  1.42073e+19
-48.2709  1.69775e+19
-48.1536  1.98217e+19
-48.0363  2.23941e+19
-47.919  2.43166e+19
-47.8017  2.52386e+19
-47.6844  2.48821e+19
-47.5671  2.31245e+19
-47.4498  2.00539e+19
-47.3325  1.60091e+19
-47.2152  1.14912e+19
-47.0979  7.15471e+18
-46.9806  3.62975e+18
-46.8633  1.46248e+18
-46.7459  9.75072e+17
-46.6286  2.20869e+18
-46.5113  4.91409e+18
-46.394  8.63231e+18
-46.2767  1.27348e+19
-46.1594  1.66056e+19
-46.0421  1.97408e+19
-45.9248  2.17912e+19
-45.8075  2.26318e+19
-45.6902  2.23434e+19
-45.5729  2.11257e+19
-45.4556  1.93337e+19
-45.3383  1.72573e+19
-45.221  1.5258e+19
-45.1037  1.36252e+19
-44.9864  1.26294e+19
-44.8691  1.25343e+19
-44.7518  1.35656e+19
-44.6345  1.58397e+19
-44.5172  1.93479e+19
-44.3998  2.39115e+19
-44.2825  2.91129e+19
-44.1652  3.43723e+19
-44.0479  3.8946e+19
-43.9306  4.21276e+19
-43.8133  4.33108e+19
-43.696  4.22318e+19
-43.5787  3.89738e+19
-43.4614  3.39904e+19
-43.3441  2.80799e+19
-43.2268  2.22433e+19
-43.1095  1.74228e+19
-42.9922  1.43976e+19
-42.8749  1.35982e+19
-42.7576  1.50356e+19
-42.6403  1.83275e+19
-42.523  2.27956e+19
-42.4057  2.76167e+19
-42.2884  3.19439e+19
-42.171  3.51136e+19
-42.0537  3.67789e+19
-41.9364  3.67767e+19
-41.8191  3.53145e+19
-41.7018  3.2718e+19
-41.5845  2.9499e+19
-41.4672  2.61311e+19
-41.3499  2.30234e+19
-41.2326  2.04494e+19
-41.1153  1.85355e+19
-40.998  1.72606e+19
-40.8807  1.64529e+19
-40.7634  1.58531e+19
-40.6461  1.52357e+19
-40.5288  1.43675e+19
-40.4115  1.31703e+19
-40.2942  1.16966e+19
-40.1769  1.01269e+19
-40.0596  8.78461e+18
-39.9423  8.02746e+18
-39.825  8.17231e+18
-39.7076  9.37996e+18
-39.5903  1.15791e+19
-39.473  1.44537e+19
-39.3557  1.74714e+19
-39.2384  1.99489e+19
-39.1211  2.1264e+19
-39.0038  2.09548e+19
-38.8865  1.89015e+19
-38.7692  1.53744e+19
-38.6519  1.10229e+19
-38.5346  6.79218e+18
-38.4173  3.71808e+18
-38.3  2.71651e+18
-38.1827  4.37048e+18
-38.0654  8.79427e+18
-37.9481  1.56023e+19
-37.8308  2.3944e+19
-37.7135  3.27109e+19
-37.5962  4.06747e+19
-37.4789  4.67695e+19
-37.3615  5.03034e+19
-37.2442  5.09714e+19
-37.1269  4.89647e+19
-37.0096  4.47827e+19
-36.8923  3.92182e+19
-36.775  3.3119e+19
-36.6577  2.72364e+19
-36.5404  2.20933e+19
-36.4231  1.80193e+19
-36.3058  1.50932e+19
-36.1885  1.32019e+19
-36.0712  1.21361e+19
-35.9539  1.16501e+19
-35.8366  1.15337e+19
-35.7193  1.16386e+19
-35.602  1.18571e+19
-35.4847  1.21893e+19
-35.3674  1.26583e+19
-35.2501  1.33283e+19
-35.1328  1.43014e+19
-35.0154  1.57004e+19
-34.8981  1.76515e+19
-34.7808  2.02714e+19
-34.6635  2.36238e+19
-34.5462  2.77039e+19
-34.4289  3.24457e+19
-34.3116  3.76167e+19
-34.1943  4.28974e+19
-34.077  4.79184e+19
-33.9597  5.22686e+19
-33.8424  5.5579e+19
-33.7251  5.75812e+19
-33.6078  5.81418e+19
-33.4905  5.72791e+19
-33.3732  5.51549e+19
-33.2559  5.20146e+19
-33.1386  4.81696e+19
-33.0213  4.39408e+19
-32.904  3.96391e+19
-32.7867  3.54921e+19
-32.6693  3.16509e+19
-32.552  2.82289e+19
-32.4347  2.52644e+19
-32.3174  2.27947e+19
-32.2001  2.07956e+19
-32.0828  1.92497e+19
-31.9655  1.81237e+19
-31.8482  1.73906e+19
-31.7309  1.70205e+19
-31.6136  1.69837e+19
-31.4963  1.72513e+19
-31.379  1.77907e+19
-31.2617  1.85695e+19
-31.1444  1.95283e+19
-31.0271  2.05883e+19
-30.9098  2.16607e+19
-30.7925  2.25944e+19
-30.6752  2.32801e+19
-30.5579  2.35768e+19
-30.4406  2.3426e+19
-30.3232  2.28206e+19
-30.2059  2.18222e+19
-30.0886  2.05683e+19
-29.9713  1.9255e+19
-29.854  1.80978e+19
-29.7367  1.72763e+19
-29.6194  1.69695e+19
-29.5021  1.72635e+19
-29.3848  1.81869e+19
-29.2675  1.96891e+19
-29.1502  2.16683e+19
-29.0329  2.39953e+19
-28.9156  2.64927e+19
-28.7983  2.89936e+19
-28.681  3.13145e+19
-28.5637  3.32973e+19
-28.4464  3.48068e+19
-28.3291  3.57465e+19
-28.2118  3.60916e+19
-28.0944  3.59205e+19
-27.9771  3.53619e+19
-27.8598  3.46372e+19
-27.7425  3.40122e+19
-27.6252  3.36947e+19
-27.5079  3.39285e+19
-27.3906  3.48186e+19
-27.2733  3.63908e+19
-27.156  3.85261e+19
-27.0387  4.10517e+19
-26.9214  4.37705e+19
-26.8041  4.64751e+19
-26.6868  4.90315e+19
-26.5695  5.13348e+19
-26.4522  5.34086e+19
-26.3349  5.53823e+19
-26.2176  5.73476e+19
-26.1003  5.94947e+19
-25.983  6.18954e+19
-25.8657  6.45947e+19
-25.7483  6.75857e+19
-25.631  7.07597e+19
-25.5137  7.3988e+19
-25.3964  7.7004e+19
-25.2791  7.95799e+19
-25.1618  8.14272e+19
-25.0445  8.23235e+19
-24.9272  8.20808e+19
-24.8099  8.06033e+19
-24.6926  7.79754e+19
-24.5753  7.4473e+19
-24.458  7.04143e+19
-24.3407  6.63868e+19
-24.2234  6.29833e+19
-24.1061  6.0824e+19
-23.9888  6.04379e+19
-23.8715  6.21905e+19
-23.7542  6.62579e+19
-23.6369  7.25961e+19
-23.5196  8.09454e+19
-23.4023  9.08682e+19
-23.2849  1.01849e+20
-23.1676  1.13364e+20
-23.0503  1.24861e+20
-22.933  1.35972e+20
-22.8157  1.46347e+20
-22.6984  1.55782e+20
-22.5811  1.64234e+20
-22.4638  1.71746e+20
-22.3465  1.78467e+20
-22.2292  1.84599e+20
-22.1119  1.90358e+20
-21.9946  1.95885e+20
-21.8773  2.01281e+20
-21.76  2.06498e+20
-21.6427  2.11288e+20
-21.5254  2.15251e+20
-21.4081  2.17955e+20
-21.2908  2.18936e+20
-21.1735  2.17784e+20
-21.0561  2.14327e+20
-20.9388  2.08526e+20
-20.8215  2.00726e+20
-20.7042  1.91441e+20
-20.5869  1.81399e+20
-20.4696  1.7131e+20
-20.3523  1.61937e+20
-20.235  1.53816e+20
-20.1177  1.47427e+20
-20.0004  1.42924e+20
-19.8831  1.40314e+20
-19.7658  1.39575e+20
-19.6485  1.40591e+20
-19.5312  1.43248e+20
-19.4139  1.475e+20
-19.2966  1.53325e+20
-19.1793  1.60748e+20
-19.062  1.69799e+20
-18.9447  1.80533e+20
-18.8274  1.93018e+20
-18.71  2.07241e+20
-18.5927  2.23313e+20
-18.4754  2.4141e+20
-18.3581  2.61616e+20
-18.2408  2.84302e+20
-18.1235  3.09644e+20
-18.0062  3.37986e+20
-17.8889  3.6951e+20
-17.7716  4.04164e+20
-17.6543  4.42132e+20
-17.537  4.82965e+20
-17.4197  5.26403e+20
-17.3024  5.7172e+20
-17.1851  6.18211e+20
-17.0678  6.64873e+20
-16.9505  7.10556e+20
-16.8332  7.54001e+20
-16.7159  7.93952e+20
-16.5986  8.2917e+20
-16.4813  8.58591e+20
-16.364  8.81356e+20
-16.2466  8.97025e+20
-16.1293  9.05249e+20
-16.012  9.06863e+20
-15.8947  9.02535e+20
-15.7774  8.9362e+20
-15.6601  8.81736e+20
-15.5428  8.6868e+20
-15.4255  8.56192e+20
-15.3082  8.46138e+20
-15.1909  8.39734e+20
-15.0736  8.38398e+20
-14.9563  8.42864e+20
-14.839  8.53727e+20
-14.7217  8.71019e+20
-14.6044  8.94887e+20
-14.4871  9.2496e+20
-14.3698  9.60914e+20
-14.2525  1.0021e+21
-14.1352  1.04782e+21
-14.0178  1.09735e+21
-13.9005  1.1499e+21
-13.7832  1.20461e+21
-13.6659  1.26053e+21
-13.5486  1.31693e+21
-13.4313  1.3731e+21
-13.314  1.42822e+21
-13.1967  1.48166e+21
-13.0794  1.5331e+21
-12.9621  1.58199e+21
-12.8448  1.62812e+21
-12.7275  1.67132e+21
-12.6102  1.71161e+21
-12.4929  1.74901e+21
-12.3756  1.78375e+21
-12.2583  1.81623e+21
-12.141  1.84702e+21
-12.0237  1.87697e+21
-11.9064  1.90708e+21
-11.7891  1.93868e+21
-11.6718  1.97345e+21
-11.5544  2.01316e+21
-11.4371  2.0596e+21
-11.3198  2.11486e+21
-11.2025  2.18065e+21
-11.0852  2.25862e+21
-10.9679  2.34997e+21
-10.8506  2.45526e+21
-10.7333  2.57441e+21
-10.616  2.70684e+21
-10.4987  2.85132e+21
-10.3814  3.00569e+21
-10.2641  3.16765e+21
-10.1468  3.33499e+21
-10.0295  3.50501e+21
-9.91217  3.67536e+21
-9.79487  3.84458e+21
-9.67756  4.01147e+21
-9.56026  4.17552e+21
-9.44295  4.33684e+21
-9.32565  4.49668e+21
-9.20834  4.65603e+21
-9.09104  4.81661e+21
-8.97373  4.97983e+21
-8.85643  5.14735e+21
-8.73913  5.31967e+21
-8.62182  5.49722e+21
-8.50452  5.67932e+21
-8.38721  5.86507e+21
-8.26991  6.05191e+21
-8.1526  6.23775e+21
-8.03529  6.41918e+21
-7.91799  6.59341e+21
-7.80069  6.75744e+21
-7.68338  6.90854e+21
-7.56608  7.04538e+21
-7.44877  7.16698e+21
-7.33146  7.2733e+21
-7.21416  7.36533e+21
-7.09685  7.44501e+21
-6.97955  7.5147e+21
-6.86224  7.57752e+21
-6.74494  7.63688e+21
-6.62763  7.69537e+21
-6.51033  7.75635e+21
-6.39302  7.82238e+21
-6.27572  7.89564e+21
-6.15842  7.97806e+21
-6.04111  8.07102e+21
-5.92381  8.17544e+21
-5.8065  8.29258e+21
-5.68919  8.42289e+21
-5.57189  8.56727e+21
-5.45458  8.72671e+21
-5.33728  8.9024e+21
-5.21997  9.09505e+21
-5.10267  9.30629e+21
-4.98536  9.53682e+21
-4.86806  9.7872e+21
-4.75075  1.00575e+22
-4.63345  1.03472e+22
-4.51614  1.06543e+22
-4.39884  1.09759e+22
-4.28154  1.13083e+22
-4.16423  1.1647e+22
-4.04692  1.19854e+22
-3.92962  1.23181e+22
-3.81231  1.26388e+22
-3.69501  1.29411e+22
-3.5777  1.322e+22
-3.4604  1.34706e+22
-3.34309  1.36897e+22
-3.22579  1.38751e+22
-3.10849  1.40269e+22
-2.99118  1.41458e+22
-2.87387  1.42346e+22
-2.75657  1.42971e+22
-2.63926  1.43378e+22
-2.52196  1.43621e+22
-2.40465  1.43754e+22
-2.28735  1.43823e+22
-2.17005  1.4388e+22
-2.05274  1.43964e+22
-1.93544  1.441e+22
-1.81813  1.44315e+22
-1.70083  1.44615e+22
-1.58352  1.45002e+22
-1.46622  1.45473e+22
-1.34891  1.46012e+22
-1.2316  1.46602e+22
-1.1143  1.47224e+22
-0.996995  1.47855e+22
-0.87969  1.48477e+22
-0.762385  1.4906e+22
-0.64508  1.49595e+22
-0.527775  1.50062e+22
-0.41047  1.50446e+22
-0.293165  1.5074e+22
-0.17586  1.50938e+22
-0.058555  1.51035e+22
0.05875  1.51029e+22
0.176055  1.50921e+22
0.29336  1.50711e+22
0.410665  1.50407e+22
0.52797  1.50011e+22
0.645275  1.49535e+22
0.76258  1.48992e+22
0.879885  1.48401e+22
0.99719  1.47774e+22
1.1145  1.47136e+22
1.2318  1.46508e+22
1.3491  1.45913e+22
1.46641  1.45367e+22
1.58371  1.4489e+22
1.70102  1.44496e+22
1.81832  1.44188e+22
1.93563  1.43965e+22
2.05294  1.43818e+22
2.17024  1.43727e+22
2.28754  1.4366e+22
2.40485  1.43578e+22
2.52216  1.43435e+22
2.63946  1.4318e+22
2.75677  1.42758e+22
2.87407  1.4212e+22
2.99137  1.41217e+22
3.10868  1.40014e+22
3.22599  1.38483e+22
3.34329  1.36614e+22
3.4606  1.34412e+22
3.5779  1.31893e+22
3.69521  1.29094e+22
3.81251  1.26061e+22
3.92982  1.22843e+22
4.04712  1.19508e+22
4.16443  1.16116e+22
4.28173  1.12726e+22
4.39903  1.09397e+22
4.51634  1.06178e+22
4.63364  1.03108e+22
4.75095  1.00213e+22
4.86825  9.75109e+21
4.98556  9.50101e+21
5.10286  9.2712e+21
5.22017  9.06037e+21
5.33748  8.86838e+21
5.45478  8.69349e+21
5.57209  8.53482e+21
5.68939  8.39105e+21
5.8067  8.26133e+21
5.924  8.14472e+21
6.0413  8.04075e+21
6.15861  7.94812e+21
6.27591  7.86575e+21
6.39322  7.79256e+21
6.51052  7.72639e+21
6.62783  7.66505e+21
6.74514  7.60603e+21
6.86244  7.54648e+21
6.97975  7.48297e+21
7.09705  7.41279e+21
7.21436  7.33272e+21
7.33166  7.2401e+21
7.44897  7.13361e+21
7.56627  7.01196e+21
7.68358  6.87507e+21
7.80088  6.72392e+21
7.91819  6.56008e+21
8.03549  6.38626e+21
8.1528  6.20534e+21
8.2701  6.0199e+21
8.38741  5.83347e+21
8.50471  5.64824e+21
8.62202  5.46667e+21
8.73932  5.28942e+21
8.85662  5.11746e+21
8.97393  4.95043e+21
9.09123  4.78744e+21
9.20854  4.62728e+21
9.32584  4.46831e+21
9.44315  4.30891e+21
9.56045  4.14783e+21
9.67776  3.98443e+21
9.79506  3.81811e+21
9.91237  3.64959e+21
10.0297  3.47999e+21
10.147  3.31097e+21
10.2643  3.14463e+21
10.3816  2.98355e+21
10.4989  2.83017e+21
10.6162  2.68671e+21
10.7335  2.55508e+21
10.8508  2.43677e+21
10.9681  2.33223e+21
11.0854  2.24165e+21
11.2027  2.16423e+21
11.32  2.09889e+21
11.4373  2.04409e+21
11.5546  1.99787e+21
11.6719  1.95842e+21
11.7893  1.92397e+21
11.9066  1.89256e+21
12.0239  1.86253e+21
12.1412  1.83294e+21
12.2585  1.80232e+21
12.3758  1.77014e+21
12.4931  1.73568e+21
12.6104  1.69864e+21
12.7277  1.6587e+21
12.845  1.61584e+21
12.9623  1.57003e+21
13.0796  1.52165e+21
13.1969  1.47061e+21
13.3142  1.41765e+21
13.4315  1.36303e+21
13.5488  1.30737e+21
13.6661  1.25148e+21
13.7834  1.19605e+21
13.9007  1.14191e+21
14.018  1.0899e+21
14.1354  1.0409e+21
14.2527  9.95693e+20
14.37  9.55033e+20
14.4873  9.19539e+20
14.6046  8.89792e+20
14.7219  8.66253e+20
14.8392  8.49198e+20
14.9565  8.38577e+20
15.0738  8.34297e+20
15.1911  8.3575e+20
15.3084  8.42144e+20
15.4257  8.52244e+20
15.543  8.64688e+20
15.6603  8.77746e+20
15.7776  8.89589e+20
15.8949  8.98436e+20
16.0122  9.0278e+20
16.1295  9.01167e+20
16.2468  8.92765e+20
16.3641  8.77181e+20
16.4815  8.54417e+20
16.5988  8.2501e+20
16.7161  7.89805e+20
16.8334  7.49892e+20
16.9507  7.06475e+20
17.068  6.60908e+20
17.1853  6.14382e+20
17.3026  5.68085e+20
17.4199  5.22865e+20
17.5372  4.79574e+20
17.6545  4.38932e+20
17.7718  4.01229e+20
17.8891  3.66674e+20
18.0064  3.35421e+20
18.1237  3.07335e+20
18.241  2.82131e+20
18.3583  2.59628e+20
18.4756  2.3956e+20
18.5929  2.21628e+20
18.7102  2.05595e+20
18.8275  1.91491e+20
18.9449  1.79097e+20
19.0622  1.68419e+20
19.1795  1.59441e+20
19.2968  1.52077e+20
19.4141  1.46331e+20
19.5314  1.42152e+20
19.6487  1.39564e+20
19.766  1.38673e+20
19.8833  1.39488e+20
20.0006  1.42219e+20
20.1179  1.46875e+20
20.2352  1.53435e+20
20.3525  1.61649e+20
20.4698  1.71113e+20
20.5871  1.81254e+20
20.7044  1.91371e+20
20.8217  2.00688e+20
20.939  2.08489e+20
21.0563  2.14229e+20
21.1736  2.17642e+20
21.291  2.18735e+20
21.4083  2.17738e+20
21.5256  2.14974e+20
21.6429  2.11016e+20
21.7602  2.06274e+20
21.8775  2.01121e+20
21.9948  1.95773e+20
22.1121  1.90307e+20
22.2294  1.8459e+20
22.3467  1.78553e+20
22.464  1.71846e+20
22.5813  1.64338e+20
22.6986  1.55884e+20
22.8159  1.46428e+20
22.9332  1.36029e+20
23.0505  1.24897e+20
23.1678  1.13339e+20
23.2851  1.01802e+20
23.4024  9.07853e+19
23.5198  8.08813e+19
23.6371  7.25414e+19
23.7544  6.62383e+19
23.8717  6.22055e+19
23.989  6.04974e+19
24.1063  6.09192e+19
24.2236  6.31013e+19
24.3409  6.65087e+19
24.4582  7.05174e+19
24.5755  7.45386e+19
24.6928  7.80112e+19
24.8101  8.05727e+19
24.9274  8.19811e+19
25.0447  8.2183e+19
25.162  8.12599e+19
25.2793  7.93977e+19
25.3966  7.68078e+19
25.5139  7.37974e+19
25.6312  7.06014e+19
25.7485  6.74525e+19
25.8658  6.4519e+19
25.9832  6.18215e+19
26.1005  5.94945e+19
26.2178  5.74021e+19
26.3351  5.54315e+19
26.4524  5.34575e+19
26.5697  5.13582e+19
26.687  4.90188e+19
26.8043  4.64512e+19
26.9216  4.37068e+19
27.0389  4.09319e+19
27.1562  3.83601e+19
27.2735  3.61907e+19
27.3908  3.4603e+19
27.5081  3.37047e+19
27.6254  3.34665e+19
27.7427  3.37836e+19
27.86  3.44298e+19
27.9773  3.51513e+19
28.0946  3.57052e+19
28.212  3.58658e+19
28.3293  3.55028e+19
28.4466  3.45604e+19
28.5639  3.30449e+19
28.6812  3.10724e+19
28.7985  2.8768e+19
28.9158  2.62969e+19
29.0331  2.38403e+19
29.1504  2.15603e+19
29.2677  1.9639e+19
29.385  1.81968e+19
29.5023  1.7333e+19
29.6196  1.70805e+19
29.7369  1.74194e+19
29.8542  1.82619e+19
29.9715  1.94477e+19
30.0888  2.07591e+19
30.2061  2.20055e+19
30.3234  2.29968e+19
30.4407  2.35945e+19
30.558  2.374e+19
30.6754  2.34256e+19
30.7927  2.27528e+19
30.91  2.18163e+19
31.0273  2.07572e+19
31.1446  1.9677e+19
31.2619  1.87211e+19
31.3792  1.79366e+19
31.4965  1.73909e+19
31.6138  1.71297e+19
31.7311  1.71703e+19
31.8484  1.75428e+19
31.9657  1.82895e+19
32.083  1.94272e+19
32.2003  2.0995e+19
32.3176  2.3017e+19
32.4349  2.5511e+19
32.5522  2.84863e+19
32.6695  3.19136e+19
32.7868  3.57545e+19
32.9042  3.98981e+19
33.0215  4.41669e+19
33.1388  4.83596e+19
33.2561  5.21521e+19
33.3734  5.52495e+19
33.4907  5.73119e+19
33.608  5.81196e+19
33.7253  5.75317e+19
33.8426  5.54765e+19
33.9599  5.2164e+19
34.0772  4.78024e+19
34.1945  4.27944e+19
34.3118  3.75338e+19
34.4291  3.24038e+19
34.5464  2.76975e+19
34.6637  2.36258e+19
34.781  2.02975e+19
34.8983  1.77006e+19
35.0156  1.57613e+19
35.1329  1.43678e+19
35.2503  1.33942e+19
35.3676  1.2725e+19
35.4849  1.22548e+19
35.6022  1.19179e+19
35.7195  1.16837e+19
35.8368  1.15844e+19
35.9541  1.16902e+19
36.0714  1.21743e+19
36.1887  1.32372e+19
36.306  1.51282e+19
36.4233  1.80608e+19
36.5406  2.21342e+19
36.6579  2.72544e+19
36.7752  3.31348e+19
36.8925  3.91949e+19
37.0098  4.46959e+19
37.1271  4.88026e+19
37.2444  5.07512e+19
37.3617  5.00252e+19
37.479  4.64477e+19
37.5964  4.03108e+19
37.7137  3.23626e+19
37.831  2.36232e+19
37.9483  1.53516e+19
38.0656  8.61283e+18
38.1829  4.2762e+18
38.3002  2.70419e+18
38.4175  3.77255e+18
38.5348  6.88019e+18
38.6521  1.11156e+19
38.7694  1.54333e+19
38.8867  1.89094e+19
39.004  2.08958e+19
39.1213  2.11399e+19
39.2386  1.97784e+19
39.3559  1.72638e+19
39.4732  1.42446e+19
39.5905  1.13882e+19
39.7078  9.23333e+18
39.8251  8.09535e+18
39.9425  8.01976e+18
40.0598  8.83698e+18
40.1771  1.02334e+19
40.2944  1.18415e+19
40.4117  1.33466e+19
40.529  1.45511e+19
40.6463  1.54162e+19
40.7636  1.60485e+19
40.8809  1.66277e+19
40.9982  1.74445e+19
41.1155  1.87302e+19
41.2328  2.06482e+19
41.3501  2.32149e+19
41.4674  2.63235e+19
41.5847  2.96939e+19
41.702  3.28819e+19
41.8193  3.5439e+19
41.9366  3.68662e+19
42.0539  3.68226e+19
42.1712  3.51317e+19
42.2885  3.18981e+19
42.4059  2.75539e+19
42.5232  2.27352e+19
42.6405  1.83088e+19
42.7578  1.50565e+19
42.8751  1.36832e+19
42.9924  1.45696e+19
43.1097  1.76691e+19
43.227  2.25567e+19
43.3443  2.84387e+19
43.4616  3.43401e+19
43.5789  3.92862e+19
43.6962  4.24983e+19
43.8135  4.34924e+19
43.9308  4.22227e+19
44.0481  3.89775e+19
44.1654  3.43253e+19
44.2827  2.90307e+19
44.4  2.38107e+19
44.5173  1.92551e+19
44.6347  1.57624e+19
44.752  1.35326e+19
44.8693  1.25455e+19
44.9866  1.26702e+19
45.1039  1.36953e+19
45.2212  1.53517e+19
45.3385  1.73675e+19
45.4558  1.94396e+19
45.5731  2.12382e+19
45.6904  2.24023e+19
45.8077  2.26683e+19
45.925  2.17789e+19
46.0423  1.9687e+19
46.1596  1.6514e+19
46.2769  1.26117e+19
46.3942  8.51334e+18
46.5115  4.81835e+18
46.6288  2.1484e+18
46.7461  9.63806e+17
46.8634  1.50263e+18
46.9808  3.7065e+18
47.0981  7.25133e+18
47.2154  1.1588e+19
47.3327  1.60837e+19
47.45  2.00757e+19
47.5673  2.30697e+19
47.6846  2.47716e+19
47.8019  2.5087e+19
47.9192  2.41162e+19
48.0365  2.21645e+19
48.1538  1.95942e+19
48.2711  1.6782e+19
48.3884  1.40309e+19
48.5057  1.16045e+19
48.623  9.61072e+18
48.7403  8.08188e+18
48.8576  6.98298e+18
48.9749  6.19316e+18
49.0922  5.58501e+18
49.2095  5.04639e+18
49.3269  4.52668e+18
49.4442  4.00281e+18
49.5615  3.52745e+18
49.6788  3.18474e+18
49.7961  3.08619e+18
49.9134  3.31174e+18
50.0307  3.89528e+18
50.148  4.78878e+18
50.2653  5.86386e+18
50.3826  6.93735e+18
50.4999  7.80585e+18
50.6172  8.28417e+18
50.7345  8.27152e+18
50.8518  7.77163e+18
50.9691  6.89e+18
51.0864  5.82935e+18
51.2037  4.8263e+18
51.321  4.13657e+18
51.4383  3.94516e+18
51.5556  4.36195e+18
51.673  5.39106e+18
51.7903  6.95021e+18
51.9076  8.88161e+18
52.0249  1.09955e+19
52.1422  1.30802e+19
52.2595  1.49503e+19
52.3768  1.6464e+19
52.4941  1.74876e+19
52.6114  1.79552e+19
52.7287  1.7843e+19
52.846  1.71808e+19
52.9633  1.60752e+19
53.0806  1.46468e+19
53.1979  1.30949e+19
53.3152  1.15991e+19
53.4325  1.0362e+19
53.5498  9.5343e+18
53.6671  9.17668e+18
53.7844  9.28676e+18
53.9017  9.81202e+18
54.0191  1.06057e+19
54.1364  1.15168e+19
54.2537  1.2401e+19
54.371  1.31144e+19
54.4883  1.35428e+19
54.6056  1.36367e+19
54.7229  1.33498e+19
54.8402  1.26822e+19
54.9575  1.17296e+19
55.0748  1.063e+19
55.1921  9.60559e+18
55.3094  8.9323e+18
55.4267  8.92617e+18
55.544  9.86433e+18
55.6613  1.19181e+19
55.7786  1.50801e+19
55.8959  1.91215e+19
56.0132  2.36126e+19
56.1305  2.7932e+19
56.2478  3.14e+19
56.3651  3.34596e+19
56.4825  3.36434e+19
56.5998  3.18888e+19
56.7171  2.83932e+19
56.8344  2.36911e+19
56.9517  1.84567e+19
57.069  1.33975e+19
57.1863  9.18724e+18
57.3036  6.20149e+18
57.4209  4.58787e+18
57.5382  4.22338e+18
57.6555  4.80051e+18
57.7728  5.92078e+18
57.8901  7.21816e+18
58.0074  8.40299e+18
58.1247  9.34025e+18
58.242  1.00104e+19
58.3593  1.04687e+19
58.4766  1.08169e+19
58.5939  1.11354e+19
