#S 1 spectral density
#N 2
#UFWHM 10.6748
#L  abscissas [um]  spectral density
-58.5938  4.4574e+18
-58.4764  2.25837e+18
-58.3591  1.30665e+18
-58.2418  1.73592e+18
-58.1245  3.39406e+18
-58.0072  5.86999e+18
-57.8899  8.63718e+18
-57.7726  1.11667e+19
-57.6553  1.30361e+19
-57.538  1.40553e+19
-57.4207  1.42666e+19
-57.3034  1.38703e+19
-57.1861  1.31988e+19
-57.0688  1.25691e+19
-56.9515  1.22296e+19
-56.8342  1.22631e+19
-56.7169  1.26698e+19
-56.5996  1.33038e+19
-56.4823  1.40433e+19
-56.365  1.47617e+19
-56.2477  1.5383e+19
-56.1303  1.59183e+19
-56.013  1.64021e+19
-55.8957  1.68507e+19
-55.7784  1.72368e+19
-55.6611  1.74647e+19
-55.5438  1.73982e+19
-55.4265  1.69399e+19
-55.3092  1.59678e+19
-55.1919  1.44831e+19
-55.0746  1.26035e+19
-54.9573  1.05042e+19
-54.84  8.46641e+18
-54.7227  6.71949e+18
-54.6054  5.48536e+18
-54.4881  4.85982e+18
-54.3708  4.83237e+18
-54.2535  5.32136e+18
-54.1362  6.18543e+18
-54.0189  7.26971e+18
-53.9016  8.44756e+18
-53.7842  9.64159e+18
-53.6669  1.08272e+19
-53.5496  1.20279e+19
-53.4323  1.32622e+19
-53.315  1.455e+19
-53.1977  1.58855e+19
-53.0804  1.72161e+19
-52.9631  1.84794e+19
-52.8458  1.95988e+19
-52.7285  2.04617e+19
-52.6112  2.10121e+19
-52.4939  2.11522e+19
-52.3766  2.08424e+19
-52.2593  2.00566e+19
-52.142  1.88141e+19
-52.0247  1.71981e+19
-51.9074  1.53167e+19
-51.7901  1.33519e+19
-51.6728  1.15096e+19
-51.5555  9.98821e+18
-51.4381  8.98123e+18
-51.3208  8.58506e+18
-51.2035  8.82176e+18
-51.0862  9.60801e+18
-50.9689  1.07807e+19
-50.8516  1.21141e+19
-50.7343  1.33848e+19
-50.617  1.43841e+19
-50.4997  1.49907e+19
-50.3824  1.51566e+19
-50.2651  1.49246e+19
-50.1478  1.44002e+19
-50.0305  1.37555e+19
-49.9132  1.31283e+19
-49.7959  1.26845e+19
-49.6786  1.25298e+19
-49.5613  1.27221e+19
-49.444  1.32688e+19
-49.3267  1.41084e+19
-49.2094  1.51136e+19
-49.092  1.61155e+19
-48.9747  1.69259e+19
-48.8574  1.73626e+19
-48.7401  1.72685e+19
-48.6228  1.65568e+19
-48.5055  1.52414e+19
-48.3882  1.33919e+19
-48.2709  1.12016e+19
-48.1536  8.88962e+18
-48.0363  6.68504e+18
-47.919  4.79807e+18
-47.8017  3.36782e+18
-47.6844  2.4519e+18
-47.5671  2.03598e+18
-47.4498  2.05523e+18
-47.3325  2.40515e+18
-47.2152  2.99345e+18
-47.0979  3.71769e+18
-46.9806  4.51569e+18
-46.8633  5.31983e+18
-46.7459  6.06248e+18
-46.6286  6.71461e+18
-46.5113  7.24679e+18
-46.394  7.7174e+18
-46.2767  8.22197e+18
-46.1594  8.95881e+18
-46.0421  1.01961e+19
-45.9248  1.21868e+19
-45.8075  1.51115e+19
-45.6902  1.90164e+19
-45.5729  2.36895e+19
-45.4556  2.87551e+19
-45.3383  3.35483e+19
-45.221  3.74373e+19
-45.1037  3.97267e+19
-44.9864  3.99614e+19
-44.8691  3.80507e+19
-44.7518  3.42394e+19
-44.6345  2.90855e+19
-44.5172  2.34199e+19
-44.3998  1.81061e+19
-44.2825  1.38561e+19
-44.1652  1.1122e+19
-44.0479  9.97088e+18
-43.9306  1.01437e+19
-43.8133  1.10928e+19
-43.696  1.21555e+19
-43.5787  1.27491e+19
-43.4614  1.24797e+19
-43.3441  1.12314e+19
-43.2268  9.17033e+18
-43.1095  6.71148e+18
-42.9922  4.37874e+18
-42.8749  2.68919e+18
-42.7576  2.05053e+18
-42.6403  2.69425e+18
-42.523  4.64435e+18
-42.4057  7.75602e+18
-42.2884  1.17403e+19
-42.171  1.62399e+19
-42.0537  2.09321e+19
-41.9364  2.54805e+19
-41.8191  2.96153e+19
-41.7018  3.31444e+19
-41.5845  3.59091e+19
-41.4672  3.78352e+19
-41.3499  3.8863e+19
-41.2326  3.89908e+19
-41.1153  3.82453e+19
-40.998  3.6662e+19
-40.8807  3.43303e+19
-40.7634  3.13081e+19
-40.6461  2.77348e+19
-40.5288  2.375e+19
-40.4115  1.95912e+19
-40.2942  1.5593e+19
-40.1769  1.21502e+19
-40.0596  9.72746e+18
-39.9423  8.80464e+18
-39.825  9.77619e+18
-39.7076  1.28326e+19
-39.5903  1.7918e+19
-39.473  2.46459e+19
-39.3557  3.2298e+19
-39.2384  3.99607e+19
-39.1211  4.65956e+19
-39.0038  5.1246e+19
-38.8865  5.32097e+19
-38.7692  5.22043e+19
-38.6519  4.83375e+19
-38.5346  4.21585e+19
-38.4173  3.44867e+19
-38.3  2.63344e+19
-38.1827  1.86388e+19
-38.0654  1.21227e+19
-37.9481  7.24938e+18
-37.8308  4.10775e+18
-37.7135  2.53589e+18
-37.5962  2.16273e+18
-37.4789  2.56127e+18
-37.3615  3.33714e+18
-37.2442  4.20338e+18
-37.1269  5.00495e+18
-37.0096  5.68749e+18
-36.8923  6.26519e+18
-36.775  6.75533e+18
-36.6577  7.16577e+18
-36.5404  7.46544e+18
-36.4231  7.62703e+18
-36.3058  7.66397e+18
-36.1885  7.65138e+18
-36.0712  7.76622e+18
-35.9539  8.24469e+18
-35.8366  9.38042e+18
-35.7193  1.14226e+19
-35.602  1.44968e+19
-35.4847  1.86263e+19
-35.3674  2.36322e+19
-35.2501  2.91949e+19
-35.1328  3.48921e+19
-35.0154  4.029e+19
-34.8981  4.49978e+19
-34.7808  4.87492e+19
-34.6635  5.13818e+19
-34.5462  5.289e+19
-34.4289  5.34288e+19
-34.3116  5.31218e+19
-34.1943  5.21941e+19
-34.077  5.08259e+19
-33.9597  4.91615e+19
-33.8424  4.73242e+19
-33.7251  4.54014e+19
-33.6078  4.34576e+19
-33.4905  4.15445e+19
-33.3732  3.96838e+19
-33.2559  3.79047e+19
-33.1386  3.61681e+19
-33.0213  3.44369e+19
-32.904  3.26514e+19
-32.7867  3.07496e+19
-32.6693  2.86696e+19
-32.552  2.64043e+19
-32.4347  2.39876e+19
-32.3174  2.15671e+19
-32.2001  1.9302e+19
-32.0828  1.74093e+19
-31.9655  1.61382e+19
-31.8482  1.57271e+19
-31.7309  1.63968e+19
-31.6136  1.83132e+19
-31.4963  2.15946e+19
-31.379  2.62825e+19
-31.2617  3.23504e+19
-31.1444  3.96787e+19
-31.0271  4.80581e+19
-30.9098  5.72673e+19
-30.7925  6.6858e+19
-30.6752  7.64703e+19
-30.5579  8.56446e+19
-30.4406  9.39447e+19
-30.3232  1.01041e+20
-30.2059  1.06581e+20
-30.0886  1.10358e+20
-29.9713  1.12364e+20
-29.854  1.12579e+20
-29.7367  1.11056e+20
-29.6194  1.08045e+20
-29.5021  1.03786e+20
-29.3848  9.85395e+19
-29.2675  9.26844e+19
-29.1502  8.65132e+19
-29.0329  8.0432e+19
-28.9156  7.47489e+19
-28.7983  6.97131e+19
-28.681  6.5566e+19
-28.5637  6.23511e+19
-28.4464  6.01164e+19
-28.3291  5.873e+19
-28.2118  5.80185e+19
-28.0944  5.77998e+19
-27.9771  5.78741e+19
-27.8598  5.80987e+19
-27.7425  5.84375e+19
-27.6252  5.88162e+19
-27.5079  5.93727e+19
-27.3906  6.0184e+19
-27.2733  6.13939e+19
-27.156  6.31606e+19
-27.0387  6.55476e+19
-26.9214  6.86688e+19
-26.8041  7.252e+19
-26.6868  7.70385e+19
-26.5695  8.20447e+19
-26.4522  8.72981e+19
-26.3349  9.25424e+19
-26.2176  9.73263e+19
-26.1003  1.01412e+20
-25.983  1.0444e+20
-25.8657  1.06229e+20
-25.7483  1.06839e+20
-25.631  1.06435e+20
-25.5137  1.05535e+20
-25.3964  1.04668e+20
-25.2791  1.0453e+20
-25.1618  1.05822e+20
-25.0445  1.09163e+20
-24.9272  1.149e+20
-24.8099  1.23244e+20
-24.6926  1.34095e+20
-24.5753  1.47104e+20
-24.458  1.61721e+20
-24.3407  1.77317e+20
-24.2234  1.93141e+20
-24.1061  2.08538e+20
-23.9888  2.22872e+20
-23.8715  2.35673e+20
-23.7542  2.46557e+20
-23.6369  2.55452e+20
-23.5196  2.62424e+20
-23.4023  2.67577e+20
-23.2849  2.71304e+20
-23.1676  2.74011e+20
-23.0503  2.76054e+20
-22.933  2.77933e+20
-22.8157  2.79747e+20
-22.6984  2.81662e+20
-22.5811  2.83649e+20
-22.4638  2.85496e+20
-22.3465  2.87082e+20
-22.2292  2.88094e+20
-22.1119  2.88371e+20
-21.9946  2.8773e+20
-21.8773  2.86217e+20
-21.76  2.83875e+20
-21.6427  2.80739e+20
-21.5254  2.76953e+20
-21.4081  2.72714e+20
-21.2908  2.68255e+20
-21.1735  2.63919e+20
-21.0561  2.60097e+20
-20.9388  2.57258e+20
-20.8215  2.55919e+20
-20.7042  2.56811e+20
-20.5869  2.60441e+20
-20.4696  2.67189e+20
-20.3523  2.77298e+20
-20.235  2.90699e+20
-20.1177  3.07071e+20
-20.0004  3.25862e+20
-19.8831  3.461e+20
-19.7658  3.67233e+20
-19.6485  3.88332e+20
-19.5312  4.08839e+20
-19.4139  4.28237e+20
-19.2966  4.46398e+20
-19.1793  4.63276e+20
-19.062  4.79035e+20
-18.9447  4.93922e+20
-18.8274  5.08252e+20
-18.71  5.22236e+20
-18.5927  5.36156e+20
-18.4754  5.50081e+20
-18.3581  5.63903e+20
-18.2408  5.77536e+20
-18.1235  5.90606e+20
-18.0062  6.02733e+20
-17.8889  6.13367e+20
-17.7716  6.21913e+20
-17.6543  6.28067e+20
-17.537  6.3135e+20
-17.4197  6.3184e+20
-17.3024  6.29766e+20
-17.1851  6.25699e+20
-17.0678  6.2052e+20
-16.9505  6.15329e+20
-16.8332  6.11347e+20
-16.7159  6.09907e+20
-16.5986  6.12138e+20
-16.4813  6.19062e+20
-16.364  6.315e+20
-16.2466  6.49933e+20
-16.1293  6.74307e+20
-16.012  7.04729e+20
-15.8947  7.40497e+20
-15.7774  7.81005e+20
-15.6601  8.25193e+20
-15.5428  8.71909e+20
-15.4255  9.19534e+20
-15.3082  9.66782e+20
-15.1909  1.01204e+21
-15.0736  1.05386e+21
-14.9563  1.09081e+21
-14.839  1.12211e+21
-14.7217  1.14671e+21
-14.6044  1.16452e+21
-14.4871  1.17564e+21
-14.3698  1.18059e+21
-14.2525  1.18014e+21
-14.1352  1.17532e+21
-14.0178  1.1675e+21
-13.9005  1.15793e+21
-13.7832  1.14785e+21
-13.6659  1.13846e+21
-13.5486  1.13091e+21
-13.4313  1.12603e+21
-13.314  1.12458e+21
-13.1967  1.127e+21
-13.0794  1.13406e+21
-12.9621  1.14582e+21
-12.8448  1.16272e+21
-12.7275  1.18473e+21
-12.6102  1.21224e+21
-12.4929  1.24521e+21
-12.3756  1.28349e+21
-12.2583  1.32718e+21
-12.141  1.37608e+21
-12.0237  1.42987e+21
-11.9064  1.48803e+21
-11.7891  1.55009e+21
-11.6718  1.61544e+21
-11.5544  1.68342e+21
-11.4371  1.75328e+21
-11.3198  1.8243e+21
-11.2025  1.89586e+21
-11.0852  1.9676e+21
-10.9679  2.03925e+21
-10.8506  2.11084e+21
-10.7333  2.18247e+21
-10.616  2.25474e+21
-10.4987  2.32857e+21
-10.3814  2.40474e+21
-10.2641  2.48438e+21
-10.1468  2.56906e+21
-10.0295  2.66002e+21
-9.91217  2.7584e+21
-9.79487  2.86573e+21
-9.67756  2.98277e+21
-9.56026  3.11013e+21
-9.44295  3.24781e+21
-9.32565  3.39591e+21
-9.20834  3.55337e+21
-9.09104  3.71896e+21
-8.97373  3.89108e+21
-8.85643  4.068e+21
-8.73913  4.24742e+21
-8.62182  4.42742e+21
-8.50452  4.60597e+21
-8.38721  4.78179e+21
-8.26991  4.95303e+21
-8.1526  5.11928e+21
-8.03529  5.27956e+21
-7.91799  5.43404e+21
-7.80069  5.58309e+21
-7.68338  5.72697e+21
-7.56608  5.86674e+21
-7.44877  6.00346e+21
-7.33146  6.13814e+21
-7.21416  6.27168e+21
-7.09685  6.40519e+21
-6.97955  6.53951e+21
-6.86224  6.67551e+21
-6.74494  6.8143e+21
-6.62763  6.95607e+21
-6.51033  7.10185e+21
-6.39302  7.25259e+21
-6.27572  7.40935e+21
-6.15842  7.57322e+21
-6.04111  7.7454e+21
-5.92381  7.92713e+21
-5.8065  8.11966e+21
-5.68919  8.32347e+21
-5.57189  8.53931e+21
-5.45458  8.767e+21
-5.33728  9.00625e+21
-5.21997  9.25584e+21
-5.10267  9.51454e+21
-4.98536  9.78016e+21
-4.86806  1.00505e+22
-4.75075  1.03232e+22
-4.63345  1.05961e+22
-4.51614  1.08669e+22
-4.39884  1.11339e+22
-4.28154  1.13963e+22
-4.16423  1.16537e+22
-4.04692  1.19059e+22
-3.92962  1.21543e+22
-3.81231  1.24007e+22
-3.69501  1.26467e+22
-3.5777  1.28948e+22
-3.4604  1.31472e+22
-3.34309  1.34055e+22
-3.22579  1.36707e+22
-3.10849  1.39438e+22
-2.99118  1.42238e+22
-2.87387  1.45098e+22
-2.75657  1.47995e+22
-2.63926  1.50899e+22
-2.52196  1.53775e+22
-2.40465  1.56584e+22
-2.28735  1.59285e+22
-2.17005  1.6184e+22
-2.05274  1.64221e+22
-1.93544  1.66397e+22
-1.81813  1.68353e+22
-1.70083  1.7008e+22
-1.58352  1.71582e+22
-1.46622  1.72868e+22
-1.34891  1.73954e+22
-1.2316  1.74862e+22
-1.1143  1.75614e+22
-0.996995  1.76234e+22
-0.87969  1.76745e+22
-0.762385  1.77157e+22
-0.64508  1.77495e+22
-0.527775  1.77763e+22
-0.41047  1.7797e+22
-0.293165  1.7812e+22
-0.17586  1.78216e+22
-0.058555  1.7826e+22
0.05875  1.78251e+22
0.176055  1.78189e+22
0.29336  1.78075e+22
0.410665  1.7791e+22
0.52797  1.77684e+22
0.645275  1.77398e+22
0.76258  1.77045e+22
0.879885  1.76615e+22
0.99719  1.76089e+22
1.1145  1.75454e+22
1.2318  1.74685e+22
1.3491  1.73764e+22
1.46641  1.72665e+22
1.58371  1.71365e+22
1.70102  1.69851e+22
1.81832  1.68111e+22
1.93563  1.66143e+22
2.05294  1.63957e+22
2.17024  1.6157e+22
2.28754  1.59005e+22
2.40485  1.56296e+22
2.52216  1.53482e+22
2.63946  1.506e+22
2.75677  1.47691e+22
2.87407  1.44791e+22
2.99137  1.41926e+22
3.10868  1.39121e+22
3.22599  1.36388e+22
3.34329  1.33734e+22
3.4606  1.3115e+22
3.5779  1.28624e+22
3.69521  1.26141e+22
3.81251  1.2368e+22
3.92982  1.21215e+22
4.04712  1.18728e+22
4.16443  1.16204e+22
4.28173  1.13631e+22
4.39903  1.11004e+22
4.51634  1.08331e+22
4.63364  1.05622e+22
4.75095  1.0289e+22
4.86825  1.00159e+22
4.98556  9.74516e+21
5.10286  9.47936e+21
5.22017  9.22021e+21
5.33748  8.97031e+21
5.45478  8.73073e+21
5.57209  8.50296e+21
5.68939  8.28698e+21
5.8067  8.08309e+21
5.924  7.89069e+21
6.0413  7.70919e+21
6.15861  7.53731e+21
6.27591  7.37361e+21
6.39322  7.21748e+21
6.51052  7.0672e+21
6.62783  6.92182e+21
6.74514  6.78051e+21
6.86244  6.64252e+21
6.97975  6.5068e+21
7.09705  6.37294e+21
7.21436  6.2399e+21
7.33166  6.10652e+21
7.44897  5.97224e+21
7.56627  5.83592e+21
7.68358  5.69635e+21
7.80088  5.55269e+21
7.91819  5.40396e+21
8.03549  5.24992e+21
8.1528  5.09012e+21
8.2701  4.92452e+21
8.38741  4.75389e+21
8.50471  4.57896e+21
8.62202  4.40138e+21
8.73932  4.22232e+21
8.85662  4.04403e+21
8.97393  3.86831e+21
9.09123  3.69727e+21
9.20854  3.53277e+21
9.32584  3.37643e+21
9.44315  3.22933e+21
9.56045  3.09229e+21
9.67776  2.9658e+21
9.79506  2.84934e+21
9.91237  2.74256e+21
10.0297  2.64457e+21
10.147  2.55408e+21
10.2643  2.46983e+21
10.3816  2.3904e+21
10.4989  2.31459e+21
10.6162  2.24111e+21
10.7335  2.16914e+21
10.8508  2.09785e+21
10.9681  2.02664e+21
11.0854  1.95547e+21
11.2027  1.88421e+21
11.32  1.81308e+21
11.4373  1.74251e+21
11.5546  1.67314e+21
11.6719  1.6056e+21
11.7893  1.54076e+21
11.9066  1.47917e+21
12.0239  1.4213e+21
12.1412  1.36804e+21
12.2585  1.31956e+21
12.3758  1.27626e+21
12.4931  1.23828e+21
12.6104  1.20571e+21
12.7277  1.1786e+21
12.845  1.15685e+21
12.9623  1.14023e+21
13.0796  1.1288e+21
13.1969  1.12202e+21
13.3142  1.11983e+21
13.4315  1.1215e+21
13.5488  1.12656e+21
13.6661  1.13428e+21
13.7834  1.1437e+21
13.9007  1.15385e+21
14.018  1.16345e+21
14.1354  1.17124e+21
14.2527  1.17597e+21
14.37  1.17646e+21
14.4873  1.17143e+21
14.6046  1.16026e+21
14.7219  1.14238e+21
14.8392  1.11779e+21
14.9565  1.08664e+21
15.0738  1.04974e+21
15.1911  1.00813e+21
15.3084  9.63041e+20
15.4257  9.1593e+20
15.543  8.68445e+20
15.6603  8.22032e+20
15.7776  7.78115e+20
15.8949  7.37857e+20
16.0122  7.0236e+20
16.1295  6.72221e+20
16.2468  6.47976e+20
16.3641  6.29839e+20
16.4815  6.1765e+20
16.5988  6.10934e+20
16.7161  6.08872e+20
16.8334  6.10635e+20
16.9507  6.14785e+20
17.068  6.20234e+20
17.1853  6.25621e+20
17.3026  6.29933e+20
17.4199  6.32159e+20
17.5372  6.31776e+20
17.6545  6.28578e+20
17.7718  6.22636e+20
17.8891  6.1411e+20
18.0064  6.03617e+20
18.1237  5.91547e+20
18.241  5.78465e+20
18.3583  5.64836e+20
18.4756  5.50987e+20
18.5929  5.37058e+20
18.7102  5.23052e+20
18.8275  5.08984e+20
18.9449  4.94586e+20
19.0622  4.79577e+20
19.1795  4.63727e+20
19.2968  4.46648e+20
19.4141  4.2835e+20
19.5314  4.08756e+20
19.6487  3.88073e+20
19.766  3.66827e+20
19.8833  3.45548e+20
20.0006  3.25115e+20
20.1179  3.06283e+20
20.2352  2.89888e+20
20.3525  2.76435e+20
20.4698  2.66299e+20
20.5871  2.59542e+20
20.7044  2.56007e+20
20.8217  2.55196e+20
20.939  2.56582e+20
21.0563  2.59501e+20
21.1736  2.63394e+20
21.291  2.67827e+20
21.4083  2.72359e+20
21.5256  2.76616e+20
21.6429  2.80476e+20
21.7602  2.83695e+20
21.8775  2.86123e+20
21.9948  2.87695e+20
22.1121  2.88347e+20
22.2294  2.88087e+20
22.3467  2.87175e+20
22.464  2.85635e+20
22.5813  2.83803e+20
22.6986  2.81903e+20
22.8159  2.80065e+20
22.9332  2.78314e+20
23.0505  2.76553e+20
23.1678  2.74534e+20
23.2851  2.71872e+20
23.4024  2.68114e+20
23.5198  2.62961e+20
23.6371  2.55957e+20
23.7544  2.46983e+20
23.8717  2.35996e+20
23.989  2.23108e+20
24.1063  2.08684e+20
24.2236  1.93178e+20
24.3409  1.77255e+20
24.4582  1.61647e+20
24.5755  1.46962e+20
24.6928  1.33989e+20
24.8101  1.23184e+20
24.9274  1.14923e+20
25.0447  1.0925e+20
25.162  1.05976e+20
25.2793  1.04749e+20
25.3966  1.04901e+20
25.5139  1.05795e+20
25.6312  1.06703e+20
25.7485  1.07035e+20
25.8658  1.06402e+20
25.9832  1.04502e+20
26.1005  1.01459e+20
26.2178  9.73531e+19
26.3351  9.25e+19
26.4524  8.72635e+19
26.5697  8.20107e+19
26.687  7.70291e+19
26.8043  7.25688e+19
26.9216  6.87669e+19
27.0389  6.57005e+19
27.1562  6.3356e+19
27.2735  6.16434e+19
27.3908  6.04486e+19
27.5081  5.96591e+19
27.6254  5.91043e+19
27.7427  5.8692e+19
27.86  5.8341e+19
27.9773  5.8072e+19
28.0946  5.79654e+19
28.212  5.81312e+19
28.3293  5.88139e+19
28.4466  6.01521e+19
28.5639  6.2376e+19
28.6812  6.55764e+19
28.7985  6.97482e+19
28.9158  7.47958e+19
29.0331  8.05152e+19
29.1504  8.6628e+19
29.2677  9.28185e+19
29.385  9.87205e+19
29.5023  1.03978e+20
29.6196  1.08218e+20
29.7369  1.11202e+20
29.8542  1.12688e+20
29.9715  1.12456e+20
30.0888  1.10405e+20
30.2061  1.06521e+20
30.3234  1.00918e+20
30.4407  9.38026e+19
30.558  8.54591e+19
30.6754  7.62766e+19
30.7927  6.66672e+19
30.91  5.70804e+19
31.0273  4.79382e+19
31.1446  3.95552e+19
31.2619  3.22593e+19
31.3792  2.62095e+19
31.4965  2.1544e+19
31.6138  1.8284e+19
31.7311  1.63608e+19
31.8484  1.56758e+19
31.9657  1.60637e+19
32.083  1.73129e+19
32.2003  1.9175e+19
32.3176  2.14274e+19
32.4349  2.38355e+19
32.5522  2.62478e+19
32.6695  2.8524e+19
32.7868  3.0637e+19
32.9042  3.25855e+19
33.0215  3.44108e+19
33.1388  3.62068e+19
33.2561  3.79858e+19
33.3734  3.98391e+19
33.4907  4.17299e+19
33.608  4.36812e+19
33.7253  4.56646e+19
33.8426  4.75952e+19
33.9599  4.94505e+19
34.0772  5.10987e+19
34.1945  5.2454e+19
34.3118  5.33598e+19
34.4291  5.3633e+19
34.5464  5.30728e+19
34.6637  5.14816e+19
34.781  4.88031e+19
34.8983  4.50057e+19
35.0156  4.02442e+19
35.1329  3.48159e+19
35.2503  2.90872e+19
35.3676  2.35288e+19
35.4849  1.85256e+19
35.6022  1.44089e+19
35.7195  1.13427e+19
35.8368  9.33699e+18
35.9541  8.21436e+18
36.0714  7.75425e+18
36.1887  7.65344e+18
36.306  7.67123e+18
36.4233  7.64422e+18
36.5406  7.4839e+18
36.6579  7.18316e+18
36.7752  6.76941e+18
36.8925  6.26816e+18
37.0098  5.68181e+18
37.1271  4.9884e+18
37.2444  4.1815e+18
37.3617  3.31491e+18
37.479  2.54916e+18
37.5964  2.17332e+18
37.7137  2.58517e+18
37.831  4.20423e+18
37.9483  7.40282e+18
38.0656  1.23223e+19
38.1829  1.88717e+19
38.3002  2.65761e+19
38.4175  3.4722e+19
38.5348  4.23355e+19
38.6521  4.84448e+19
38.7694  5.22308e+19
38.8867  5.3148e+19
39.004  5.10778e+19
39.1213  4.63331e+19
39.2386  3.96446e+19
39.3559  3.19752e+19
39.4732  2.43349e+19
39.5905  1.76644e+19
39.7078  1.26433e+19
39.8251  9.65562e+18
39.9425  8.76656e+18
40.0598  9.75191e+18
40.1771  1.22264e+19
40.2944  1.57138e+19
40.4117  1.97297e+19
40.529  2.38811e+19
40.6463  2.78578e+19
40.7636  3.1409e+19
40.8809  3.43803e+19
40.9982  3.66854e+19
41.1155  3.82094e+19
41.2328  3.89162e+19
41.3501  3.87351e+19
41.4674  3.76703e+19
41.5847  3.57114e+19
41.702  3.29081e+19
41.8193  2.93717e+19
41.9366  2.52221e+19
42.0539  2.06813e+19
42.1712  1.6017e+19
42.2885  1.15456e+19
42.4059  7.6115e+18
42.5232  4.55902e+18
42.6405  2.66982e+18
42.7578  2.08029e+18
42.8751  2.76491e+18
42.9924  4.48592e+18
43.1097  6.83587e+18
43.227  9.28473e+18
43.3443  1.13169e+19
43.4616  1.25337e+19
43.5789  1.2763e+19
43.6962  1.21294e+19
43.8135  1.1034e+19
43.9308  1.00978e+19
44.0481  9.95372e+18
44.1654  1.11417e+19
44.2827  1.39312e+19
44.4  1.82331e+19
44.5173  2.35946e+19
44.6347  2.92739e+19
44.752  3.44296e+19
44.8693  3.82183e+19
44.9866  4.00943e+19
45.1039  3.9783e+19
45.2212  3.74574e+19
45.3385  3.35508e+19
45.4558  2.87084e+19
45.5731  2.36544e+19
45.6904  1.89814e+19
45.8077  1.51058e+19
45.925  1.22032e+19
46.0423  1.0239e+19
46.1596  9.01607e+18
46.2769  8.27718e+18
46.3942  7.77607e+18
46.5115  7.29917e+18
46.6288  6.75565e+18
46.7461  6.09259e+18
46.8634  5.33346e+18
46.9808  4.52924e+18
47.0981  3.72219e+18
47.2154  2.98764e+18
47.3327  2.39577e+18
47.45  2.05104e+18
47.5673  2.04734e+18
47.6846  2.48013e+18
47.8019  3.42164e+18
47.9192  4.87956e+18
48.0365  6.79238e+18
48.1538  9.0134e+18
48.2711  1.13372e+19
48.3884  1.35228e+19
48.5057  1.53523e+19
48.623  1.66417e+19
48.7403  1.7299e+19
48.8576  1.7357e+19
48.9749  1.68893e+19
49.0922  1.6048e+19
49.2095  1.5015e+19
49.3269  1.40098e+19
49.4442  1.31687e+19
49.5615  1.26355e+19
49.6788  1.24425e+19
49.7961  1.26167e+19
49.9134  1.30602e+19
50.0307  1.36902e+19
50.148  1.43605e+19
50.2653  1.48906e+19
50.3826  1.51253e+19
50.4999  1.49684e+19
50.6172  1.43668e+19
50.7345  1.33678e+19
50.8518  1.2094e+19
50.9691  1.07628e+19
51.0864  9.58618e+18
51.2037  8.79932e+18
51.321  8.56168e+18
51.4383  8.95957e+18
51.5556  9.97302e+18
51.673  1.14834e+19
51.7903  1.33343e+19
51.9076  1.52941e+19
52.0249  1.71785e+19
52.1422  1.87837e+19
52.2595  2.00089e+19
52.3768  2.08052e+19
52.4941  2.1104e+19
52.6114  2.09583e+19
52.7287  2.04177e+19
52.846  1.95475e+19
52.9633  1.84583e+19
53.0806  1.72082e+19
53.1979  1.59037e+19
53.3152  1.45832e+19
53.4325  1.33044e+19
53.5498  1.20817e+19
53.6671  1.08855e+19
53.7844  9.68998e+18
53.9017  8.47766e+18
54.0191  7.28365e+18
54.1364  6.1835e+18
54.2537  5.30837e+18
54.371  4.80994e+18
54.4883  4.83598e+18
54.6056  5.46781e+18
54.7229  6.70982e+18
54.8402  8.45835e+18
54.9575  1.05102e+19
55.0748  1.26016e+19
55.1921  1.44973e+19
55.3094  1.59801e+19
55.4267  1.69529e+19
55.544  1.74349e+19
55.6613  1.74991e+19
55.7786  1.72865e+19
55.8959  1.69182e+19
56.0132  1.64854e+19
56.1305  1.60045e+19
56.2478  1.54587e+19
56.3651  1.48357e+19
56.4825  1.41203e+19
56.5998  1.33847e+19
56.7171  1.27485e+19
56.8344  1.23618e+19
56.9517  1.23418e+19
57.069  1.26857e+19
57.1863  1.33191e+19
57.3036  1.39755e+19
57.4209  1.43461e+19
57.5382  1.41079e+19
57.6555  1.30406e+19
57.7728  1.1123e+19
57.8901  8.57478e+18
58.0074  5.79938e+18
58.1247  3.33503e+18
58.242  1.71193e+18
58.3593  1.32622e+18
58.4766  2.32769e+18
58.5939  4.56965e+18
