#S 1 spectral density
#N 2
#UFWHM 24.1648
#L  abscissas [um]  spectral density
-58.5938  1.00669e+20
-58.4764  9.00379e+19
-58.3591  8.06669e+19
-58.2418  7.30457e+19
-58.1245  6.74002e+19
-58.0072  6.37516e+19
-57.8899  6.19942e+19
-57.7726  6.18765e+19
-57.6553  6.32141e+19
-57.538  6.58588e+19
-57.4207  6.96685e+19
-57.3034  7.45013e+19
-57.1861  8.02466e+19
-57.0688  8.66508e+19
-56.9515  9.35161e+19
-56.8342  1.00482e+20
-56.7169  1.07418e+20
-56.5996  1.14166e+20
-56.4823  1.20866e+20
-56.365  1.27684e+20
-56.2477  1.34932e+20
-56.1303  1.42727e+20
-56.013  1.51194e+20
-55.8957  1.5999e+20
-55.7784  1.68605e+20
-55.6611  1.76127e+20
-55.5438  1.81573e+20
-55.4265  1.84198e+20
-55.3092  1.83396e+20
-55.1919  1.7906e+20
-55.0746  1.71719e+20
-54.9573  1.62213e+20
-54.84  1.51964e+20
-54.7227  1.42334e+20
-54.6054  1.34699e+20
-54.4881  1.30047e+20
-54.3708  1.28809e+20
-54.2535  1.30939e+20
-54.1362  1.35816e+20
-54.0189  1.42447e+20
-53.9016  1.49569e+20
-53.7842  1.55967e+20
-53.6669  1.60667e+20
-53.5496  1.62992e+20
-53.4323  1.62705e+20
-53.315  1.60027e+20
-53.1977  1.55527e+20
-53.0804  1.50023e+20
-52.9631  1.44437e+20
-52.8458  1.3965e+20
-52.7285  1.36291e+20
-52.6112  1.34776e+20
-52.4939  1.35133e+20
-52.3766  1.372e+20
-52.2593  1.40543e+20
-52.142  1.44709e+20
-52.0247  1.49175e+20
-51.9074  1.53569e+20
-51.7901  1.57585e+20
-51.6728  1.61251e+20
-51.5555  1.6455e+20
-51.4381  1.67596e+20
-51.3208  1.70554e+20
-51.2035  1.73462e+20
-51.0862  1.76441e+20
-50.9689  1.79362e+20
-50.8516  1.82152e+20
-50.7343  1.84585e+20
-50.617  1.86484e+20
-50.4997  1.87596e+20
-50.3824  1.87672e+20
-50.2651  1.86466e+20
-50.1478  1.83897e+20
-50.0305  1.79816e+20
-49.9132  1.74406e+20
-49.7959  1.67747e+20
-49.6786  1.60222e+20
-49.5613  1.52234e+20
-49.444  1.44265e+20
-49.3267  1.36689e+20
-49.2094  1.29826e+20
-49.092  1.23829e+20
-48.9747  1.18663e+20
-48.8574  1.14275e+20
-48.7401  1.10468e+20
-48.6228  1.07136e+20
-48.5055  1.04264e+20
-48.3882  1.01948e+20
-48.2709  1.00395e+20
-48.1536  9.98268e+19
-48.0363  1.004e+20
-47.919  1.02253e+20
-47.8017  1.05372e+20
-47.6844  1.09678e+20
-47.5671  1.15003e+20
-47.4498  1.21395e+20
-47.3325  1.28897e+20
-47.2152  1.37764e+20
-47.0979  1.48324e+20
-46.9806  1.60843e+20
-46.8633  1.75427e+20
-46.7459  1.91852e+20
-46.6286  2.09491e+20
-46.5113  2.27255e+20
-46.394  2.4393e+20
-46.2767  2.58091e+20
-46.1594  2.68555e+20
-46.0421  2.74391e+20
-45.9248  2.75342e+20
-45.8075  2.71637e+20
-45.6902  2.63892e+20
-45.5729  2.53392e+20
-45.4556  2.4138e+20
-45.3383  2.29324e+20
-45.221  2.18453e+20
-45.1037  2.09772e+20
-44.9864  2.04126e+20
-44.8691  2.01988e+20
-44.7518  2.0343e+20
-44.6345  2.08281e+20
-44.5172  2.15953e+20
-44.3998  2.25556e+20
-44.2825  2.35623e+20
-44.1652  2.44831e+20
-44.0479  2.51791e+20
-43.9306  2.55271e+20
-43.8133  2.54592e+20
-43.696  2.49706e+20
-43.5787  2.41329e+20
-43.4614  2.30625e+20
-43.3441  2.19407e+20
-43.2268  2.09383e+20
-43.1095  2.02208e+20
-42.9922  1.98836e+20
-42.8749  1.99707e+20
-42.7576  2.04425e+20
-42.6403  2.12127e+20
-42.523  2.21526e+20
-42.4057  2.31335e+20
-42.2884  2.4041e+20
-42.171  2.47976e+20
-42.0537  2.53785e+20
-41.9364  2.57964e+20
-41.8191  2.60807e+20
-41.7018  2.62836e+20
-41.5845  2.64582e+20
-41.4672  2.66386e+20
-41.3499  2.68623e+20
-41.2326  2.71316e+20
-41.1153  2.74627e+20
-40.998  2.78528e+20
-40.8807  2.82938e+20
-40.7634  2.87745e+20
-40.6461  2.9275e+20
-40.5288  2.97498e+20
-40.4115  3.01533e+20
-40.2942  3.04455e+20
-40.1769  3.05595e+20
-40.0596  3.04717e+20
-39.9423  3.01745e+20
-39.825  2.96932e+20
-39.7076  2.90873e+20
-39.5903  2.84299e+20
-39.473  2.78084e+20
-39.3557  2.73099e+20
-39.2384  2.69955e+20
-39.1211  2.68849e+20
-39.0038  2.69935e+20
-38.8865  2.72885e+20
-38.7692  2.7728e+20
-38.6519  2.82769e+20
-38.5346  2.88916e+20
-38.4173  2.95465e+20
-38.3  3.02348e+20
-38.1827  3.09717e+20
-38.0654  3.17786e+20
-37.9481  3.26921e+20
-37.8308  3.37516e+20
-37.7135  3.49963e+20
-37.5962  3.64562e+20
-37.4789  3.81549e+20
-37.3615  4.00968e+20
-37.2442  4.22496e+20
-37.1269  4.45711e+20
-37.0096  4.69336e+20
-36.8923  4.92205e+20
-36.775  5.12639e+20
-36.6577  5.28986e+20
-36.5404  5.3959e+20
-36.4231  5.43232e+20
-36.3058  5.39429e+20
-36.1885  5.28299e+20
-36.0712  5.108e+20
-35.9539  4.88494e+20
-35.8366  4.63566e+20
-35.7193  4.38379e+20
-35.602  4.15171e+20
-35.4847  3.95684e+20
-35.3674  3.81257e+20
-35.2501  3.72437e+20
-35.1328  3.69046e+20
-35.0154  3.70458e+20
-34.8981  3.75582e+20
-34.7808  3.83134e+20
-34.6635  3.91714e+20
-34.5462  4.0038e+20
-34.4289  4.08283e+20
-34.3116  4.15254e+20
-34.1943  4.21497e+20
-34.077  4.2792e+20
-33.9597  4.357e+20
-33.8424  4.46306e+20
-33.7251  4.6111e+20
-33.6078  4.81365e+20
-33.4905  5.077e+20
-33.3732  5.40054e+20
-33.2559  5.77547e+20
-33.1386  6.18655e+20
-33.0213  6.61038e+20
-32.904  7.0198e+20
-32.7867  7.39078e+20
-32.6693  7.6979e+20
-32.552  7.92241e+20
-32.4347  8.05783e+20
-32.3174  8.09775e+20
-32.2001  8.05241e+20
-32.0828  7.93338e+20
-31.9655  7.75833e+20
-31.8482  7.54929e+20
-31.7309  7.32465e+20
-31.6136  7.10519e+20
-31.4963  6.90583e+20
-31.379  6.73983e+20
-31.2617  6.61306e+20
-31.1444  6.52888e+20
-31.0271  6.48619e+20
-30.9098  6.47867e+20
-30.7925  6.4998e+20
-30.6752  6.5394e+20
-30.5579  6.58639e+20
-30.4406  6.6318e+20
-30.3232  6.66985e+20
-30.2059  6.69694e+20
-30.0886  6.71076e+20
-29.9713  6.71374e+20
-29.854  6.7103e+20
-29.7367  6.70668e+20
-29.6194  6.70822e+20
-29.5021  6.71888e+20
-29.3848  6.74229e+20
-29.2675  6.78135e+20
-29.1502  6.83173e+20
-29.0329  6.89209e+20
-28.9156  6.95738e+20
-28.7983  7.0225e+20
-28.681  7.08367e+20
-28.5637  7.13757e+20
-28.4464  7.18668e+20
-28.3291  7.23349e+20
-28.2118  7.285e+20
-28.0944  7.35345e+20
-27.9771  7.44613e+20
-27.8598  7.57279e+20
-27.7425  7.74039e+20
-27.6252  7.94875e+20
-27.5079  8.19588e+20
-27.3906  8.47205e+20
-27.2733  8.76729e+20
-27.156  9.07244e+20
-27.0387  9.37482e+20
-26.9214  9.67063e+20
-26.8041  9.95832e+20
-26.6868  1.02421e+21
-26.5695  1.05273e+21
-26.4522  1.08234e+21
-26.3349  1.11413e+21
-26.2176  1.14878e+21
-26.1003  1.18697e+21
-25.983  1.22867e+21
-25.8657  1.27365e+21
-25.7483  1.32137e+21
-25.631  1.37069e+21
-25.5137  1.42038e+21
-25.3964  1.46822e+21
-25.2791  1.51251e+21
-25.1618  1.55071e+21
-25.0445  1.58088e+21
-24.9272  1.60123e+21
-24.8099  1.61087e+21
-24.6926  1.60986e+21
-24.5753  1.59995e+21
-24.458  1.58331e+21
-24.3407  1.56399e+21
-24.2234  1.54607e+21
-24.1061  1.5339e+21
-23.9888  1.53131e+21
-23.8715  1.54096e+21
-23.7542  1.5644e+21
-23.6369  1.60169e+21
-23.5196  1.65156e+21
-23.4023  1.7119e+21
-23.2849  1.77988e+21
-23.1676  1.85267e+21
-23.0503  1.92757e+21
-22.933  2.00235e+21
-22.8157  2.07555e+21
-22.6984  2.14626e+21
-22.5811  2.21475e+21
-22.4638  2.28229e+21
-22.3465  2.35061e+21
-22.2292  2.4228e+21
-22.1119  2.50198e+21
-21.9946  2.59128e+21
-21.8773  2.69359e+21
-21.76  2.81055e+21
-21.6427  2.94246e+21
-21.5254  3.08747e+21
-21.4081  3.24242e+21
-21.2908  3.40205e+21
-21.1735  3.56043e+21
-21.0561  3.71156e+21
-20.9388  3.84962e+21
-20.8215  3.97072e+21
-20.7042  4.07251e+21
-20.5869  4.15498e+21
-20.4696  4.22005e+21
-20.3523  4.27181e+21
-20.235  4.31506e+21
-20.1177  4.35582e+21
-20.0004  4.4002e+21
-19.8831  4.45385e+21
-19.7658  4.52162e+21
-19.6485  4.60758e+21
-19.5312  4.71464e+21
-19.4139  4.84372e+21
-19.2966  4.9943e+21
-19.1793  5.1646e+21
-19.062  5.35071e+21
-18.9447  5.5478e+21
-18.8274  5.75026e+21
-18.71  5.95232e+21
-18.5927  6.14864e+21
-18.4754  6.33533e+21
-18.3581  6.50958e+21
-18.2408  6.67155e+21
-18.1235  6.82215e+21
-18.0062  6.96422e+21
-17.8889  7.10151e+21
-17.7716  7.23845e+21
-17.6543  7.37905e+21
-17.537  7.52653e+21
-17.4197  7.6833e+21
-17.3024  7.85033e+21
-17.1851  8.02797e+21
-17.0678  8.21501e+21
-16.9505  8.41025e+21
-16.8332  8.61166e+21
-16.7159  8.81771e+21
-16.5986  9.02665e+21
-16.4813  9.23776e+21
-16.364  9.45056e+21
-16.2466  9.66489e+21
-16.1293  9.88141e+21
-16.012  1.0101e+22
-15.8947  1.03247e+22
-15.7774  1.05533e+22
-15.6601  1.07878e+22
-15.5428  1.10277e+22
-15.4255  1.12728e+22
-15.3082  1.15216e+22
-15.1909  1.1772e+22
-15.0736  1.20215e+22
-14.9563  1.22673e+22
-14.839  1.2507e+22
-14.7217  1.27382e+22
-14.6044  1.29588e+22
-14.4871  1.31688e+22
-14.3698  1.33674e+22
-14.2525  1.35556e+22
-14.1352  1.3735e+22
-14.0178  1.39076e+22
-13.9005  1.40757e+22
-13.7832  1.42422e+22
-13.6659  1.44088e+22
-13.5486  1.45788e+22
-13.4313  1.47525e+22
-13.314  1.49315e+22
-13.1967  1.5116e+22
-13.0794  1.53057e+22
-12.9621  1.55003e+22
-12.8448  1.5699e+22
-12.7275  1.59006e+22
-12.6102  1.61053e+22
-12.4929  1.63132e+22
-12.3756  1.65246e+22
-12.2583  1.67414e+22
-12.141  1.69651e+22
-12.0237  1.71978e+22
-11.9064  1.7441e+22
-11.7891  1.7697e+22
-11.6718  1.79665e+22
-11.5544  1.82496e+22
-11.4371  1.85459e+22
-11.3198  1.88533e+22
-11.2025  1.91694e+22
-11.0852  1.94913e+22
-10.9679  1.98146e+22
-10.8506  2.01358e+22
-10.7333  2.04502e+22
-10.616  2.07543e+22
-10.4987  2.10451e+22
-10.3814  2.13204e+22
-10.2641  2.15789e+22
-10.1468  2.18211e+22
-10.0295  2.20484e+22
-9.91217  2.22627e+22
-9.79487  2.24676e+22
-9.67756  2.26658e+22
-9.56026  2.28601e+22
-9.44295  2.30532e+22
-9.32565  2.32463e+22
-9.20834  2.344e+22
-9.09104  2.36334e+22
-8.97373  2.38252e+22
-8.85643  2.40143e+22
-8.73913  2.41975e+22
-8.62182  2.43741e+22
-8.50452  2.45428e+22
-8.38721  2.47029e+22
-8.26991  2.48552e+22
-8.1526  2.50008e+22
-8.03529  2.51408e+22
-7.91799  2.52779e+22
-7.80069  2.54148e+22
-7.68338  2.55532e+22
-7.56608  2.56956e+22
-7.44877  2.58437e+22
-7.33146  2.59982e+22
-7.21416  2.61592e+22
-7.09685  2.63265e+22
-6.97955  2.64987e+22
-6.86224  2.66748e+22
-6.74494  2.68531e+22
-6.62763  2.70316e+22
-6.51033  2.72093e+22
-6.39302  2.73855e+22
-6.27572  2.75596e+22
-6.15842  2.77325e+22
-6.04111  2.79046e+22
-5.92381  2.80774e+22
-5.8065  2.82529e+22
-5.68919  2.84327e+22
-5.57189  2.86185e+22
-5.45458  2.8811e+22
-5.33728  2.90117e+22
-5.21997  2.92197e+22
-5.10267  2.94343e+22
-4.98536  2.96534e+22
-4.86806  2.98745e+22
-4.75075  3.00946e+22
-4.63345  3.03107e+22
-4.51614  3.05207e+22
-4.39884  3.07224e+22
-4.28154  3.09157e+22
-4.16423  3.11011e+22
-4.04692  3.12801e+22
-3.92962  3.14558e+22
-3.81231  3.1631e+22
-3.69501  3.18084e+22
-3.5777  3.19899e+22
-3.4604  3.21763e+22
-3.34309  3.2367e+22
-3.22579  3.25595e+22
-3.10849  3.27511e+22
-2.99118  3.29368e+22
-2.87387  3.31113e+22
-2.75657  3.3269e+22
-2.63926  3.34036e+22
-2.52196  3.351e+22
-2.40465  3.35835e+22
-2.28735  3.36201e+22
-2.17005  3.36188e+22
-2.05274  3.35803e+22
-1.93544  3.35068e+22
-1.81813  3.34044e+22
-1.70083  3.32797e+22
-1.58352  3.31417e+22
-1.46622  3.29995e+22
-1.34891  3.28619e+22
-1.2316  3.27362e+22
-1.1143  3.26281e+22
-0.996995  3.25405e+22
-0.87969  3.24746e+22
-0.762385  3.24278e+22
-0.64508  3.23985e+22
-0.527775  3.23822e+22
-0.41047  3.23749e+22
-0.293165  3.23727e+22
-0.17586  3.23729e+22
-0.058555  3.23735e+22
0.05875  3.23728e+22
0.176055  3.23715e+22
0.29336  3.23699e+22
0.410665  3.2371e+22
0.52797  3.23767e+22
0.645275  3.23915e+22
0.76258  3.2419e+22
0.879885  3.24637e+22
0.99719  3.25277e+22
1.1145  3.2613e+22
1.2318  3.27185e+22
1.3491  3.28416e+22
1.46641  3.29762e+22
1.58371  3.31152e+22
1.70102  3.32499e+22
1.81832  3.33711e+22
1.93563  3.347e+22
2.05294  3.35395e+22
2.17024  3.35748e+22
2.28754  3.35729e+22
2.40485  3.35328e+22
2.52216  3.34563e+22
2.63946  3.33471e+22
2.75677  3.32095e+22
2.87407  3.30493e+22
2.99137  3.28722e+22
3.10868  3.26839e+22
3.22599  3.24899e+22
3.34329  3.22945e+22
3.4606  3.21014e+22
3.5779  3.19124e+22
3.69521  3.17282e+22
3.81251  3.15485e+22
3.92982  3.13704e+22
4.04712  3.11918e+22
4.16443  3.10101e+22
4.28173  3.08219e+22
4.39903  3.0626e+22
4.51634  3.04217e+22
4.63364  3.02098e+22
4.75095  2.99913e+22
4.86825  2.97693e+22
4.98556  2.95463e+22
5.10286  2.93261e+22
5.22017  2.91099e+22
5.33748  2.89006e+22
5.45478  2.86988e+22
5.57209  2.85051e+22
5.68939  2.8318e+22
5.8067  2.81371e+22
5.924  2.79602e+22
6.0413  2.77861e+22
6.15861  2.76127e+22
6.27591  2.74384e+22
6.39322  2.72629e+22
6.51052  2.70853e+22
6.62783  2.69061e+22
6.74514  2.67261e+22
6.86244  2.65468e+22
6.97975  2.63696e+22
7.09705  2.61962e+22
7.21436  2.6028e+22
7.33166  2.58659e+22
7.44897  2.57107e+22
7.56627  2.5562e+22
7.68358  2.54186e+22
7.80088  2.52792e+22
7.91819  2.51414e+22
8.03549  2.5003e+22
8.1528  2.48615e+22
8.2701  2.47146e+22
8.38741  2.45608e+22
8.50471  2.43988e+22
8.62202  2.42282e+22
8.73932  2.40494e+22
8.85662  2.38641e+22
8.97393  2.3673e+22
9.09123  2.34788e+22
9.20854  2.32833e+22
9.32584  2.30876e+22
9.44315  2.28924e+22
9.56045  2.26973e+22
9.67776  2.25011e+22
9.79506  2.23014e+22
9.91237  2.20948e+22
10.0297  2.18791e+22
10.147  2.16508e+22
10.2643  2.14075e+22
10.3816  2.11483e+22
10.4989  2.08725e+22
10.6162  2.05813e+22
10.7335  2.0277e+22
10.8508  1.99628e+22
10.9681  1.96419e+22
11.0854  1.93189e+22
11.2027  1.89976e+22
11.32  1.86819e+22
11.4373  1.8375e+22
11.5546  1.80796e+22
11.6719  1.77968e+22
11.7893  1.75279e+22
11.9066  1.72727e+22
12.0239  1.70295e+22
12.1412  1.67974e+22
12.2585  1.65741e+22
12.3758  1.63578e+22
12.4931  1.61466e+22
12.6104  1.59391e+22
12.7277  1.57348e+22
12.845  1.55334e+22
12.9623  1.53353e+22
13.0796  1.51412e+22
13.1969  1.49516e+22
13.3142  1.47678e+22
13.4315  1.45891e+22
13.5488  1.44159e+22
13.6661  1.42467e+22
13.7834  1.40803e+22
13.9007  1.39145e+22
14.018  1.37466e+22
14.1354  1.35745e+22
14.2527  1.33954e+22
14.37  1.32079e+22
14.4873  1.30098e+22
14.6046  1.28003e+22
14.7219  1.25803e+22
14.8392  1.235e+22
14.9565  1.2111e+22
15.0738  1.18662e+22
15.1911  1.16174e+22
15.3084  1.13681e+22
15.4257  1.11204e+22
15.543  1.08767e+22
15.6603  1.06379e+22
15.7776  1.0405e+22
15.8949  1.01777e+22
16.0122  9.95553e+21
16.1295  9.7376e+21
16.2468  9.52283e+21
16.3641  9.30997e+21
16.4815  9.09915e+21
16.5988  8.88997e+21
16.7161  8.68264e+21
16.8334  8.47858e+21
16.9507  8.27913e+21
17.068  8.08597e+21
17.1853  7.90084e+21
17.3026  7.72518e+21
17.4199  7.55994e+21
17.5372  7.40475e+21
17.6545  7.25889e+21
17.7718  7.1198e+21
17.8891  6.98391e+21
18.0064  6.8479e+21
18.1237  6.70704e+21
18.241  6.55755e+21
18.3583  6.39685e+21
18.4756  6.22371e+21
18.5929  6.0386e+21
18.7102  5.84389e+21
18.8275  5.64389e+21
18.9449  5.44358e+21
19.0622  5.24891e+21
19.1795  5.0654e+21
19.2968  4.89773e+21
19.4141  4.74976e+21
19.5314  4.62331e+21
19.6487  4.51875e+21
19.766  4.43513e+21
19.8833  4.36931e+21
20.0006  4.31771e+21
20.1179  4.27511e+21
20.2352  4.23602e+21
20.3525  4.19411e+21
20.4698  4.14378e+21
20.5871  4.07995e+21
20.7044  3.99875e+21
20.8217  3.89836e+21
20.939  3.77877e+21
21.0563  3.64214e+21
21.1736  3.49293e+21
21.291  3.33644e+21
21.4083  3.17899e+21
21.5256  3.02637e+21
21.6429  2.88364e+21
21.7602  2.75414e+21
21.8775  2.63942e+21
21.9948  2.53923e+21
22.1121  2.45195e+21
22.2294  2.37463e+21
22.3467  2.3042e+21
22.464  2.23735e+21
22.5813  2.1713e+21
22.6986  2.10419e+21
22.8159  2.03495e+21
22.9332  1.96318e+21
23.0505  1.88988e+21
23.1678  1.81642e+21
23.2851  1.74511e+21
23.4024  1.67869e+21
23.5198  1.61998e+21
23.6371  1.57171e+21
23.7544  1.53603e+21
23.8717  1.51408e+21
23.989  1.50586e+21
24.1063  1.50971e+21
24.2236  1.52297e+21
24.3409  1.54177e+21
24.4582  1.56183e+21
24.5755  1.57891e+21
24.6928  1.5894e+21
24.8101  1.59072e+21
24.9274  1.58142e+21
25.0447  1.56147e+21
25.162  1.5318e+21
25.2793  1.49413e+21
25.3966  1.45047e+21
25.5139  1.40316e+21
25.6312  1.35433e+21
25.7485  1.30581e+21
25.8658  1.25897e+21
25.9832  1.21473e+21
26.1005  1.17391e+21
26.2178  1.13662e+21
26.3351  1.10269e+21
26.4524  1.07164e+21
26.5697  1.04264e+21
26.687  1.01464e+21
26.8043  9.87018e+20
26.9216  9.58798e+20
27.0389  9.29584e+20
27.1562  8.997e+20
27.2735  8.6972e+20
27.3908  8.40434e+20
27.5081  8.13194e+20
27.6254  7.88933e+20
27.7427  7.68452e+20
27.86  7.52058e+20
27.9773  7.39613e+20
28.0946  7.30705e+20
28.212  7.24151e+20
28.3293  7.19104e+20
28.4466  7.14644e+20
28.5639  7.09869e+20
28.6812  7.04719e+20
28.7985  6.98726e+20
28.9158  6.92379e+20
29.0331  6.86149e+20
29.1504  6.80179e+20
29.2677  6.75378e+20
29.385  6.71738e+20
29.5023  6.69489e+20
29.6196  6.68491e+20
29.7369  6.68495e+20
29.8542  6.69019e+20
29.9715  6.69417e+20
30.0888  6.69054e+20
30.2061  6.67634e+20
30.3234  6.64959e+20
30.4407  6.61122e+20
30.558  6.56571e+20
30.6754  6.51895e+20
30.7927  6.48022e+20
30.91  6.46004e+20
31.0273  6.46742e+20
31.1446  6.51101e+20
31.2619  6.59499e+20
31.3792  6.72205e+20
31.4965  6.88905e+20
31.6138  7.08857e+20
31.7311  7.30635e+20
31.8484  7.5296e+20
31.9657  7.738e+20
32.083  7.90961e+20
32.2003  8.0259e+20
32.3176  8.06907e+20
32.4349  8.02487e+20
32.5522  7.88812e+20
32.6695  7.66031e+20
32.7868  7.35232e+20
32.9042  6.98002e+20
33.0215  6.57009e+20
33.1388  6.14705e+20
33.2561  5.73732e+20
33.3734  5.36406e+20
33.4907  5.04203e+20
33.608  4.78072e+20
33.7253  4.58065e+20
33.8426  4.4329e+20
33.9599  4.32812e+20
34.0772  4.25037e+20
34.1945  4.18625e+20
34.3118  4.12255e+20
34.4291  4.05226e+20
34.5464  3.97271e+20
34.6637  3.88626e+20
34.781  3.80023e+20
34.8983  3.72551e+20
35.0156  3.67502e+20
35.1329  3.66181e+20
35.2503  3.69673e+20
35.3676  3.78651e+20
35.4849  3.9319e+20
35.6022  4.12759e+20
35.7195  4.36022e+20
35.8368  4.61148e+20
35.9541  4.85921e+20
36.0714  5.08048e+20
36.1887  5.25312e+20
36.306  5.3627e+20
36.4233  5.39826e+20
36.5406  5.35969e+20
36.6579  5.25208e+20
36.7752  5.08812e+20
36.8925  4.88304e+20
37.0098  4.6546e+20
37.1271  4.41859e+20
37.2444  4.18841e+20
37.3617  3.97423e+20
37.479  3.7818e+20
37.5964  3.61319e+20
37.7137  3.46872e+20
37.831  3.34551e+20
37.9483  3.2409e+20
38.0656  3.15013e+20
38.1829  3.07053e+20
38.3002  2.9977e+20
38.4175  2.92946e+20
38.5348  2.86485e+20
38.6521  2.80439e+20
38.7694  2.75063e+20
38.8867  2.70737e+20
39.004  2.67867e+20
39.1213  2.66879e+20
39.2386  2.68065e+20
39.3559  2.7138e+20
39.4732  2.76441e+20
39.5905  2.82649e+20
39.7078  2.8924e+20
39.8251  2.95337e+20
39.9425  3.00122e+20
40.0598  3.03062e+20
40.1771  3.03885e+20
40.2944  3.02749e+20
40.4117  2.99893e+20
40.529  2.95817e+20
40.6463  2.91136e+20
40.7636  2.86242e+20
40.8809  2.81461e+20
40.9982  2.77127e+20
41.1155  2.73313e+20
41.2328  2.70087e+20
41.3501  2.67406e+20
41.4674  2.65256e+20
41.5847  2.63491e+20
41.702  2.61769e+20
41.8193  2.59764e+20
41.9366  2.56905e+20
42.0539  2.52734e+20
42.1712  2.46892e+20
42.2885  2.39316e+20
42.4059  2.30244e+20
42.5232  2.20475e+20
42.6405  2.11168e+20
42.7578  2.03589e+20
42.8751  1.99018e+20
42.9924  1.98322e+20
43.1097  2.01851e+20
43.227  2.0916e+20
43.3443  2.19263e+20
43.4616  2.30503e+20
43.5789  2.41106e+20
43.6962  2.49392e+20
43.8135  2.54096e+20
43.9308  2.5466e+20
44.0481  2.51022e+20
44.1654  2.43929e+20
44.2827  2.34633e+20
44.4  2.24537e+20
44.5173  2.15062e+20
44.6347  2.0748e+20
44.752  2.0274e+20
44.8693  2.01381e+20
44.9866  2.03693e+20
45.1039  2.09462e+20
45.2212  2.1821e+20
45.3385  2.29179e+20
45.4558  2.41259e+20
45.5731  2.53236e+20
45.6904  2.63696e+20
45.8077  2.71248e+20
45.925  2.74814e+20
46.0423  2.73726e+20
46.1596  2.67702e+20
46.2769  2.57077e+20
46.3942  2.42805e+20
46.5115  2.26094e+20
46.6288  2.08267e+20
46.7461  1.90652e+20
46.8634  1.74299e+20
46.9808  1.5978e+20
47.0981  1.47327e+20
47.2154  1.36877e+20
47.3327  1.28071e+20
47.45  1.20631e+20
47.5673  1.14307e+20
47.6846  1.09055e+20
47.8019  1.04839e+20
47.9192  1.01801e+20
48.0365  1.00021e+20
48.1538  9.9508e+19
48.2711  1.00154e+20
48.3884  1.0177e+20
48.5057  1.0413e+20
48.623  1.07019e+20
48.7403  1.10347e+20
48.8576  1.14155e+20
48.9749  1.1855e+20
49.0922  1.23707e+20
49.2095  1.29731e+20
49.3269  1.36588e+20
49.4442  1.44179e+20
49.5615  1.52159e+20
49.6788  1.6013e+20
49.7961  1.67602e+20
49.9134  1.74239e+20
50.0307  1.79634e+20
50.148  1.83604e+20
50.2653  1.86147e+20
50.3826  1.87249e+20
50.4999  1.87124e+20
50.6172  1.85975e+20
50.7345  1.84048e+20
50.8518  1.81576e+20
50.9691  1.78768e+20
51.0864  1.75863e+20
51.2037  1.72884e+20
51.321  1.69978e+20
51.4383  1.67025e+20
51.5556  1.63964e+20
51.673  1.6067e+20
51.7903  1.56997e+20
51.9076  1.52945e+20
52.0249  1.48531e+20
52.1422  1.44081e+20
52.2595  1.39957e+20
52.3768  1.36641e+20
52.4941  1.34608e+20
52.6114  1.34308e+20
52.7287  1.35889e+20
52.846  1.39274e+20
52.9633  1.44094e+20
53.0806  1.4965e+20
53.1979  1.55104e+20
53.3152  1.59531e+20
53.4325  1.62112e+20
53.5498  1.62337e+20
53.6671  1.59931e+20
53.7844  1.55142e+20
53.9017  1.48701e+20
54.0191  1.41614e+20
54.1364  1.3506e+20
54.2537  1.30295e+20
54.371  1.28261e+20
54.4883  1.29624e+20
54.6056  1.34422e+20
54.7229  1.4212e+20
54.8402  1.51798e+20
54.9575  1.62044e+20
55.0748  1.71433e+20
55.1921  1.78733e+20
55.3094  1.829e+20
55.4267  1.83582e+20
55.544  1.80832e+20
55.6613  1.75277e+20
55.7786  1.6771e+20
55.8959  1.59114e+20
56.0132  1.50332e+20
56.1305  1.41917e+20
56.2478  1.34114e+20
56.3651  1.26958e+20
56.4825  1.2015e+20
56.5998  1.135e+20
56.7171  1.06748e+20
56.8344  9.98544e+19
56.9517  9.29064e+19
57.069  8.60539e+19
57.1863  7.96978e+19
57.3036  7.40052e+19
57.4209  6.92064e+19
57.5382  6.54871e+19
57.6555  6.28976e+19
57.7728  6.16102e+19
57.8901  6.17674e+19
58.0074  6.36126e+19
58.1247  6.7304e+19
58.242  7.29851e+19
58.3593  8.06595e+19
58.4766  9.00476e+19
58.5939  1.0066e+20
