#S 1 spectral density
#N 2
#UFWHM 16.3054
#L  abscissas [um]  spectral density
-58.5938  1.12076e+20
-58.4764  1.15417e+20
-58.3591  1.18593e+20
-58.2418  1.21521e+20
-58.1245  1.23984e+20
-58.0072  1.25864e+20
-57.8899  1.27004e+20
-57.7726  1.27526e+20
-57.6553  1.2759e+20
-57.538  1.27538e+20
-57.4207  1.27736e+20
-57.3034  1.28548e+20
-57.1861  1.30108e+20
-57.0688  1.32522e+20
-56.9515  1.35521e+20
-56.8342  1.3881e+20
-56.7169  1.41784e+20
-56.5996  1.44114e+20
-56.4823  1.45318e+20
-56.365  1.45246e+20
-56.2477  1.43957e+20
-56.1303  1.41562e+20
-56.013  1.38361e+20
-55.8957  1.34662e+20
-55.7784  1.3078e+20
-55.6611  1.26911e+20
-55.5438  1.23111e+20
-55.4265  1.19559e+20
-55.3092  1.16269e+20
-55.1919  1.13289e+20
-55.0746  1.10821e+20
-54.9573  1.08926e+20
-54.84  1.07909e+20
-54.7227  1.07852e+20
-54.6054  1.09013e+20
-54.4881  1.11337e+20
-54.3708  1.14718e+20
-54.2535  1.18986e+20
-54.1362  1.23853e+20
-54.0189  1.28925e+20
-53.9016  1.33859e+20
-53.7842  1.38299e+20
-53.6669  1.41926e+20
-53.5496  1.44569e+20
-53.4323  1.46103e+20
-53.315  1.46538e+20
-53.1977  1.45928e+20
-53.0804  1.44538e+20
-52.9631  1.42539e+20
-52.8458  1.40218e+20
-52.7285  1.37856e+20
-52.6112  1.35686e+20
-52.4939  1.33873e+20
-52.3766  1.32688e+20
-52.2593  1.32323e+20
-52.142  1.33003e+20
-52.0247  1.34915e+20
-51.9074  1.38288e+20
-51.7901  1.43215e+20
-51.6728  1.49741e+20
-51.5555  1.57724e+20
-51.4381  1.66773e+20
-51.3208  1.76402e+20
-51.2035  1.8592e+20
-51.0862  1.94602e+20
-50.9689  2.01764e+20
-50.8516  2.06787e+20
-50.7343  2.09484e+20
-50.617  2.09684e+20
-50.4997  2.07523e+20
-50.3824  2.03447e+20
-50.2651  1.97731e+20
-50.1478  1.90995e+20
-50.0305  1.83586e+20
-49.9132  1.76099e+20
-49.7959  1.68864e+20
-49.6786  1.62274e+20
-49.5613  1.56698e+20
-49.444  1.52503e+20
-49.3267  1.49925e+20
-49.2094  1.49154e+20
-49.092  1.50176e+20
-48.9747  1.52783e+20
-48.8574  1.56554e+20
-48.7401  1.60944e+20
-48.6228  1.65272e+20
-48.5055  1.68897e+20
-48.3882  1.71384e+20
-48.2709  1.72368e+20
-48.1536  1.7183e+20
-48.0363  1.69911e+20
-47.919  1.66883e+20
-47.8017  1.63114e+20
-47.6844  1.59082e+20
-47.5671  1.55195e+20
-47.4498  1.51792e+20
-47.3325  1.49242e+20
-47.2152  1.47759e+20
-47.0979  1.47611e+20
-46.9806  1.48936e+20
-46.8633  1.51811e+20
-46.7459  1.56193e+20
-46.6286  1.61936e+20
-46.5113  1.68765e+20
-46.394  1.76199e+20
-46.2767  1.83855e+20
-46.1594  1.91176e+20
-46.0421  1.97895e+20
-45.9248  2.03593e+20
-45.8075  2.08088e+20
-45.6902  2.11403e+20
-45.5729  2.13357e+20
-45.4556  2.14053e+20
-45.3383  2.1353e+20
-45.221  2.1198e+20
-45.1037  2.09567e+20
-44.9864  2.0659e+20
-44.8691  2.03347e+20
-44.7518  2.00302e+20
-44.6345  1.97861e+20
-44.5172  1.96364e+20
-44.3998  1.96001e+20
-44.2825  1.96776e+20
-44.1652  1.98448e+20
-44.0479  2.00665e+20
-43.9306  2.02913e+20
-43.8133  2.04748e+20
-43.696  2.0589e+20
-43.5787  2.06251e+20
-43.4614  2.06033e+20
-43.3441  2.0553e+20
-43.2268  2.05114e+20
-43.1095  2.05126e+20
-42.9922  2.05818e+20
-42.8749  2.07147e+20
-42.7576  2.08886e+20
-42.6403  2.10802e+20
-42.523  2.12415e+20
-42.4057  2.13518e+20
-42.2884  2.13914e+20
-42.171  2.13632e+20
-42.0537  2.12841e+20
-41.9364  2.11799e+20
-41.8191  2.10802e+20
-41.7018  2.09966e+20
-41.5845  2.09541e+20
-41.4672  2.09497e+20
-41.3499  2.09975e+20
-41.2326  2.10987e+20
-41.1153  2.12679e+20
-40.998  2.15336e+20
-40.8807  2.19081e+20
-40.7634  2.24078e+20
-40.6461  2.30414e+20
-40.5288  2.37909e+20
-40.4115  2.46214e+20
-40.2942  2.54893e+20
-40.1769  2.63254e+20
-40.0596  2.7081e+20
-39.9423  2.77187e+20
-39.825  2.82161e+20
-39.7076  2.85794e+20
-39.5903  2.8827e+20
-39.473  2.89918e+20
-39.3557  2.91158e+20
-39.2384  2.92112e+20
-39.1211  2.92959e+20
-39.0038  2.93629e+20
-38.8865  2.94148e+20
-38.7692  2.94425e+20
-38.6519  2.94474e+20
-38.5346  2.9433e+20
-38.4173  2.94294e+20
-38.3  2.94604e+20
-38.1827  2.95469e+20
-38.0654  2.97007e+20
-37.9481  2.99309e+20
-37.8308  3.02093e+20
-37.7135  3.05184e+20
-37.5962  3.08219e+20
-37.4789  3.10954e+20
-37.3615  3.13132e+20
-37.2442  3.14775e+20
-37.1269  3.15845e+20
-37.0096  3.165e+20
-36.8923  3.16974e+20
-36.775  3.1731e+20
-36.6577  3.17663e+20
-36.5404  3.18067e+20
-36.4231  3.18469e+20
-36.3058  3.18918e+20
-36.1885  3.19287e+20
-36.0712  3.19561e+20
-35.9539  3.19827e+20
-35.8366  3.20096e+20
-35.7193  3.20319e+20
-35.602  3.20613e+20
-35.4847  3.2074e+20
-35.3674  3.20696e+20
-35.2501  3.20412e+20
-35.1328  3.19783e+20
-35.0154  3.18896e+20
-34.8981  3.17752e+20
-34.7808  3.16568e+20
-34.6635  3.15723e+20
-34.5462  3.15293e+20
-34.4289  3.15623e+20
-34.3116  3.16857e+20
-34.1943  3.19246e+20
-34.077  3.22836e+20
-33.9597  3.27767e+20
-33.8424  3.33952e+20
-33.7251  3.41592e+20
-33.6078  3.50544e+20
-33.4905  3.60656e+20
-33.3732  3.71679e+20
-33.2559  3.83237e+20
-33.1386  3.94753e+20
-33.0213  4.057e+20
-32.904  4.15509e+20
-32.7867  4.23796e+20
-32.6693  4.30142e+20
-32.552  4.34631e+20
-32.4347  4.37264e+20
-32.3174  4.38479e+20
-32.2001  4.38771e+20
-32.0828  4.38547e+20
-31.9655  4.38386e+20
-31.8482  4.38809e+20
-31.7309  4.40026e+20
-31.6136  4.42375e+20
-31.4963  4.45824e+20
-31.379  4.50338e+20
-31.2617  4.55729e+20
-31.1444  4.61698e+20
-31.0271  4.67759e+20
-30.9098  4.73563e+20
-30.7925  4.78564e+20
-30.6752  4.8233e+20
-30.5579  4.84488e+20
-30.4406  4.84876e+20
-30.3232  4.83492e+20
-30.2059  4.80468e+20
-30.0886  4.76114e+20
-29.9713  4.71149e+20
-29.854  4.65963e+20
-29.7367  4.61414e+20
-29.6194  4.58059e+20
-29.5021  4.56635e+20
-29.3848  4.57596e+20
-29.2675  4.61514e+20
-29.1502  4.6832e+20
-29.0329  4.78271e+20
-28.9156  4.90939e+20
-28.7983  5.05743e+20
-28.681  5.21915e+20
-28.5637  5.38422e+20
-28.4464  5.54185e+20
-28.3291  5.68253e+20
-28.2118  5.79831e+20
-28.0944  5.88579e+20
-27.9771  5.94197e+20
-27.8598  5.97109e+20
-27.7425  5.97662e+20
-27.6252  5.96548e+20
-27.5079  5.94526e+20
-27.3906  5.92061e+20
-27.2733  5.89768e+20
-27.156  5.88316e+20
-27.0387  5.87837e+20
-26.9214  5.89023e+20
-26.8041  5.92056e+20
-26.6868  5.97279e+20
-26.5695  6.04779e+20
-26.4522  6.14539e+20
-26.3349  6.26211e+20
-26.2176  6.3925e+20
-26.1003  6.53037e+20
-25.983  6.6665e+20
-25.8657  6.79349e+20
-25.7483  6.90765e+20
-25.631  7.00658e+20
-25.5137  7.09231e+20
-25.3964  7.16854e+20
-25.2791  7.24386e+20
-25.1618  7.32255e+20
-25.0445  7.41195e+20
-24.9272  7.51404e+20
-24.8099  7.63075e+20
-24.6926  7.76024e+20
-24.5753  7.90091e+20
-24.458  8.0466e+20
-24.3407  8.19679e+20
-24.2234  8.34756e+20
-24.1061  8.49602e+20
-23.9888  8.6415e+20
-23.8715  8.78138e+20
-23.7542  8.91507e+20
-23.6369  9.04247e+20
-23.5196  9.16454e+20
-23.4023  9.28468e+20
-23.2849  9.40641e+20
-23.1676  9.53778e+20
-23.0503  9.68408e+20
-22.933  9.8524e+20
-22.8157  1.00475e+21
-22.6984  1.02688e+21
-22.5811  1.05147e+21
-22.4638  1.07812e+21
-22.3465  1.10597e+21
-22.2292  1.13446e+21
-22.1119  1.16283e+21
-21.9946  1.19062e+21
-21.8773  1.21741e+21
-21.76  1.24307e+21
-21.6427  1.26744e+21
-21.5254  1.29031e+21
-21.4081  1.3119e+21
-21.2908  1.33191e+21
-21.1735  1.35038e+21
-21.0561  1.36776e+21
-20.9388  1.38437e+21
-20.8215  1.40075e+21
-20.7042  1.41792e+21
-20.5869  1.43658e+21
-20.4696  1.45716e+21
-20.3523  1.47992e+21
-20.235  1.50438e+21
-20.1177  1.52975e+21
-20.0004  1.55506e+21
-19.8831  1.57886e+21
-19.7658  1.60017e+21
-19.6485  1.61835e+21
-19.5312  1.63339e+21
-19.4139  1.64543e+21
-19.2966  1.65573e+21
-19.1793  1.66522e+21
-19.062  1.67519e+21
-18.9447  1.68678e+21
-18.8274  1.70082e+21
-18.71  1.71778e+21
-18.5927  1.73803e+21
-18.4754  1.76186e+21
-18.3581  1.78906e+21
-18.2408  1.81989e+21
-18.1235  1.85431e+21
-18.0062  1.89192e+21
-17.8889  1.93226e+21
-17.7716  1.97471e+21
-17.6543  2.01826e+21
-17.537  2.0618e+21
-17.4197  2.10423e+21
-17.3024  2.14466e+21
-17.1851  2.1825e+21
-17.0678  2.21775e+21
-16.9505  2.25077e+21
-16.8332  2.28236e+21
-16.7159  2.31419e+21
-16.5986  2.34743e+21
-16.4813  2.38361e+21
-16.364  2.42447e+21
-16.2466  2.47097e+21
-16.1293  2.52366e+21
-16.012  2.5837e+21
-15.8947  2.65122e+21
-15.7774  2.72634e+21
-15.6601  2.80914e+21
-15.5428  2.89933e+21
-15.4255  2.99663e+21
-15.3082  3.10094e+21
-15.1909  3.21137e+21
-15.0736  3.32786e+21
-14.9563  3.44999e+21
-14.839  3.57789e+21
-14.7217  3.71109e+21
-14.6044  3.85032e+21
-14.4871  3.99586e+21
-14.3698  4.14825e+21
-14.2525  4.30803e+21
-14.1352  4.4759e+21
-14.0178  4.65213e+21
-13.9005  4.83723e+21
-13.7832  5.0315e+21
-13.6659  5.23451e+21
-13.5486  5.44714e+21
-13.4313  5.66865e+21
-13.314  5.89899e+21
-13.1967  6.13791e+21
-13.0794  6.38506e+21
-12.9621  6.64041e+21
-12.8448  6.90349e+21
-12.7275  7.17422e+21
-12.6102  7.45257e+21
-12.4929  7.73906e+21
-12.3756  8.03366e+21
-12.2583  8.337e+21
-12.141  8.64935e+21
-12.0237  8.97158e+21
-11.9064  9.30356e+21
-11.7891  9.6458e+21
-11.6718  9.99841e+21
-11.5544  1.03612e+22
-11.4371  1.07333e+22
-11.3198  1.11147e+22
-11.2025  1.15046e+22
-11.0852  1.19025e+22
-10.9679  1.23077e+22
-10.8506  1.27198e+22
-10.7333  1.3138e+22
-10.616  1.35629e+22
-10.4987  1.39936e+22
-10.3814  1.44306e+22
-10.2641  1.48747e+22
-10.1468  1.53268e+22
-10.0295  1.57877e+22
-9.91217  1.62594e+22
-9.79487  1.67434e+22
-9.67756  1.72411e+22
-9.56026  1.77537e+22
-9.44295  1.82821e+22
-9.32565  1.88265e+22
-9.20834  1.93863e+22
-9.09104  1.99603e+22
-8.97373  2.0546e+22
-8.85643  2.11421e+22
-8.73913  2.17443e+22
-8.62182  2.23496e+22
-8.50452  2.29544e+22
-8.38721  2.35547e+22
-8.26991  2.41478e+22
-8.1526  2.47301e+22
-8.03529  2.52996e+22
-7.91799  2.58545e+22
-7.80069  2.63951e+22
-7.68338  2.69213e+22
-7.56608  2.74351e+22
-7.44877  2.79388e+22
-7.33146  2.84357e+22
-7.21416  2.8929e+22
-7.09685  2.94228e+22
-6.97955  2.99203e+22
-6.86224  3.04249e+22
-6.74494  3.09386e+22
-6.62763  3.14632e+22
-6.51033  3.19996e+22
-6.39302  3.25473e+22
-6.27572  3.31054e+22
-6.15842  3.3672e+22
-6.04111  3.42439e+22
-5.92381  3.48188e+22
-5.8065  3.53927e+22
-5.68919  3.59622e+22
-5.57189  3.65248e+22
-5.45458  3.70771e+22
-5.33728  3.76176e+22
-5.21997  3.81449e+22
-5.10267  3.86583e+22
-4.98536  3.91577e+22
-4.86806  3.9643e+22
-4.75075  4.0115e+22
-4.63345  4.0574e+22
-4.51614  4.10206e+22
-4.39884  4.14551e+22
-4.28154  4.18779e+22
-4.16423  4.22901e+22
-4.04692  4.26913e+22
-3.92962  4.30822e+22
-3.81231  4.3463e+22
-3.69501  4.38334e+22
-3.5777  4.41937e+22
-3.4604  4.45433e+22
-3.34309  4.48817e+22
-3.22579  4.52086e+22
-3.10849  4.55246e+22
-2.99118  4.58295e+22
-2.87387  4.61243e+22
-2.75657  4.64097e+22
-2.63926  4.66868e+22
-2.52196  4.69561e+22
-2.40465  4.72181e+22
-2.28735  4.74716e+22
-2.17005  4.77162e+22
-2.05274  4.79498e+22
-1.93544  4.81701e+22
-1.81813  4.83749e+22
-1.70083  4.85618e+22
-1.58352  4.87289e+22
-1.46622  4.88749e+22
-1.34891  4.89987e+22
-1.2316  4.91004e+22
-1.1143  4.91804e+22
-0.996995  4.92398e+22
-0.87969  4.92808e+22
-0.762385  4.93049e+22
-0.64508  4.93163e+22
-0.527775  4.9318e+22
-0.41047  4.93138e+22
-0.293165  4.93075e+22
-0.17586  4.93022e+22
-0.058555  4.93007e+22
0.05875  4.93039e+22
0.176055  4.9312e+22
0.29336  4.93235e+22
0.410665  4.93363e+22
0.52797  4.93465e+22
0.645275  4.93508e+22
0.76258  4.93453e+22
0.879885  4.93265e+22
0.99719  4.92912e+22
1.1145  4.92371e+22
1.2318  4.91623e+22
1.3491  4.90657e+22
1.46641  4.89468e+22
1.58371  4.88057e+22
1.70102  4.86435e+22
1.81832  4.84615e+22
1.93563  4.82616e+22
2.05294  4.8046e+22
2.17024  4.78175e+22
2.28754  4.75781e+22
2.40485  4.73293e+22
2.52216  4.70725e+22
2.63946  4.68083e+22
2.75677  4.65363e+22
2.87407  4.62559e+22
2.99137  4.59664e+22
3.10868  4.56665e+22
3.22599  4.53558e+22
3.34329  4.5034e+22
3.4606  4.47006e+22
3.5779  4.43564e+22
3.69521  4.40014e+22
3.81251  4.36361e+22
3.92982  4.32602e+22
4.04712  4.28743e+22
4.16443  4.24779e+22
4.28173  4.20703e+22
4.39903  4.16515e+22
4.51634  4.1221e+22
4.63364  4.07783e+22
4.75095  4.03227e+22
4.86825  3.9854e+22
4.98556  3.93715e+22
5.10286  3.88753e+22
5.22017  3.8364e+22
5.33748  3.78391e+22
5.45478  3.73009e+22
5.57209  3.67505e+22
5.68939  3.61905e+22
5.8067  3.56228e+22
5.924  3.50511e+22
6.0413  3.44786e+22
6.15861  3.39089e+22
6.27591  3.33445e+22
6.39322  3.27888e+22
6.51052  3.22433e+22
6.62783  3.17093e+22
6.74514  3.11864e+22
6.86244  3.06747e+22
6.97975  3.0172e+22
7.09705  2.96757e+22
7.21436  2.91829e+22
7.33166  2.86901e+22
7.44897  2.81937e+22
7.56627  2.769e+22
7.68358  2.7176e+22
7.80088  2.66491e+22
7.91819  2.61077e+22
8.03549  2.55517e+22
8.1528  2.49806e+22
8.2701  2.4397e+22
8.38741  2.38028e+22
8.50471  2.32006e+22
8.62202  2.25943e+22
8.73932  2.19873e+22
8.85662  2.13831e+22
8.97393  2.07854e+22
9.09123  2.01971e+22
9.20854  1.96211e+22
9.32584  1.90589e+22
9.44315  1.85121e+22
9.56045  1.79811e+22
9.67776  1.74657e+22
9.79506  1.69654e+22
9.91237  1.6478e+22
10.0297  1.6003e+22
10.147  1.55385e+22
10.2643  1.50828e+22
10.3816  1.46352e+22
10.4989  1.41942e+22
10.6162  1.37595e+22
10.7335  1.33309e+22
10.8508  1.29087e+22
10.9681  1.24924e+22
11.0854  1.20832e+22
11.2027  1.16811e+22
11.32  1.12872e+22
11.4373  1.09016e+22
11.5546  1.05252e+22
11.6719  1.01583e+22
11.7893  9.80159e+21
11.9066  9.45489e+21
12.0239  9.11852e+21
12.1412  8.79223e+21
12.2585  8.47548e+21
12.3758  8.16799e+21
12.4931  7.86917e+21
12.6104  7.57858e+21
12.7277  7.29599e+21
12.845  7.02087e+21
12.9623  6.7538e+21
13.0796  6.49457e+21
13.1969  6.24317e+21
13.3142  6.00039e+21
13.4315  5.76618e+21
13.5488  5.54064e+21
13.6661  5.32428e+21
13.7834  5.11708e+21
13.9007  4.91916e+21
14.018  4.73017e+21
14.1354  4.55025e+21
14.2527  4.37879e+21
14.37  4.21548e+21
14.4873  4.05972e+21
14.6046  3.91077e+21
14.7219  3.76834e+21
14.8392  3.63193e+21
14.9565  3.50107e+21
15.0738  3.37628e+21
15.1911  3.25702e+21
15.3084  3.1441e+21
15.4257  3.03751e+21
15.543  2.93806e+21
15.6603  2.84578e+21
15.7776  2.76105e+21
15.8949  2.68407e+21
16.0122  2.615e+21
16.1295  2.55336e+21
16.2468  2.49889e+21
16.3641  2.45099e+21
16.4815  2.4088e+21
16.5988  2.37096e+21
16.7161  2.33638e+21
16.8334  2.30332e+21
16.9507  2.27023e+21
17.068  2.23601e+21
17.1853  2.19966e+21
17.3026  2.16073e+21
17.4199  2.11932e+21
17.5372  2.07579e+21
17.6545  2.03157e+21
17.7718  1.98742e+21
17.8891  1.9443e+21
18.0064  1.90353e+21
18.1237  1.86566e+21
18.241  1.83084e+21
18.3583  1.79977e+21
18.4756  1.77218e+21
18.5929  1.74823e+21
18.7102  1.72772e+21
18.8275  1.71067e+21
18.9449  1.69658e+21
19.0622  1.68492e+21
19.1795  1.67484e+21
19.2968  1.66529e+21
19.4141  1.65488e+21
19.5314  1.64261e+21
19.6487  1.62743e+21
19.766  1.60921e+21
19.8833  1.58772e+21
20.0006  1.56394e+21
20.1179  1.53862e+21
20.2352  1.51332e+21
20.3525  1.48895e+21
20.4698  1.46631e+21
20.5871  1.44584e+21
20.7044  1.42741e+21
20.8217  1.41034e+21
20.939  1.3939e+21
21.0563  1.37737e+21
21.1736  1.36006e+21
21.291  1.34136e+21
21.4083  1.3214e+21
21.5256  1.2998e+21
21.6429  1.27671e+21
21.7602  1.25226e+21
21.8775  1.22654e+21
21.9948  1.1996e+21
22.1121  1.17178e+21
22.2294  1.14318e+21
22.3467  1.11468e+21
22.464  1.08669e+21
22.5813  1.05997e+21
22.6986  1.03528e+21
22.8159  1.01317e+21
22.9332  9.93579e+20
23.0505  9.76719e+20
23.1678  9.61896e+20
23.2851  9.48636e+20
23.4024  9.36257e+20
23.5198  9.24097e+20
23.6371  9.11641e+20
23.7544  8.98696e+20
23.8717  8.85042e+20
23.989  8.70892e+20
24.1063  8.5608e+20
24.2236  8.40943e+20
24.3409  8.25644e+20
24.4582  8.1041e+20
24.5755  7.9552e+20
24.6928  7.8136e+20
24.8101  7.68191e+20
24.9274  7.56343e+20
25.0447  7.45952e+20
25.162  7.36878e+20
25.2793  7.28789e+20
25.3966  7.2116e+20
25.5139  7.13248e+20
25.6312  7.04451e+20
25.7485  6.94313e+20
25.8658  6.82713e+20
25.9832  6.6968e+20
26.1005  6.5592e+20
26.2178  6.41945e+20
26.3351  6.2874e+20
26.4524  6.1691e+20
26.5697  6.07066e+20
26.687  5.99425e+20
26.8043  5.94245e+20
26.9216  5.91138e+20
27.0389  5.89957e+20
27.1562  5.90287e+20
27.2735  5.91783e+20
27.3908  5.93951e+20
27.5081  5.96414e+20
27.6254  5.98419e+20
27.7427  5.99523e+20
27.86  5.98831e+20
27.9773  5.9581e+20
28.0946  5.90057e+20
28.212  5.81246e+20
28.3293  5.6946e+20
28.4466  5.55346e+20
28.5639  5.39435e+20
28.6812  5.23002e+20
28.7985  5.06813e+20
28.9158  4.92012e+20
29.0331  4.7944e+20
29.1504  4.6959e+20
29.2677  4.62832e+20
29.385  4.5913e+20
29.5023  4.58265e+20
29.6196  4.59802e+20
29.7369  4.63262e+20
29.8542  4.6795e+20
29.9715  4.7314e+20
30.0888  4.78274e+20
30.2061  4.8256e+20
30.3234  4.85598e+20
30.4407  4.87018e+20
30.558  4.86643e+20
30.6754  4.8447e+20
30.7927  4.80697e+20
30.91  4.75648e+20
31.0273  4.69913e+20
31.1446  4.63823e+20
31.2619  4.57902e+20
31.3792  4.52507e+20
31.4965  4.48106e+20
31.6138  4.44688e+20
31.7311  4.42411e+20
31.8484  4.41164e+20
31.9657  4.40798e+20
32.083  4.40908e+20
32.2003  4.41126e+20
32.3176  4.40809e+20
32.4349  4.39566e+20
32.5522  4.36783e+20
32.6695  4.32193e+20
32.7868  4.25701e+20
32.9042  4.17339e+20
33.0215  4.07351e+20
33.1388  3.96367e+20
33.2561  3.84746e+20
33.3734  3.73217e+20
33.4907  3.62152e+20
33.608  3.5201e+20
33.7253  3.43092e+20
33.8426  3.35451e+20
33.9599  3.29236e+20
34.0772  3.24356e+20
34.1945  3.2079e+20
34.3118  3.1839e+20
34.4291  3.17125e+20
34.5464  3.16783e+20
34.6637  3.17109e+20
34.781  3.1803e+20
34.8983  3.19055e+20
35.0156  3.20088e+20
35.1329  3.20923e+20
35.2503  3.21444e+20
35.3676  3.217e+20
35.4849  3.21614e+20
35.6022  3.21331e+20
35.7195  3.21101e+20
35.8368  3.20796e+20
35.9541  3.20493e+20
36.0714  3.20197e+20
36.1887  3.19912e+20
36.306  3.19567e+20
36.4233  3.19162e+20
36.5406  3.18716e+20
36.6579  3.18331e+20
36.7752  3.17975e+20
36.8925  3.1765e+20
37.0098  3.17182e+20
37.1271  3.16534e+20
37.2444  3.15414e+20
37.3617  3.13761e+20
37.479  3.11519e+20
37.5964  3.08743e+20
37.7137  3.05637e+20
37.831  3.02576e+20
37.9483  2.99767e+20
38.0656  2.97527e+20
38.1829  2.95994e+20
38.3002  2.95132e+20
38.4175  2.94884e+20
38.5348  2.94914e+20
38.6521  2.95053e+20
38.7694  2.95062e+20
38.8867  2.94849e+20
39.004  2.94343e+20
39.1213  2.93671e+20
39.2386  2.92856e+20
39.3559  2.91897e+20
39.4732  2.90801e+20
39.5905  2.89099e+20
39.7078  2.86593e+20
39.8251  2.82948e+20
39.9425  2.77937e+20
40.0598  2.71553e+20
40.1771  2.63934e+20
40.2944  2.55491e+20
40.4117  2.46894e+20
40.529  2.38583e+20
40.6463  2.3109e+20
40.7636  2.24792e+20
40.8809  2.19816e+20
40.9982  2.16114e+20
41.1155  2.1353e+20
41.2328  2.11812e+20
41.3501  2.10793e+20
41.4674  2.10334e+20
41.5847  2.10373e+20
41.702  2.10802e+20
41.8193  2.11633e+20
41.9366  2.12652e+20
42.0539  2.13706e+20
42.1712  2.14479e+20
42.2885  2.14724e+20
42.4059  2.14298e+20
42.5232  2.13184e+20
42.6405  2.11551e+20
42.7578  2.09643e+20
42.8751  2.07884e+20
42.9924  2.06545e+20
43.1097  2.0589e+20
43.227  2.0585e+20
43.3443  2.06251e+20
43.4616  2.06754e+20
43.5789  2.06965e+20
43.6962  2.06519e+20
43.8135  2.05307e+20
43.9308  2.03386e+20
44.0481  2.01116e+20
44.1654  1.98945e+20
44.2827  1.97247e+20
44.4  1.96488e+20
44.5173  1.96871e+20
44.6347  1.98376e+20
44.752  2.00858e+20
44.8693  2.03906e+20
44.9866  2.07112e+20
45.1039  2.10125e+20
45.2212  2.12532e+20
45.3385  2.14044e+20
45.4558  2.14504e+20
45.5731  2.13755e+20
45.6904  2.11745e+20
45.8077  2.08461e+20
45.925  2.03866e+20
46.0423  1.98081e+20
46.1596  1.91336e+20
46.2769  1.83939e+20
46.3942  1.76254e+20
46.5115  1.68793e+20
46.6288  1.61995e+20
46.7461  1.56284e+20
46.8634  1.51911e+20
46.9808  1.49078e+20
47.0981  1.47805e+20
47.2154  1.48001e+20
47.3327  1.49526e+20
47.45  1.52121e+20
47.5673  1.55564e+20
47.6846  1.59449e+20
47.8019  1.635e+20
47.9192  1.67252e+20
48.0365  1.70268e+20
48.1538  1.72195e+20
48.2711  1.727e+20
48.3884  1.71656e+20
48.5057  1.69126e+20
48.623  1.65431e+20
48.7403  1.61128e+20
48.8576  1.56789e+20
48.9749  1.53034e+20
49.0922  1.50492e+20
49.2095  1.49549e+20
49.3269  1.50371e+20
49.4442  1.53044e+20
49.5615  1.57313e+20
49.6788  1.62943e+20
49.7961  1.69585e+20
49.9134  1.76901e+20
50.0307  1.84424e+20
50.148  1.91769e+20
50.2653  1.98505e+20
50.3826  2.04146e+20
50.4999  2.08223e+20
50.6172  2.10262e+20
50.7345  2.09946e+20
50.8518  2.07174e+20
50.9691  2.0201e+20
51.0864  1.94791e+20
51.2037  1.86055e+20
51.321  1.76527e+20
51.4383  1.66916e+20
51.5556  1.57873e+20
51.673  1.49967e+20
51.7903  1.43498e+20
51.9076  1.38619e+20
52.0249  1.35307e+20
52.1422  1.33445e+20
52.2595  1.32825e+20
52.3768  1.33193e+20
52.4941  1.34393e+20
52.6114  1.36194e+20
52.7287  1.38366e+20
52.846  1.40727e+20
52.9633  1.42993e+20
53.0806  1.4495e+20
53.1979  1.46272e+20
53.3152  1.46767e+20
53.4325  1.46302e+20
53.5498  1.44689e+20
53.6671  1.41974e+20
53.7844  1.38321e+20
53.9017  1.33862e+20
54.0191  1.2888e+20
54.1364  1.23827e+20
54.2537  1.18984e+20
54.371  1.14762e+20
54.4883  1.11413e+20
54.6056  1.09187e+20
54.7229  1.08098e+20
54.8402  1.08146e+20
54.9575  1.09207e+20
55.0748  1.1109e+20
55.1921  1.13614e+20
55.3094  1.1658e+20
55.4267  1.19864e+20
55.544  1.2341e+20
55.6613  1.2716e+20
55.7786  1.3104e+20
55.8959  1.34918e+20
56.0132  1.38584e+20
56.1305  1.41767e+20
56.2478  1.44138e+20
56.3651  1.45415e+20
56.4825  1.4544e+20
56.5998  1.44194e+20
56.7171  1.41881e+20
56.8344  1.38884e+20
56.9517  1.35643e+20
57.069  1.32666e+20
57.1863  1.30307e+20
57.3036  1.28773e+20
57.4209  1.28004e+20
57.5382  1.27833e+20
57.6555  1.27884e+20
57.7728  1.27828e+20
57.8901  1.27258e+20
58.0074  1.26049e+20
58.1247  1.24179e+20
58.242  1.21677e+20
58.3593  1.18722e+20
58.4766  1.15551e+20
58.5939  1.12201e+20
