#S 1 spectral density
#N 2
#UFWHM 26.0417
#L  abscissas [um]  spectral density
-58.5938  6.66187e+19
-58.4764  6.20171e+19
-58.3591  5.96187e+19
-58.2418  5.93555e+19
-58.1245  6.08377e+19
-58.0072  6.35801e+19
-57.8899  6.70236e+19
-57.7726  7.0745e+19
-57.6553  7.45694e+19
-57.538  7.85857e+19
-57.4207  8.30505e+19
-57.3034  8.83283e+19
-57.1861  9.47391e+19
-57.0688  1.02361e+20
-56.9515  1.11058e+20
-56.8342  1.20385e+20
-56.7169  1.2984e+20
-56.5996  1.38695e+20
-56.4823  1.46548e+20
-56.365  1.53089e+20
-56.2477  1.58307e+20
-56.1303  1.62375e+20
-56.013  1.65783e+20
-55.8957  1.68834e+20
-55.7784  1.71916e+20
-55.6611  1.75023e+20
-55.5438  1.78078e+20
-55.4265  1.80785e+20
-55.3092  1.82722e+20
-55.1919  1.83383e+20
-55.0746  1.82516e+20
-54.9573  1.79825e+20
-54.84  1.75415e+20
-54.7227  1.69375e+20
-54.6054  1.62183e+20
-54.4881  1.54301e+20
-54.3708  1.46267e+20
-54.2535  1.38716e+20
-54.1362  1.32201e+20
-54.0189  1.27285e+20
-53.9016  1.24353e+20
-53.7842  1.2373e+20
-53.6669  1.25537e+20
-53.5496  1.29768e+20
-53.4323  1.36182e+20
-53.315  1.44448e+20
-53.1977  1.54032e+20
-53.0804  1.64409e+20
-52.9631  1.75054e+20
-52.8458  1.85438e+20
-52.7285  1.95186e+20
-52.6112  2.04094e+20
-52.4939  2.1201e+20
-52.3766  2.18983e+20
-52.2593  2.25044e+20
-52.142  2.30405e+20
-52.0247  2.35092e+20
-51.9074  2.39153e+20
-51.7901  2.42377e+20
-51.6728  2.44655e+20
-51.5555  2.45528e+20
-51.4381  2.44574e+20
-51.3208  2.41437e+20
-51.2035  2.35777e+20
-51.0862  2.27677e+20
-50.9689  2.17337e+20
-50.8516  2.054e+20
-50.7343  1.92628e+20
-50.617  1.8002e+20
-50.4997  1.68518e+20
-50.3824  1.5879e+20
-50.2651  1.51287e+20
-50.1478  1.46054e+20
-50.0305  1.42779e+20
-49.9132  1.40874e+20
-49.7959  1.39588e+20
-49.6786  1.38263e+20
-49.5613  1.3641e+20
-49.444  1.33853e+20
-49.3267  1.3073e+20
-49.2094  1.27453e+20
-49.092  1.24728e+20
-48.9747  1.23265e+20
-48.8574  1.23946e+20
-48.7401  1.2752e+20
-48.6228  1.34584e+20
-48.5055  1.45533e+20
-48.3882  1.60542e+20
-48.2709  1.79388e+20
-48.1536  2.01461e+20
-48.0363  2.2582e+20
-47.919  2.51187e+20
-47.8017  2.75993e+20
-47.6844  2.98558e+20
-47.5671  3.1735e+20
-47.4498  3.31221e+20
-47.3325  3.39295e+20
-47.2152  3.41646e+20
-47.0979  3.38718e+20
-46.9806  3.31514e+20
-46.8633  3.21542e+20
-46.7459  3.10315e+20
-46.6286  2.99314e+20
-46.5113  2.89648e+20
-46.394  2.82189e+20
-46.2767  2.77281e+20
-46.1594  2.74949e+20
-46.0421  2.74843e+20
-45.9248  2.76425e+20
-45.8075  2.78962e+20
-45.6902  2.81511e+20
-45.5729  2.83305e+20
-45.4556  2.83359e+20
-45.3383  2.81011e+20
-45.221  2.75661e+20
-45.1037  2.67148e+20
-44.9864  2.55813e+20
-44.8691  2.42367e+20
-44.7518  2.27942e+20
-44.6345  2.14024e+20
-44.5172  2.02091e+20
-44.3998  1.93453e+20
-44.2825  1.8884e+20
-44.1652  1.88503e+20
-44.0479  1.92154e+20
-43.9306  1.98868e+20
-43.8133  2.07502e+20
-43.696  2.16932e+20
-43.5787  2.26124e+20
-43.4614  2.3441e+20
-43.3441  2.41711e+20
-43.2268  2.48231e+20
-43.1095  2.54548e+20
-42.9922  2.61258e+20
-42.8749  2.69087e+20
-42.7576  2.78462e+20
-42.6403  2.89728e+20
-42.523  3.02918e+20
-42.4057  3.17939e+20
-42.2884  3.34458e+20
-42.171  3.52125e+20
-42.0537  3.70557e+20
-41.9364  3.89254e+20
-41.8191  4.0767e+20
-41.7018  4.25091e+20
-41.5845  4.41091e+20
-41.4672  4.55177e+20
-41.3499  4.67059e+20
-41.2326  4.76595e+20
-41.1153  4.84028e+20
-40.998  4.89624e+20
-40.8807  4.93767e+20
-40.7634  4.96673e+20
-40.6461  4.9854e+20
-40.5288  4.9906e+20
-40.4115  4.97798e+20
-40.2942  4.94277e+20
-40.1769  4.87565e+20
-40.0596  4.77272e+20
-39.9423  4.63302e+20
-39.825  4.4591e+20
-39.7076  4.25955e+20
-39.5903  4.04847e+20
-39.473  3.84041e+20
-39.3557  3.65254e+20
-39.2384  3.49991e+20
-39.1211  3.39407e+20
-39.0038  3.34336e+20
-38.8865  3.34994e+20
-38.7692  3.41273e+20
-38.6519  3.52704e+20
-38.5346  3.68292e+20
-38.4173  3.86922e+20
-38.3  4.0727e+20
-38.1827  4.27842e+20
-38.0654  4.47185e+20
-37.9481  4.63894e+20
-37.8308  4.76842e+20
-37.7135  4.8527e+20
-37.5962  4.88859e+20
-37.4789  4.88046e+20
-37.3615  4.83634e+20
-37.2442  4.76971e+20
-37.1269  4.69919e+20
-37.0096  4.63891e+20
-36.8923  4.60719e+20
-36.775  4.61456e+20
-36.6577  4.66826e+20
-36.5404  4.76827e+20
-36.4231  4.90923e+20
-36.3058  5.08233e+20
-36.1885  5.27432e+20
-36.0712  5.47036e+20
-35.9539  5.65625e+20
-35.8366  5.81845e+20
-35.7193  5.94856e+20
-35.602  6.04006e+20
-35.4847  6.09005e+20
-35.3674  6.10328e+20
-35.2501  6.08742e+20
-35.1328  6.05279e+20
-35.0154  6.01601e+20
-34.8981  5.99233e+20
-34.7808  5.99671e+20
-34.6635  6.03919e+20
-34.5462  6.12707e+20
-34.4289  6.25731e+20
-34.3116  6.42307e+20
-34.1943  6.61009e+20
-34.077  6.80267e+20
-33.9597  6.98365e+20
-33.8424  7.13697e+20
-33.7251  7.25316e+20
-33.6078  7.32935e+20
-33.4905  7.36911e+20
-33.3732  7.38271e+20
-33.2559  7.384e+20
-33.1386  7.39293e+20
-33.0213  7.42561e+20
-32.904  7.49678e+20
-32.7867  7.62058e+20
-32.6693  7.79894e+20
-32.552  8.03156e+20
-32.4347  8.31183e+20
-32.3174  8.62231e+20
-32.2001  8.94716e+20
-32.0828  9.2618e+20
-31.9655  9.54527e+20
-31.8482  9.77751e+20
-31.7309  9.94008e+20
-31.6136  1.00249e+21
-31.4963  1.00278e+21
-31.379  9.95397e+20
-31.2617  9.81228e+20
-31.1444  9.61944e+20
-31.0271  9.39291e+20
-30.9098  9.15064e+20
-30.7925  8.91044e+20
-30.6752  8.68473e+20
-30.5579  8.48079e+20
-30.4406  8.30366e+20
-30.3232  8.15618e+20
-30.2059  8.03718e+20
-30.0886  7.94355e+20
-29.9713  7.87522e+20
-29.854  7.8321e+20
-29.7367  7.81642e+20
-29.6194  7.83337e+20
-29.5021  7.88806e+20
-29.3848  7.9871e+20
-29.2675  8.13848e+20
-29.1502  8.34289e+20
-29.0329  8.60321e+20
-28.9156  8.91473e+20
-28.7983  9.26846e+20
-28.681  9.65231e+20
-28.5637  1.00488e+21
-28.4464  1.04427e+21
-28.3291  1.08162e+21
-28.2118  1.11561e+21
-28.0944  1.14554e+21
-27.9771  1.17097e+21
-27.8598  1.19217e+21
-27.7425  1.20999e+21
-27.6252  1.22533e+21
-27.5079  1.23962e+21
-27.3906  1.25396e+21
-27.2733  1.26961e+21
-27.156  1.28778e+21
-27.0387  1.30891e+21
-26.9214  1.33379e+21
-26.8041  1.36236e+21
-26.6868  1.39441e+21
-26.5695  1.42896e+21
-26.4522  1.46491e+21
-26.3349  1.50102e+21
-26.2176  1.53578e+21
-26.1003  1.56826e+21
-25.983  1.59776e+21
-25.8657  1.62454e+21
-25.7483  1.65005e+21
-25.631  1.67615e+21
-25.5137  1.7058e+21
-25.3964  1.74165e+21
-25.2791  1.78654e+21
-25.1618  1.84229e+21
-25.0445  1.90976e+21
-24.9272  1.98837e+21
-24.8099  2.07615e+21
-24.6926  2.17031e+21
-24.5753  2.26743e+21
-24.458  2.36337e+21
-24.3407  2.45478e+21
-24.2234  2.53871e+21
-24.1061  2.61304e+21
-23.9888  2.67696e+21
-23.8715  2.73057e+21
-23.7542  2.77542e+21
-23.6369  2.81388e+21
-23.5196  2.84926e+21
-23.4023  2.88543e+21
-23.2849  2.92645e+21
-23.1676  2.976e+21
-23.0503  3.03711e+21
-22.933  3.11173e+21
-22.8157  3.19998e+21
-22.6984  3.30053e+21
-22.5811  3.4104e+21
-22.4638  3.52602e+21
-22.3465  3.64266e+21
-22.2292  3.7564e+21
-22.1119  3.86359e+21
-21.9946  3.96215e+21
-21.8773  4.05152e+21
-21.76  4.13246e+21
-21.6427  4.2074e+21
-21.5254  4.27935e+21
-21.4081  4.35241e+21
-21.2908  4.43038e+21
-21.1735  4.51719e+21
-21.0561  4.61618e+21
-20.9388  4.72953e+21
-20.8215  4.85911e+21
-20.7042  5.005e+21
-20.5869  5.1661e+21
-20.4696  5.33984e+21
-20.3523  5.52263e+21
-20.235  5.70878e+21
-20.1177  5.89259e+21
-20.0004  6.06793e+21
-19.8831  6.22914e+21
-19.7658  6.37163e+21
-19.6485  6.49266e+21
-19.5312  6.59209e+21
-19.4139  6.67117e+21
-19.2966  6.73346e+21
-19.1793  6.78458e+21
-19.062  6.83001e+21
-18.9447  6.87596e+21
-18.8274  6.9281e+21
-18.71  6.99138e+21
-18.5927  7.06923e+21
-18.4754  7.16427e+21
-18.3581  7.27747e+21
-18.2408  7.41e+21
-18.1235  7.56064e+21
-18.0062  7.72877e+21
-17.8889  7.91268e+21
-17.7716  8.11125e+21
-17.6543  8.32276e+21
-17.537  8.5458e+21
-17.4197  8.77897e+21
-17.3024  9.02152e+21
-17.1851  9.27279e+21
-17.0678  9.53178e+21
-16.9505  9.79799e+21
-16.8332  1.007e+22
-16.7159  1.0346e+22
-16.5986  1.06236e+22
-16.4813  1.08997e+22
-16.364  1.11705e+22
-16.2466  1.14318e+22
-16.1293  1.16797e+22
-16.012  1.19107e+22
-15.8947  1.2122e+22
-15.7774  1.23124e+22
-15.6601  1.24819e+22
-15.5428  1.26316e+22
-15.4255  1.27641e+22
-15.3082  1.28831e+22
-15.1909  1.29923e+22
-15.0736  1.30963e+22
-14.9563  1.3199e+22
-14.839  1.33044e+22
-14.7217  1.3415e+22
-14.6044  1.35324e+22
-14.4871  1.3658e+22
-14.3698  1.37909e+22
-14.2525  1.39302e+22
-14.1352  1.4074e+22
-14.0178  1.42204e+22
-13.9005  1.43672e+22
-13.7832  1.45129e+22
-13.6659  1.46559e+22
-13.5486  1.47973e+22
-13.4313  1.49365e+22
-13.314  1.5076e+22
-13.1967  1.52178e+22
-13.0794  1.53649e+22
-12.9621  1.55202e+22
-12.8448  1.56869e+22
-12.7275  1.5867e+22
-12.6102  1.6063e+22
-12.4929  1.62763e+22
-12.3756  1.65069e+22
-12.2583  1.67548e+22
-12.141  1.70187e+22
-12.0237  1.72963e+22
-11.9064  1.75849e+22
-11.7891  1.78816e+22
-11.6718  1.8183e+22
-11.5544  1.84861e+22
-11.4371  1.87885e+22
-11.3198  1.90876e+22
-11.2025  1.93821e+22
-11.0852  1.96716e+22
-10.9679  1.99553e+22
-10.8506  2.02336e+22
-10.7333  2.05067e+22
-10.616  2.07746e+22
-10.4987  2.10372e+22
-10.3814  2.12941e+22
-10.2641  2.15446e+22
-10.1468  2.17876e+22
-10.0295  2.20223e+22
-9.91217  2.22475e+22
-9.79487  2.2463e+22
-9.67756  2.2668e+22
-9.56026  2.28624e+22
-9.44295  2.30467e+22
-9.32565  2.32216e+22
-9.20834  2.3388e+22
-9.09104  2.35465e+22
-8.97373  2.36983e+22
-8.85643  2.38448e+22
-8.73913  2.39856e+22
-8.62182  2.4122e+22
-8.50452  2.4254e+22
-8.38721  2.43811e+22
-8.26991  2.4503e+22
-8.1526  2.46185e+22
-8.03529  2.47265e+22
-7.91799  2.48265e+22
-7.80069  2.49184e+22
-7.68338  2.50021e+22
-7.56608  2.5079e+22
-7.44877  2.51512e+22
-7.33146  2.52213e+22
-7.21416  2.52925e+22
-7.09685  2.53687e+22
-6.97955  2.54536e+22
-6.86224  2.55509e+22
-6.74494  2.56637e+22
-6.62763  2.57935e+22
-6.51033  2.59416e+22
-6.39302  2.61077e+22
-6.27572  2.62898e+22
-6.15842  2.64856e+22
-6.04111  2.66907e+22
-5.92381  2.69006e+22
-5.8065  2.7111e+22
-5.68919  2.73166e+22
-5.57189  2.75136e+22
-5.45458  2.76984e+22
-5.33728  2.78697e+22
-5.21997  2.80266e+22
-5.10267  2.81698e+22
-4.98536  2.83013e+22
-4.86806  2.84231e+22
-4.75075  2.85387e+22
-4.63345  2.86509e+22
-4.51614  2.87622e+22
-4.39884  2.88742e+22
-4.28154  2.89886e+22
-4.16423  2.91046e+22
-4.04692  2.92211e+22
-3.92962  2.93359e+22
-3.81231  2.94458e+22
-3.69501  2.95465e+22
-3.5777  2.96343e+22
-3.4604  2.97051e+22
-3.34309  2.9756e+22
-3.22579  2.97856e+22
-3.10849  2.97946e+22
-2.99118  2.9785e+22
-2.87387  2.97616e+22
-2.75657  2.97301e+22
-2.63926  2.96971e+22
-2.52196  2.96693e+22
-2.40465  2.96527e+22
-2.28735  2.96513e+22
-2.17005  2.96687e+22
-2.05274  2.97058e+22
-1.93544  2.97611e+22
-1.81813  2.98333e+22
-1.70083  2.99185e+22
-1.58352  3.00125e+22
-1.46622  3.01113e+22
-1.34891  3.02102e+22
-1.2316  3.03047e+22
-1.1143  3.03913e+22
-0.996995  3.04666e+22
-0.87969  3.0529e+22
-0.762385  3.05764e+22
-0.64508  3.06104e+22
-0.527775  3.06318e+22
-0.41047  3.06432e+22
-0.293165  3.06477e+22
-0.17586  3.06483e+22
-0.058555  3.06475e+22
0.05875  3.06465e+22
0.176055  3.06453e+22
0.29336  3.06425e+22
0.410665  3.06362e+22
0.52797  3.06227e+22
0.645275  3.05994e+22
0.76258  3.05637e+22
0.879885  3.05146e+22
0.99719  3.04508e+22
1.1145  3.03742e+22
1.2318  3.02864e+22
1.3491  3.01908e+22
1.46641  3.00907e+22
1.58371  2.99907e+22
1.70102  2.98952e+22
1.81832  2.98085e+22
1.93563  2.97348e+22
2.05294  2.96773e+22
2.17024  2.96384e+22
2.28754  2.96191e+22
2.40485  2.96178e+22
2.52216  2.96318e+22
2.63946  2.96568e+22
2.75677  2.96867e+22
2.87407  2.9715e+22
2.99137  2.97349e+22
3.10868  2.97409e+22
3.22599  2.97285e+22
3.34329  2.96956e+22
3.4606  2.96416e+22
3.5779  2.95679e+22
3.69521  2.94773e+22
3.81251  2.93743e+22
3.92982  2.92618e+22
4.04712  2.91448e+22
4.16443  2.90265e+22
4.28173  2.89084e+22
4.39903  2.87923e+22
4.51634  2.86783e+22
4.63364  2.85654e+22
4.75095  2.84514e+22
4.86825  2.83339e+22
4.98556  2.821e+22
5.10286  2.80771e+22
5.22017  2.79318e+22
5.33748  2.77733e+22
5.45478  2.76005e+22
5.57209  2.74144e+22
5.68939  2.72161e+22
5.8067  2.70095e+22
5.924  2.67984e+22
6.0413  2.65877e+22
6.15861  2.6382e+22
6.27591  2.61858e+22
6.39322  2.60033e+22
6.51052  2.58369e+22
6.62783  2.56882e+22
6.74514  2.55577e+22
6.86244  2.54444e+22
6.97975  2.53464e+22
7.09705  2.52602e+22
7.21436  2.51827e+22
7.33166  2.51099e+22
7.44897  2.50383e+22
7.56627  2.49642e+22
7.68358  2.48852e+22
7.80088  2.47993e+22
7.91819  2.47051e+22
8.03549  2.46028e+22
8.1528  2.44926e+22
8.2701  2.4375e+22
8.38741  2.4251e+22
8.50471  2.41221e+22
8.62202  2.39883e+22
8.73932  2.38498e+22
8.85662  2.37074e+22
8.97393  2.35596e+22
9.09123  2.34062e+22
9.20854  2.32463e+22
9.32584  2.30788e+22
9.44315  2.29024e+22
9.56045  2.27167e+22
9.67776  2.25208e+22
9.79506  2.23146e+22
9.91237  2.20976e+22
10.0297  2.1871e+22
10.147  2.1635e+22
10.2643  2.13907e+22
10.3816  2.1139e+22
10.4989  2.08809e+22
10.6162  2.06169e+22
10.7335  2.03481e+22
10.8508  2.00743e+22
10.9681  1.97951e+22
11.0854  1.95109e+22
11.2027  1.92212e+22
11.32  1.89264e+22
11.4373  1.86273e+22
11.5546  1.83255e+22
11.6719  1.80225e+22
11.7893  1.77218e+22
11.9066  1.74261e+22
12.0239  1.71381e+22
12.1412  1.68616e+22
12.2585  1.65989e+22
12.3758  1.63521e+22
12.4931  1.61223e+22
12.6104  1.591e+22
12.7277  1.57148e+22
12.845  1.55354e+22
12.9623  1.53694e+22
13.0796  1.52145e+22
13.1969  1.50677e+22
13.3142  1.49264e+22
13.4315  1.4787e+22
13.5488  1.46478e+22
13.6661  1.45068e+22
13.7834  1.43635e+22
13.9007  1.4218e+22
14.018  1.40712e+22
14.1354  1.39248e+22
14.2527  1.37809e+22
14.37  1.36417e+22
14.4873  1.35087e+22
14.6046  1.33832e+22
14.7219  1.32657e+22
14.8392  1.31553e+22
14.9565  1.30498e+22
15.0738  1.29471e+22
15.1911  1.2843e+22
15.3084  1.27335e+22
15.4257  1.26145e+22
15.543  1.2482e+22
15.6603  1.23321e+22
15.7776  1.21629e+22
15.8949  1.19725e+22
16.0122  1.17614e+22
16.1295  1.1531e+22
16.2468  1.12837e+22
16.3641  1.10229e+22
16.4815  1.07533e+22
16.5988  1.04785e+22
16.7161  1.02019e+22
16.8334  9.92728e+21
16.9507  9.65699e+21
17.068  9.39255e+21
17.1853  9.13524e+21
17.3026  8.88592e+21
17.4199  8.64528e+21
17.5372  8.41398e+21
17.6545  8.19307e+21
17.7718  7.98378e+21
17.8891  7.78721e+21
18.0064  7.60548e+21
18.1237  7.43951e+21
18.241  7.2909e+21
18.3583  7.16056e+21
18.4756  7.04899e+21
18.5929  6.95575e+21
18.7102  6.87938e+21
18.8275  6.81759e+21
18.9449  6.76651e+21
19.0622  6.72163e+21
19.1795  6.67698e+21
19.2968  6.62654e+21
19.4141  6.56474e+21
19.5314  6.48628e+21
19.6487  6.38748e+21
19.766  6.26725e+21
19.8833  6.12557e+21
20.0006  5.96559e+21
20.1179  5.7916e+21
20.2352  5.60956e+21
20.3525  5.42524e+21
20.4698  5.24467e+21
20.5871  5.07295e+21
20.7044  4.91401e+21
20.8217  4.77036e+21
20.939  4.64293e+21
21.0563  4.53132e+21
21.1736  4.43431e+21
21.291  4.34912e+21
21.4083  4.27263e+21
21.5256  4.20101e+21
21.6429  4.13029e+21
21.7602  4.05665e+21
21.8775  3.97686e+21
21.9948  3.88871e+21
22.1121  3.79137e+21
22.2294  3.6853e+21
22.3467  3.57309e+21
22.464  3.45791e+21
22.5813  3.34389e+21
22.6986  3.23565e+21
22.8159  3.13699e+21
22.9332  3.05048e+21
23.0505  2.97767e+21
23.1678  2.91808e+21
23.2851  2.87002e+21
23.4024  2.83039e+21
23.5198  2.7955e+21
23.6371  2.76125e+21
23.7544  2.72385e+21
23.8717  2.68007e+21
23.989  2.62743e+21
24.1063  2.5646e+21
24.2236  2.49141e+21
24.3409  2.40862e+21
24.4582  2.31856e+21
24.5755  2.22387e+21
24.6928  2.12837e+21
24.8101  2.03576e+21
24.9274  1.94961e+21
25.0447  1.87273e+21
25.162  1.80692e+21
25.2793  1.75279e+21
25.3966  1.70937e+21
25.5139  1.67483e+21
25.6312  1.64649e+21
25.7485  1.62147e+21
25.8658  1.59709e+21
25.9832  1.57103e+21
26.1005  1.54248e+21
26.2178  1.51095e+21
26.3351  1.47697e+21
26.4524  1.44178e+21
26.5697  1.40671e+21
26.687  1.37298e+21
26.8043  1.34202e+21
26.9216  1.31436e+21
27.0389  1.29033e+21
27.1562  1.26994e+21
27.2735  1.25263e+21
27.3908  1.23763e+21
27.5081  1.22401e+21
27.6254  1.21036e+21
27.7427  1.1956e+21
27.86  1.17833e+21
27.9773  1.15754e+21
28.0946  1.13266e+21
28.212  1.10324e+21
28.3293  1.06966e+21
28.4466  1.03281e+21
28.5639  9.93933e+20
28.6812  9.54862e+20
28.7985  9.1703e+20
28.9158  8.82224e+20
29.0331  8.51706e+20
29.1504  8.262e+20
29.2677  8.0626e+20
29.385  7.91746e+20
29.5023  7.82261e+20
29.6196  7.77183e+20
29.7369  7.75941e+20
29.8542  7.77935e+20
29.9715  7.82678e+20
30.0888  7.89785e+20
30.2061  7.99433e+20
30.3234  8.11679e+20
30.4407  8.26741e+20
30.558  8.44698e+20
30.6754  8.65319e+20
30.7927  8.88142e+20
30.91  9.12376e+20
31.0273  9.36625e+20
31.1446  9.59246e+20
31.2619  9.78416e+20
31.3792  9.92406e+20
31.4965  9.99767e+20
31.6138  9.99374e+20
31.7311  9.90625e+20
31.8484  9.74172e+20
31.9657  9.50939e+20
32.083  9.22451e+20
32.2003  8.90993e+20
32.3176  8.58714e+20
32.4349  8.27729e+20
32.5522  7.99963e+20
32.6695  7.76805e+20
32.7868  7.59183e+20
32.9042  7.47001e+20
33.0215  7.39906e+20
33.1388  7.36707e+20
33.2561  7.35782e+20
33.3734  7.35603e+20
33.4907  7.34105e+20
33.608  7.29962e+20
33.7253  7.22257e+20
33.8426  7.1037e+20
33.9599  6.94974e+20
34.0772  6.76858e+20
34.1945  6.57609e+20
34.3118  6.38881e+20
34.4291  6.22383e+20
34.5464  6.09528e+20
34.6637  6.00982e+20
34.781  5.96801e+20
34.8983  5.96453e+20
35.0156  5.98843e+20
35.1329  6.02486e+20
35.2503  6.05807e+20
35.3676  6.07391e+20
35.4849  6.05948e+20
35.6022  6.00763e+20
35.7195  5.91585e+20
35.8368  5.7847e+20
35.9541  5.62092e+20
36.0714  5.43549e+20
36.1887  5.2399e+20
36.306  5.04919e+20
36.4233  4.87702e+20
36.5406  4.73727e+20
36.6579  4.63878e+20
36.7752  4.58643e+20
36.8925  4.57978e+20
37.0098  4.61236e+20
37.1271  4.67209e+20
37.2444  4.74333e+20
37.3617  4.80878e+20
37.479  4.85227e+20
37.5964  4.85867e+20
37.7137  4.82142e+20
37.831  4.73612e+20
37.9483  4.60594e+20
38.0656  4.4382e+20
38.1829  4.24489e+20
38.3002  4.03953e+20
38.4175  3.83727e+20
38.5348  3.65172e+20
38.6521  3.49758e+20
38.7694  3.38516e+20
38.8867  3.32389e+20
39.004  3.31844e+20
39.1213  3.37074e+20
39.2386  3.47787e+20
39.3559  3.63182e+20
39.4732  3.82033e+20
39.5905  4.02816e+20
39.7078  4.23884e+20
39.8251  4.43711e+20
39.9425  4.60953e+20
40.0598  4.74803e+20
40.1771  4.84914e+20
40.2944  4.91493e+20
40.4117  4.94988e+20
40.529  4.96124e+20
40.6463  4.95528e+20
40.7636  4.9369e+20
40.8809  4.90679e+20
40.9982  4.86574e+20
41.1155  4.80953e+20
41.2328  4.73534e+20
41.3501  4.63917e+20
41.4674  4.52077e+20
41.5847  4.38017e+20
41.702  4.22038e+20
41.8193  4.04645e+20
41.9366  3.86353e+20
42.0539  3.67756e+20
42.1712  3.49435e+20
42.2885  3.31859e+20
42.4059  3.15459e+20
42.5232  3.00556e+20
42.6405  2.87504e+20
42.7578  2.76329e+20
42.8751  2.67027e+20
42.9924  2.59288e+20
43.1097  2.52627e+20
43.227  2.46367e+20
43.3443  2.3989e+20
43.4616  2.32621e+20
43.5789  2.24326e+20
43.6962  2.15184e+20
43.8135  2.0586e+20
43.9308  1.97319e+20
44.0481  1.9075e+20
44.1654  1.8725e+20
44.2827  1.87739e+20
44.4  1.92538e+20
44.5173  2.01373e+20
44.6347  2.13419e+20
44.752  2.2736e+20
44.8693  2.41716e+20
44.9866  2.55146e+20
45.1039  2.6642e+20
45.2212  2.74774e+20
45.3385  2.80037e+20
45.4558  2.82329e+20
45.5731  2.82171e+20
45.6904  2.80414e+20
45.8077  2.77818e+20
45.925  2.75362e+20
46.0423  2.73868e+20
46.1596  2.74088e+20
46.2769  2.7653e+20
46.3942  2.81557e+20
46.5115  2.89166e+20
46.6288  2.98887e+20
46.7461  3.09957e+20
46.8634  3.21209e+20
46.9808  3.31137e+20
47.0981  3.38208e+20
47.2154  3.4103e+20
47.3327  3.38505e+20
47.45  3.30178e+20
47.5673  3.16156e+20
47.6846  2.97216e+20
47.8019  2.74547e+20
47.9192  2.49711e+20
48.0365  2.24361e+20
48.1538  2.00058e+20
48.2711  1.78086e+20
48.3884  1.59413e+20
48.5057  1.44584e+20
48.623  1.3381e+20
48.7403  1.26921e+20
48.8576  1.23454e+20
48.9749  1.22889e+20
49.0922  1.24459e+20
49.2095  1.27283e+20
49.3269  1.30573e+20
49.4442  1.33743e+20
49.5615  1.36282e+20
49.6788  1.38129e+20
49.7961  1.39453e+20
49.9134  1.40724e+20
50.0307  1.42676e+20
50.148  1.45975e+20
50.2653  1.51236e+20
50.3826  1.58765e+20
50.4999  1.68501e+20
50.6172  1.80029e+20
50.7345  1.9262e+20
50.8518  2.05347e+20
50.9691  2.17206e+20
51.0864  2.27471e+20
51.2037  2.35481e+20
51.321  2.41029e+20
51.4383  2.44093e+20
51.5556  2.44979e+20
51.673  2.44031e+20
51.7903  2.41726e+20
51.9076  2.3843e+20
52.0249  2.34341e+20
52.1422  2.29629e+20
52.2595  2.24261e+20
52.3768  2.18195e+20
52.4941  2.1117e+20
52.6114  2.03245e+20
52.7287  1.9432e+20
52.846  1.84519e+20
52.9633  1.74121e+20
53.0806  1.63505e+20
53.1979  1.53144e+20
53.3152  1.43599e+20
53.4325  1.35411e+20
53.5498  1.29076e+20
53.6671  1.24925e+20
53.7844  1.23179e+20
53.9017  1.23883e+20
54.0191  1.26851e+20
54.1364  1.31838e+20
54.2537  1.38354e+20
54.371  1.45894e+20
54.4883  1.53882e+20
54.6056  1.61781e+20
54.7229  1.68918e+20
54.8402  1.74881e+20
54.9575  1.79273e+20
55.0748  1.8189e+20
55.1921  1.82766e+20
55.3094  1.8204e+20
55.4267  1.80139e+20
55.544  1.77445e+20
55.6613  1.7441e+20
55.7786  1.71322e+20
55.8959  1.68301e+20
56.0132  1.65269e+20
56.1305  1.6188e+20
56.2478  1.57733e+20
56.3651  1.52521e+20
56.4825  1.45936e+20
56.5998  1.38073e+20
56.7171  1.29148e+20
56.8344  1.19736e+20
56.9517  1.10431e+20
57.069  1.01752e+20
57.1863  9.41845e+19
57.3036  8.78366e+19
57.4209  8.25852e+19
57.5382  7.81511e+19
57.6555  7.4132e+19
57.7728  7.03025e+19
57.8901  6.65535e+19
58.0074  6.31281e+19
58.1247  6.04111e+19
58.242  5.89586e+19
58.3593  5.92871e+19
58.4766  6.17337e+19
58.5939  6.63942e+19
