#S 1 spectral density
#N 2
#UFWHM 56.7756
#L  abscissas [um]  spectral density
-58.5938  1.19884e+21
-58.4764  1.17914e+21
-58.3591  1.1619e+21
-58.2418  1.14782e+21
-58.1245  1.13762e+21
-58.0072  1.13135e+21
-57.8899  1.12874e+21
-57.7726  1.12961e+21
-57.6553  1.13329e+21
-57.538  1.13919e+21
-57.4207  1.147e+21
-57.3034  1.15597e+21
-57.1861  1.16567e+21
-57.0688  1.17563e+21
-56.9515  1.18534e+21
-56.8342  1.19462e+21
-56.7169  1.20327e+21
-56.5996  1.2116e+21
-56.4823  1.22019e+21
-56.365  1.22963e+21
-56.2477  1.2409e+21
-56.1303  1.25521e+21
-56.013  1.27309e+21
-55.8957  1.29524e+21
-55.7784  1.32119e+21
-55.6611  1.35072e+21
-55.5438  1.38264e+21
-55.4265  1.41552e+21
-55.3092  1.44786e+21
-55.1919  1.47794e+21
-55.0746  1.50454e+21
-54.9573  1.52681e+21
-54.84  1.54386e+21
-54.7227  1.55574e+21
-54.6054  1.5624e+21
-54.4881  1.5647e+21
-54.3708  1.56346e+21
-54.2535  1.55942e+21
-54.1362  1.55346e+21
-54.0189  1.54665e+21
-53.9016  1.53971e+21
-53.7842  1.53327e+21
-53.6669  1.52794e+21
-53.5496  1.52376e+21
-53.4323  1.52101e+21
-53.315  1.51955e+21
-53.1977  1.51915e+21
-53.0804  1.51979e+21
-52.9631  1.52103e+21
-52.8458  1.52267e+21
-52.7285  1.52481e+21
-52.6112  1.52722e+21
-52.4939  1.53009e+21
-52.3766  1.53378e+21
-52.2593  1.53869e+21
-52.142  1.54549e+21
-52.0247  1.5549e+21
-51.9074  1.56769e+21
-51.7901  1.58461e+21
-51.6728  1.60592e+21
-51.5555  1.63185e+21
-51.4381  1.66234e+21
-51.3208  1.69657e+21
-51.2035  1.73399e+21
-51.0862  1.77292e+21
-50.9689  1.81265e+21
-50.8516  1.85191e+21
-50.7343  1.8896e+21
-50.617  1.92517e+21
-50.4997  1.95785e+21
-50.3824  1.9876e+21
-50.2651  2.01426e+21
-50.1478  2.03746e+21
-50.0305  2.05741e+21
-49.9132  2.0737e+21
-49.7959  2.08669e+21
-49.6786  2.09653e+21
-49.5613  2.10334e+21
-49.444  2.10741e+21
-49.3267  2.1092e+21
-49.2094  2.10929e+21
-49.092  2.10796e+21
-48.9747  2.1058e+21
-48.8574  2.10283e+21
-48.7401  2.09934e+21
-48.6228  2.09543e+21
-48.5055  2.0913e+21
-48.3882  2.0873e+21
-48.2709  2.08362e+21
-48.1536  2.08075e+21
-48.0363  2.07937e+21
-47.919  2.07955e+21
-47.8017  2.08162e+21
-47.6844  2.08551e+21
-47.5671  2.09106e+21
-47.4498  2.09785e+21
-47.3325  2.10563e+21
-47.2152  2.11413e+21
-47.0979  2.12331e+21
-46.9806  2.13312e+21
-46.8633  2.14424e+21
-46.7459  2.15731e+21
-46.6286  2.1729e+21
-46.5113  2.19213e+21
-46.394  2.21527e+21
-46.2767  2.24324e+21
-46.1594  2.27624e+21
-46.0421  2.31421e+21
-45.9248  2.35686e+21
-45.8075  2.40324e+21
-45.6902  2.45243e+21
-45.5729  2.50272e+21
-45.4556  2.5521e+21
-45.3383  2.59872e+21
-45.221  2.64019e+21
-45.1037  2.67511e+21
-44.9864  2.70223e+21
-44.8691  2.72096e+21
-44.7518  2.7314e+21
-44.6345  2.73446e+21
-44.5172  2.7319e+21
-44.3998  2.72562e+21
-44.2825  2.7182e+21
-44.1652  2.71178e+21
-44.0479  2.70878e+21
-43.9306  2.71126e+21
-43.8133  2.72085e+21
-43.696  2.73899e+21
-43.5787  2.7664e+21
-43.4614  2.80348e+21
-43.3441  2.85013e+21
-43.2268  2.90508e+21
-43.1095  2.96675e+21
-42.9922  3.03263e+21
-42.8749  3.09983e+21
-42.7576  3.16489e+21
-42.6403  3.2248e+21
-42.523  3.27666e+21
-42.4057  3.3183e+21
-42.2884  3.34815e+21
-42.171  3.36635e+21
-42.0537  3.37349e+21
-41.9364  3.37084e+21
-41.8191  3.36095e+21
-41.7018  3.34569e+21
-41.5845  3.32792e+21
-41.4672  3.3099e+21
-41.3499  3.29382e+21
-41.2326  3.28144e+21
-41.1153  3.27408e+21
-40.998  3.27289e+21
-40.8807  3.27825e+21
-40.7634  3.29004e+21
-40.6461  3.30791e+21
-40.5288  3.33056e+21
-40.4115  3.35715e+21
-40.2942  3.38642e+21
-40.1769  3.41726e+21
-40.0596  3.4489e+21
-39.9423  3.48113e+21
-39.825  3.51446e+21
-39.7076  3.54964e+21
-39.5903  3.58821e+21
-39.473  3.63109e+21
-39.3557  3.67955e+21
-39.2384  3.73407e+21
-39.1211  3.79455e+21
-39.0038  3.8604e+21
-38.8865  3.92999e+21
-38.7692  4.00169e+21
-38.6519  4.07365e+21
-38.5346  4.14347e+21
-38.4173  4.20923e+21
-38.3  4.26921e+21
-38.1827  4.32203e+21
-38.0654  4.36644e+21
-37.9481  4.40202e+21
-37.8308  4.42866e+21
-37.7135  4.44668e+21
-37.5962  4.4566e+21
-37.4789  4.46022e+21
-37.3615  4.45927e+21
-37.2442  4.45557e+21
-37.1269  4.45189e+21
-37.0096  4.44981e+21
-36.8923  4.45155e+21
-36.775  4.45831e+21
-36.6577  4.471e+21
-36.5404  4.48984e+21
-36.4231  4.51441e+21
-36.3058  4.54434e+21
-36.1885  4.5787e+21
-36.0712  4.61659e+21
-35.9539  4.65725e+21
-35.8366  4.69971e+21
-35.7193  4.74392e+21
-35.602  4.78944e+21
-35.4847  4.83618e+21
-35.3674  4.884e+21
-35.2501  4.93292e+21
-35.1328  4.98292e+21
-35.0154  5.03394e+21
-34.8981  5.08619e+21
-34.7808  5.13889e+21
-34.6635  5.19178e+21
-34.5462  5.24408e+21
-34.4289  5.29483e+21
-34.3116  5.34301e+21
-34.1943  5.3874e+21
-34.077  5.4272e+21
-33.9597  5.46219e+21
-33.8424  5.49171e+21
-33.7251  5.51624e+21
-33.6078  5.53671e+21
-33.4905  5.55442e+21
-33.3732  5.5708e+21
-33.2559  5.58774e+21
-33.1386  5.60707e+21
-33.0213  5.63044e+21
-32.904  5.65892e+21
-32.7867  5.69386e+21
-32.6693  5.73592e+21
-32.552  5.78493e+21
-32.4347  5.84108e+21
-32.3174  5.90287e+21
-32.2001  5.96935e+21
-32.0828  6.03845e+21
-31.9655  6.10814e+21
-31.8482  6.17612e+21
-31.7309  6.2397e+21
-31.6136  6.29715e+21
-31.4963  6.34648e+21
-31.379  6.38652e+21
-31.2617  6.41654e+21
-31.1444  6.4364e+21
-31.0271  6.44712e+21
-30.9098  6.4497e+21
-30.7925  6.44584e+21
-30.6752  6.43724e+21
-30.5579  6.42596e+21
-30.4406  6.41384e+21
-30.3232  6.40292e+21
-30.2059  6.39512e+21
-30.0886  6.39119e+21
-29.9713  6.39254e+21
-29.854  6.39976e+21
-29.7367  6.41327e+21
-29.6194  6.43343e+21
-29.5021  6.46015e+21
-29.3848  6.49368e+21
-29.2675  6.53465e+21
-29.1502  6.58271e+21
-29.0329  6.6383e+21
-28.9156  6.70153e+21
-28.7983  6.77233e+21
-28.681  6.85018e+21
-28.5637  6.93449e+21
-28.4464  7.02407e+21
-28.3291  7.11769e+21
-28.2118  7.21345e+21
-28.0944  7.3099e+21
-27.9771  7.40544e+21
-27.8598  7.49808e+21
-27.7425  7.58681e+21
-27.6252  7.66951e+21
-27.5079  7.74526e+21
-27.3906  7.81289e+21
-27.2733  7.87158e+21
-27.156  7.92128e+21
-27.0387  7.96163e+21
-26.9214  7.99408e+21
-26.8041  8.01949e+21
-26.6868  8.03974e+21
-26.5695  8.05633e+21
-26.4522  8.07111e+21
-26.3349  8.08589e+21
-26.2176  8.10159e+21
-26.1003  8.11897e+21
-25.983  8.13806e+21
-25.8657  8.15874e+21
-25.7483  8.18072e+21
-25.631  8.20393e+21
-25.5137  8.22867e+21
-25.3964  8.25425e+21
-25.2791  8.28122e+21
-25.1618  8.30968e+21
-25.0445  8.3397e+21
-24.9272  8.3714e+21
-24.8099  8.40447e+21
-24.6926  8.43896e+21
-24.5753  8.4752e+21
-24.458  8.51255e+21
-24.3407  8.5514e+21
-24.2234  8.59186e+21
-24.1061  8.634e+21
-23.9888  8.67756e+21
-23.8715  8.72243e+21
-23.7542  8.76782e+21
-23.6369  8.81322e+21
-23.5196  8.85748e+21
-23.4023  8.90029e+21
-23.2849  8.94122e+21
-23.1676  8.98012e+21
-23.0503  9.01782e+21
-22.933  9.05442e+21
-22.8157  9.09107e+21
-22.6984  9.12876e+21
-22.5811  9.16832e+21
-22.4638  9.2109e+21
-22.3465  9.25665e+21
-22.2292  9.30684e+21
-22.1119  9.36145e+21
-21.9946  9.42074e+21
-21.8773  9.4842e+21
-21.76  9.55104e+21
-21.6427  9.62018e+21
-21.5254  9.68942e+21
-21.4081  9.75649e+21
-21.2908  9.81848e+21
-21.1735  9.87283e+21
-21.0561  9.91758e+21
-20.9388  9.95158e+21
-20.8215  9.9752e+21
-20.7042  9.9886e+21
-20.5869  9.99402e+21
-20.4696  9.99377e+21
-20.3523  9.99051e+21
-20.235  9.98676e+21
-20.1177  9.98445e+21
-20.0004  9.98526e+21
-19.8831  9.99064e+21
-19.7658  1.00007e+22
-19.6485  1.0016e+22
-19.5312  1.00366e+22
-19.4139  1.00626e+22
-19.2966  1.00934e+22
-19.1793  1.01288e+22
-19.062  1.01676e+22
-18.9447  1.0209e+22
-18.8274  1.02513e+22
-18.71  1.02936e+22
-18.5927  1.03349e+22
-18.4754  1.03748e+22
-18.3581  1.0414e+22
-18.2408  1.04531e+22
-18.1235  1.04937e+22
-18.0062  1.05378e+22
-17.8889  1.05867e+22
-17.7716  1.06419e+22
-17.6543  1.07036e+22
-17.537  1.07719e+22
-17.4197  1.08456e+22
-17.3024  1.0923e+22
-17.1851  1.1002e+22
-17.0678  1.10802e+22
-16.9505  1.11562e+22
-16.8332  1.12276e+22
-16.7159  1.12932e+22
-16.5986  1.13515e+22
-16.4813  1.14018e+22
-16.364  1.14438e+22
-16.2466  1.14772e+22
-16.1293  1.15034e+22
-16.012  1.15224e+22
-15.8947  1.15357e+22
-15.7774  1.15449e+22
-15.6601  1.15515e+22
-15.5428  1.1557e+22
-15.4255  1.15627e+22
-15.3082  1.15693e+22
-15.1909  1.15776e+22
-15.0736  1.1587e+22
-14.9563  1.1597e+22
-14.839  1.16069e+22
-14.7217  1.16155e+22
-14.6044  1.16218e+22
-14.4871  1.16253e+22
-14.3698  1.16252e+22
-14.2525  1.16216e+22
-14.1352  1.16146e+22
-14.0178  1.1605e+22
-13.9005  1.15939e+22
-13.7832  1.15826e+22
-13.6659  1.15733e+22
-13.5486  1.1567e+22
-13.4313  1.15658e+22
-13.314  1.1571e+22
-13.1967  1.15837e+22
-13.0794  1.16046e+22
-12.9621  1.16333e+22
-12.8448  1.16698e+22
-12.7275  1.17131e+22
-12.6102  1.17619e+22
-12.4929  1.18151e+22
-12.3756  1.18711e+22
-12.2583  1.19295e+22
-12.141  1.19893e+22
-12.0237  1.20502e+22
-11.9064  1.21118e+22
-11.7891  1.21739e+22
-11.6718  1.2237e+22
-11.5544  1.23006e+22
-11.4371  1.23658e+22
-11.3198  1.24315e+22
-11.2025  1.24977e+22
-11.0852  1.25635e+22
-10.9679  1.26279e+22
-10.8506  1.26893e+22
-10.7333  1.2746e+22
-10.616  1.27958e+22
-10.4987  1.28371e+22
-10.3814  1.28677e+22
-10.2641  1.28864e+22
-10.1468  1.28928e+22
-10.0295  1.28871e+22
-9.91217  1.28701e+22
-9.79487  1.28443e+22
-9.67756  1.28119e+22
-9.56026  1.27764e+22
-9.44295  1.27409e+22
-9.32565  1.27082e+22
-9.20834  1.26815e+22
-9.09104  1.26625e+22
-8.97373  1.26532e+22
-8.85643  1.26533e+22
-8.73913  1.2663e+22
-8.62182  1.26813e+22
-8.50452  1.27061e+22
-8.38721  1.27354e+22
-8.26991  1.27663e+22
-8.1526  1.27967e+22
-8.03529  1.28241e+22
-7.91799  1.28465e+22
-7.80069  1.2863e+22
-7.68338  1.2873e+22
-7.56608  1.28777e+22
-7.44877  1.28784e+22
-7.33146  1.28774e+22
-7.21416  1.28769e+22
-7.09685  1.28797e+22
-6.97955  1.28883e+22
-6.86224  1.29042e+22
-6.74494  1.29297e+22
-6.62763  1.29644e+22
-6.51033  1.30082e+22
-6.39302  1.30598e+22
-6.27572  1.31173e+22
-6.15842  1.31776e+22
-6.04111  1.32376e+22
-5.92381  1.32938e+22
-5.8065  1.33432e+22
-5.68919  1.33826e+22
-5.57189  1.34102e+22
-5.45458  1.34249e+22
-5.33728  1.34268e+22
-5.21997  1.34169e+22
-5.10267  1.33975e+22
-4.98536  1.33709e+22
-4.86806  1.33403e+22
-4.75075  1.33085e+22
-4.63345  1.32776e+22
-4.51614  1.32503e+22
-4.39884  1.32275e+22
-4.28154  1.32105e+22
-4.16423  1.31987e+22
-4.04692  1.31923e+22
-3.92962  1.319e+22
-3.81231  1.31904e+22
-3.69501  1.31916e+22
-3.5777  1.31915e+22
-3.4604  1.31881e+22
-3.34309  1.318e+22
-3.22579  1.31655e+22
-3.10849  1.31448e+22
-2.99118  1.31183e+22
-2.87387  1.30883e+22
-2.75657  1.30574e+22
-2.63926  1.30291e+22
-2.52196  1.30066e+22
-2.40465  1.29929e+22
-2.28735  1.29906e+22
-2.17005  1.30009e+22
-2.05274  1.30252e+22
-1.93544  1.30623e+22
-1.81813  1.31114e+22
-1.70083  1.3171e+22
-1.58352  1.32393e+22
-1.46622  1.33139e+22
-1.34891  1.33927e+22
-1.2316  1.34732e+22
-1.1143  1.35529e+22
-0.996995  1.36294e+22
-0.87969  1.37004e+22
-0.762385  1.37638e+22
-0.64508  1.38183e+22
-0.527775  1.38629e+22
-0.41047  1.38976e+22
-0.293165  1.39226e+22
-0.17586  1.39386e+22
-0.058555  1.39462e+22
0.05875  1.39455e+22
0.176055  1.3937e+22
0.29336  1.39199e+22
0.410665  1.38941e+22
0.52797  1.38584e+22
0.645275  1.38131e+22
0.76258  1.37583e+22
0.879885  1.36946e+22
0.99719  1.36236e+22
1.1145  1.3547e+22
1.2318  1.34675e+22
1.3491  1.33874e+22
1.46641  1.33089e+22
1.58371  1.32346e+22
1.70102  1.31664e+22
1.81832  1.31068e+22
1.93563  1.30575e+22
2.05294  1.30203e+22
2.17024  1.2996e+22
2.28754  1.2985e+22
2.40485  1.29868e+22
2.52216  1.29996e+22
2.63946  1.30217e+22
2.75677  1.30494e+22
2.87407  1.30794e+22
2.99137  1.31086e+22
3.10868  1.31344e+22
3.22599  1.31545e+22
3.34329  1.31685e+22
3.4606  1.31766e+22
3.5779  1.31797e+22
3.69521  1.31796e+22
3.81251  1.31784e+22
3.92982  1.3178e+22
4.04712  1.31803e+22
4.16443  1.31867e+22
4.28173  1.31982e+22
4.39903  1.32152e+22
4.51634  1.32376e+22
4.63364  1.32647e+22
4.75095  1.32948e+22
4.86825  1.33262e+22
4.98556  1.33561e+22
5.10286  1.3382e+22
5.22017  1.34006e+22
5.33748  1.34097e+22
5.45478  1.34071e+22
5.57209  1.33917e+22
5.68939  1.33634e+22
5.8067  1.33234e+22
5.924  1.32737e+22
6.0413  1.32172e+22
6.15861  1.3157e+22
6.27591  1.30967e+22
6.39322  1.30391e+22
6.51052  1.29875e+22
6.62783  1.29436e+22
6.74514  1.29089e+22
6.86244  1.28836e+22
6.97975  1.28672e+22
7.09705  1.28585e+22
7.21436  1.28551e+22
7.33166  1.28553e+22
7.44897  1.2856e+22
7.56627  1.28546e+22
7.68358  1.28493e+22
7.80088  1.28385e+22
7.91819  1.28214e+22
8.03549  1.27984e+22
8.1528  1.27707e+22
8.2701  1.27398e+22
8.38741  1.27084e+22
8.50471  1.2679e+22
8.62202  1.26539e+22
8.73932  1.26357e+22
8.85662  1.26258e+22
8.97393  1.26256e+22
9.09123  1.2635e+22
9.20854  1.26538e+22
9.32584  1.26806e+22
9.44315  1.27129e+22
9.56045  1.27482e+22
9.67776  1.27833e+22
9.79506  1.28152e+22
9.91237  1.28404e+22
10.0297  1.28566e+22
10.147  1.28618e+22
10.2643  1.28546e+22
10.3816  1.28351e+22
10.4989  1.28038e+22
10.6162  1.27618e+22
10.7335  1.27114e+22
10.8508  1.26542e+22
10.9681  1.25924e+22
11.0854  1.25275e+22
11.2027  1.24615e+22
11.32  1.2395e+22
11.4373  1.23291e+22
11.5546  1.22641e+22
11.6719  1.22001e+22
11.7893  1.21372e+22
11.9066  1.20747e+22
12.0239  1.20132e+22
12.1412  1.19524e+22
12.2585  1.18923e+22
12.3758  1.18338e+22
12.4931  1.17773e+22
12.6104  1.17238e+22
12.7277  1.16746e+22
12.845  1.1631e+22
12.9623  1.1594e+22
13.0796  1.15646e+22
13.1969  1.15433e+22
13.3142  1.153e+22
13.4315  1.15242e+22
13.5488  1.15248e+22
13.6661  1.15305e+22
13.7834  1.15394e+22
13.9007  1.15502e+22
14.018  1.1561e+22
14.1354  1.15701e+22
14.2527  1.15769e+22
14.37  1.15802e+22
14.4873  1.158e+22
14.6046  1.15764e+22
14.7219  1.15697e+22
14.8392  1.1561e+22
14.9565  1.1551e+22
15.0738  1.15408e+22
15.1911  1.15312e+22
15.3084  1.15228e+22
15.4257  1.15159e+22
15.543  1.15099e+22
15.6603  1.15042e+22
15.7776  1.14972e+22
15.8949  1.14879e+22
16.0122  1.14743e+22
16.1295  1.14552e+22
16.2468  1.1429e+22
16.3641  1.13953e+22
16.4815  1.13534e+22
16.5988  1.13029e+22
16.7161  1.12446e+22
16.8334  1.11791e+22
16.9507  1.11076e+22
17.068  1.10316e+22
17.1853  1.09529e+22
17.3026  1.08736e+22
17.4199  1.07959e+22
17.5372  1.07219e+22
17.6545  1.06531e+22
17.7718  1.05907e+22
17.8891  1.0535e+22
18.0064  1.04853e+22
18.1237  1.04406e+22
18.241  1.03992e+22
18.3583  1.03595e+22
18.4756  1.03198e+22
18.5929  1.02794e+22
18.7102  1.02378e+22
18.8275  1.01953e+22
18.9449  1.01529e+22
19.0622  1.01116e+22
19.1795  1.00728e+22
19.2968  1.00376e+22
19.4141  1.00068e+22
19.5314  9.98104e+21
19.6487  9.96045e+21
19.766  9.94502e+21
19.8833  9.93484e+21
20.0006  9.92932e+21
20.1179  9.92815e+21
20.2352  9.92991e+21
20.3525  9.9332e+21
20.4698  9.93586e+21
20.5871  9.93559e+21
20.7044  9.92952e+21
20.8217  9.91547e+21
20.939  9.89146e+21
21.0563  9.85698e+21
21.1736  9.81198e+21
21.291  9.75736e+21
21.4083  9.69545e+21
21.5256  9.62874e+21
21.6429  9.55984e+21
21.7602  9.49112e+21
21.8775  9.42455e+21
21.9948  9.36136e+21
22.1121  9.30256e+21
22.2294  9.24826e+21
22.3467  9.19824e+21
22.464  9.15237e+21
22.5813  9.10985e+21
22.6986  9.06994e+21
22.8159  9.03197e+21
22.9332  8.99491e+21
23.0505  8.95784e+21
23.1678  8.91976e+21
23.2851  8.8803e+21
23.4024  8.83898e+21
23.5198  8.79564e+21
23.6371  8.75089e+21
23.7544  8.70516e+21
23.8717  8.65937e+21
23.989  8.61432e+21
24.1063  8.57043e+21
24.2236  8.52813e+21
24.3409  8.48757e+21
24.4582  8.44844e+21
24.5755  8.41096e+21
24.6928  8.37481e+21
24.8101  8.34017e+21
24.9274  8.30687e+21
25.0447  8.27515e+21
25.162  8.24509e+21
25.2793  8.21673e+21
25.3966  8.18968e+21
25.5139  8.16411e+21
25.6312  8.13959e+21
25.7485  8.11642e+21
25.8658  8.09455e+21
25.9832  8.07399e+21
26.1005  8.05516e+21
26.2178  8.03818e+21
26.3351  8.02281e+21
26.4524  8.00829e+21
26.5697  7.99363e+21
26.687  7.97719e+21
26.8043  7.95731e+21
26.9216  7.93206e+21
27.0389  7.89968e+21
27.1562  7.85917e+21
27.2735  7.8095e+21
27.3908  7.75056e+21
27.5081  7.68274e+21
27.6254  7.60679e+21
27.7427  7.52381e+21
27.86  7.43499e+21
27.9773  7.34203e+21
28.0946  7.24646e+21
28.212  7.14971e+21
28.3293  7.0538e+21
28.4466  6.96012e+21
28.5639  6.87051e+21
28.6812  6.78625e+21
28.7985  6.70844e+21
28.9158  6.6378e+21
29.0331  6.57489e+21
29.1504  6.51942e+21
29.2677  6.4717e+21
29.385  6.43126e+21
29.5023  6.39798e+21
29.6196  6.37141e+21
29.7369  6.3516e+21
29.8542  6.3384e+21
29.9715  6.33151e+21
30.0888  6.33024e+21
30.2061  6.3342e+21
30.3234  6.34217e+21
30.4407  6.35291e+21
30.558  6.3649e+21
30.6754  6.37596e+21
30.7927  6.38428e+21
30.91  6.38799e+21
31.0273  6.3852e+21
31.1446  6.37417e+21
31.2619  6.35397e+21
31.3792  6.32386e+21
31.4965  6.28389e+21
31.6138  6.23476e+21
31.7311  6.1775e+21
31.8484  6.11421e+21
31.9657  6.04673e+21
32.083  5.97748e+21
32.2003  5.9089e+21
32.3176  5.84303e+21
32.4349  5.78172e+21
32.5522  5.72622e+21
32.6695  5.67759e+21
32.7868  5.63615e+21
32.9042  5.6014e+21
33.0215  5.57313e+21
33.1388  5.54996e+21
33.2561  5.53079e+21
33.3734  5.51378e+21
33.4907  5.49728e+21
33.608  5.47952e+21
33.7253  5.459e+21
33.8426  5.43421e+21
33.9599  5.40461e+21
34.0772  5.36972e+21
34.1945  5.32982e+21
34.3118  5.28525e+21
34.4291  5.23714e+21
34.5464  5.18653e+21
34.6637  5.13446e+21
34.781  5.08157e+21
34.8983  5.02894e+21
35.0156  4.97693e+21
35.1329  4.92587e+21
35.2503  4.87607e+21
35.3676  4.82727e+21
35.4849  4.77962e+21
35.6022  4.73321e+21
35.7195  4.68798e+21
35.8368  4.64399e+21
35.9541  4.60175e+21
36.0714  4.56156e+21
36.1887  4.52417e+21
36.306  4.49043e+21
36.4233  4.46101e+21
36.5406  4.43696e+21
36.6579  4.41867e+21
36.7752  4.40648e+21
36.8925  4.40016e+21
37.0098  4.3988e+21
37.1271  4.40108e+21
37.2444  4.40503e+21
37.3617  4.40872e+21
37.479  4.40993e+21
37.5964  4.40613e+21
37.7137  4.39612e+21
37.831  4.37809e+21
37.9483  4.35157e+21
38.0656  4.31588e+21
38.1829  4.27147e+21
38.3002  4.21892e+21
38.4175  4.15923e+21
38.5348  4.09371e+21
38.6521  4.02434e+21
38.7694  3.95295e+21
38.8867  3.88176e+21
39.004  3.8126e+21
39.1213  3.74748e+21
39.2386  3.68761e+21
39.3559  3.63379e+21
39.4732  3.58581e+21
39.5905  3.54335e+21
39.7078  3.50528e+21
39.8251  3.47029e+21
39.9425  3.43734e+21
40.0598  3.40524e+21
40.1771  3.37389e+21
40.2944  3.34344e+21
40.4117  3.31451e+21
40.529  3.28813e+21
40.6463  3.26574e+21
40.7636  3.24833e+21
40.8809  3.23687e+21
40.9982  3.23201e+21
41.1155  3.23349e+21
41.2328  3.24107e+21
41.3501  3.25363e+21
41.4674  3.26987e+21
41.5847  3.28794e+21
41.702  3.30564e+21
41.8193  3.32075e+21
41.9366  3.33055e+21
42.0539  3.333e+21
42.1712  3.32593e+21
42.2885  3.30749e+21
42.4059  3.27759e+21
42.5232  3.23608e+21
42.6405  3.18456e+21
42.7578  3.12492e+21
42.8751  3.06025e+21
42.9924  2.99379e+21
43.1097  2.92863e+21
43.227  2.86774e+21
43.3443  2.81358e+21
43.4616  2.7678e+21
43.5789  2.73145e+21
43.6962  2.70465e+21
43.8135  2.68717e+21
43.9308  2.67803e+21
44.0481  2.67603e+21
44.1654  2.67922e+21
44.2827  2.68576e+21
44.4  2.69337e+21
44.5173  2.69955e+21
44.6347  2.70217e+21
44.752  2.69883e+21
44.8693  2.68839e+21
44.9866  2.66974e+21
45.1039  2.64263e+21
45.2212  2.60762e+21
45.3385  2.56619e+21
45.4558  2.51983e+21
45.5731  2.47063e+21
45.6904  2.4208e+21
45.8077  2.37193e+21
45.925  2.3259e+21
46.0423  2.28366e+21
46.1596  2.24611e+21
46.2769  2.21354e+21
46.3942  2.18593e+21
46.5115  2.16312e+21
46.6288  2.14427e+21
46.7461  2.12901e+21
46.8634  2.11645e+21
46.9808  2.10554e+21
47.0981  2.09608e+21
47.2154  2.08724e+21
47.3327  2.07919e+21
47.45  2.07168e+21
47.5673  2.06514e+21
47.6846  2.06002e+21
47.8019  2.05643e+21
47.9192  2.05462e+21
48.0365  2.05468e+21
48.1538  2.05633e+21
48.2711  2.05935e+21
48.3884  2.06311e+21
48.5057  2.06729e+21
48.623  2.07148e+21
48.7403  2.07552e+21
48.8576  2.07907e+21
48.9749  2.08215e+21
49.0922  2.08456e+21
49.2095  2.08601e+21
49.3269  2.08622e+21
49.4442  2.08445e+21
49.5615  2.08071e+21
49.6788  2.07428e+21
49.7961  2.06474e+21
49.9134  2.05189e+21
50.0307  2.03575e+21
50.148  2.01612e+21
50.2653  1.99301e+21
50.3826  1.96673e+21
50.4999  1.93706e+21
50.6172  1.90451e+21
50.7345  1.86909e+21
50.8518  1.83155e+21
50.9691  1.79252e+21
51.0864  1.75294e+21
51.2037  1.71423e+21
51.321  1.67713e+21
51.4383  1.64322e+21
51.5556  1.61324e+21
51.673  1.58757e+21
51.7903  1.56672e+21
51.9076  1.55017e+21
52.0249  1.53781e+21
52.1422  1.52864e+21
52.2595  1.52204e+21
52.3768  1.51743e+21
52.4941  1.51395e+21
52.6114  1.51114e+21
52.7287  1.50885e+21
52.846  1.50684e+21
52.9633  1.50529e+21
53.0806  1.50408e+21
53.1979  1.50361e+21
53.3152  1.50402e+21
53.4325  1.50565e+21
53.5498  1.50855e+21
53.6671  1.51282e+21
53.7844  1.51841e+21
53.9017  1.52504e+21
54.0191  1.53226e+21
54.1364  1.5391e+21
54.2537  1.54522e+21
54.371  1.54954e+21
54.4883  1.55097e+21
54.6056  1.54869e+21
54.7229  1.54199e+21
54.8402  1.53018e+21
54.9575  1.51304e+21
55.0748  1.49097e+21
55.1921  1.46432e+21
55.3094  1.43426e+21
55.4267  1.40204e+21
55.544  1.3693e+21
55.6613  1.33759e+21
55.7786  1.3082e+21
55.8959  1.28251e+21
56.0132  1.2606e+21
56.1305  1.24294e+21
56.2478  1.22897e+21
56.3651  1.21771e+21
56.4825  1.20849e+21
56.5998  1.20002e+21
56.7171  1.19183e+21
56.8344  1.18314e+21
56.9517  1.17389e+21
57.069  1.16433e+21
57.1863  1.15446e+21
57.3036  1.14478e+21
57.4209  1.13591e+21
57.5382  1.12826e+21
57.6555  1.12251e+21
57.7728  1.11895e+21
57.8901  1.11834e+21
58.0074  1.12105e+21
58.1247  1.1276e+21
58.242  1.13803e+21
58.3593  1.15226e+21
58.4766  1.16977e+21
58.5939  1.18963e+21
