#S 1 spectral density
#N 2
#UFWHM 8.32866
#L  abscissas [um]  spectral density
-58.5938  7.40441e+20
-58.4764  7.48472e+20
-58.3591  7.55222e+20
-58.2418  7.62325e+20
-58.1245  7.6946e+20
-58.0072  7.74765e+20
-57.8899  7.75611e+20
-57.7726  7.68568e+20
-57.6553  7.51547e+20
-57.538  7.23075e+20
-57.4207  6.84155e+20
-57.3034  6.37002e+20
-57.1861  5.85399e+20
-57.0688  5.33805e+20
-56.9515  4.8641e+20
-56.8342  4.46588e+20
-56.7169  4.16223e+20
-56.5996  3.95837e+20
-56.4823  3.84504e+20
-56.365  3.80448e+20
-56.2477  3.81192e+20
-56.1303  3.84652e+20
-56.013  3.89196e+20
-55.8957  3.93614e+20
-55.7784  3.97507e+20
-55.6611  4.00707e+20
-55.5438  4.03539e+20
-55.4265  4.06085e+20
-55.3092  4.08423e+20
-55.1919  4.10369e+20
-55.0746  4.11587e+20
-54.9573  4.11572e+20
-54.84  4.10144e+20
-54.7227  4.0701e+20
-54.6054  4.02301e+20
-54.4881  3.96316e+20
-54.3708  3.89678e+20
-54.2535  3.83261e+20
-54.1362  3.78083e+20
-54.0189  3.75522e+20
-53.9016  3.77005e+20
-53.7842  3.83707e+20
-53.6669  3.96734e+20
-53.5496  4.16528e+20
-53.4323  4.42767e+20
-53.315  4.7443e+20
-53.1977  5.09806e+20
-53.0804  5.46369e+20
-52.9631  5.82101e+20
-52.8458  6.14806e+20
-52.7285  6.43428e+20
-52.6112  6.67722e+20
-52.4939  6.88686e+20
-52.3766  7.07878e+20
-52.2593  7.2699e+20
-52.142  7.47587e+20
-52.0247  7.70056e+20
-51.9074  7.93815e+20
-51.7901  8.1699e+20
-51.6728  8.36604e+20
-51.5555  8.493e+20
-51.4381  8.52174e+20
-51.3208  8.4327e+20
-51.2035  8.21812e+20
-51.0862  7.88614e+20
-50.9689  7.45277e+20
-50.8516  6.94951e+20
-50.7343  6.40083e+20
-50.617  5.83396e+20
-50.4997  5.26869e+20
-50.3824  4.71786e+20
-50.2651  4.19165e+20
-50.1478  3.69706e+20
-50.0305  3.24451e+20
-49.9132  2.84521e+20
-49.7959  2.51433e+20
-49.6786  2.26563e+20
-49.5613  2.10698e+20
-49.444  2.03904e+20
-49.3267  2.04916e+20
-49.2094  2.11484e+20
-49.092  2.20538e+20
-48.9747  2.2879e+20
-48.8574  2.33391e+20
-48.7401  2.32677e+20
-48.6228  2.26323e+20
-48.5055  2.15787e+20
-48.3882  2.03691e+20
-48.2709  1.93466e+20
-48.1536  1.88388e+20
-48.0363  1.91086e+20
-47.919  2.02949e+20
-47.8017  2.23983e+20
-47.6844  2.52972e+20
-47.5671  2.87755e+20
-47.4498  3.26115e+20
-47.3325  3.65841e+20
-47.2152  4.05578e+20
-47.0979  4.44691e+20
-46.9806  4.8318e+20
-46.8633  5.2134e+20
-46.7459  5.59321e+20
-46.6286  5.97096e+20
-46.5113  6.33807e+20
-46.394  6.67959e+20
-46.2767  6.97421e+20
-46.1594  7.20568e+20
-46.0421  7.35549e+20
-45.9248  7.41511e+20
-45.8075  7.38268e+20
-45.6902  7.26859e+20
-45.5729  7.08675e+20
-45.4556  6.85944e+20
-45.3383  6.60708e+20
-45.221  6.34844e+20
-45.1037  6.09728e+20
-44.9864  5.86197e+20
-44.8691  5.64238e+20
-44.7518  5.43631e+20
-44.6345  5.23627e+20
-44.5172  5.0354e+20
-44.3998  4.82934e+20
-44.2825  4.61754e+20
-44.1652  4.40592e+20
-44.0479  4.20868e+20
-43.9306  4.04261e+20
-43.8133  3.93167e+20
-43.696  3.89703e+20
-43.5787  3.9553e+20
-43.4614  4.11126e+20
-43.3441  4.35519e+20
-43.2268  4.66164e+20
-43.1095  4.98854e+20
-42.9922  5.28241e+20
-42.8749  5.49255e+20
-42.7576  5.57552e+20
-42.6403  5.50643e+20
-42.523  5.29096e+20
-42.4057  4.9642e+20
-42.2884  4.58536e+20
-42.171  4.23126e+20
-42.0537  3.97888e+20
-41.9364  3.88877e+20
-41.8191  3.99437e+20
-41.7018  4.29006e+20
-41.5845  4.73256e+20
-41.4672  5.25224e+20
-41.3499  5.76391e+20
-41.2326  6.19246e+20
-41.1153  6.47988e+20
-40.998  6.61069e+20
-40.8807  6.60271e+20
-40.7634  6.51014e+20
-40.6461  6.40169e+20
-40.5288  6.34924e+20
-40.4115  6.40221e+20
-40.2942  6.5801e+20
-40.1769  6.86207e+20
-40.0596  7.19765e+20
-39.9423  7.51267e+20
-39.825  7.73597e+20
-39.7076  7.81082e+20
-39.5903  7.7129e+20
-39.473  7.45398e+20
-39.3557  7.08032e+20
-39.2384  6.65826e+20
-39.1211  6.25942e+20
-39.0038  5.9412e+20
-38.8865  5.7333e+20
-38.7692  5.63024e+20
-38.6519  5.59725e+20
-38.5346  5.5757e+20
-38.4173  5.50332e+20
-38.3  5.32796e+20
-38.1827  5.02643e+20
-38.0654  4.60642e+20
-37.9481  4.10856e+20
-37.8308  3.60044e+20
-37.7135  3.15613e+20
-37.5962  2.84627e+20
-37.4789  2.71893e+20
-37.3615  2.79199e+20
-37.2442  3.04997e+20
-37.1269  3.4469e+20
-37.0096  3.91594e+20
-36.8923  4.38212e+20
-36.775  4.77639e+20
-36.6577  5.04231e+20
-36.5404  5.15135e+20
-36.4231  5.09598e+20
-36.3058  4.89438e+20
-36.1885  4.58418e+20
-36.0712  4.21559e+20
-35.9539  3.84147e+20
-35.8366  3.51707e+20
-35.7193  3.28836e+20
-35.602  3.19171e+20
-35.4847  3.246e+20
-35.3674  3.45753e+20
-35.2501  3.81459e+20
-35.1328  4.29421e+20
-35.0154  4.86047e+20
-34.8981  5.47495e+20
-34.7808  6.09759e+20
-34.6635  6.69653e+20
-34.5462  7.24824e+20
-34.4289  7.74406e+20
-34.3116  8.18201e+20
-34.1943  8.56534e+20
-34.077  8.90246e+20
-33.9597  9.19388e+20
-33.8424  9.42946e+20
-33.7251  9.59587e+20
-33.6078  9.66442e+20
-33.4905  9.6146e+20
-33.3732  9.43078e+20
-33.2559  9.10703e+20
-33.1386  8.66118e+20
-33.0213  8.12444e+20
-32.904  7.54327e+20
-32.7867  6.9647e+20
-32.6693  6.43058e+20
-32.552  5.97001e+20
-32.4347  5.59081e+20
-32.3174  5.27839e+20
-32.2001  5.00777e+20
-32.0828  4.74841e+20
-31.9655  4.47446e+20
-31.8482  4.17365e+20
-31.7309  3.85359e+20
-31.6136  3.53848e+20
-31.4963  3.26354e+20
-31.379  3.06413e+20
-31.2617  2.96711e+20
-31.1444  2.9797e+20
-31.0271  3.0896e+20
-30.9098  3.26756e+20
-30.7925  3.47171e+20
-30.6752  3.66254e+20
-30.5579  3.81102e+20
-30.4406  3.90834e+20
-30.3232  3.96742e+20
-30.2059  4.01557e+20
-30.0886  4.09065e+20
-29.9713  4.22873e+20
-29.854  4.45033e+20
-29.7367  4.75847e+20
-29.6194  5.13242e+20
-29.5021  5.53524e+20
-29.3848  5.9241e+20
-29.2675  6.25745e+20
-29.1502  6.5111e+20
-29.0329  6.68378e+20
-28.9156  6.79245e+20
-28.7983  6.87541e+20
-28.681  6.97727e+20
-28.5637  7.13841e+20
-28.4464  7.38257e+20
-28.3291  7.71441e+20
-28.2118  8.11106e+20
-28.0944  8.53105e+20
-27.9771  8.92088e+20
-27.8598  9.22656e+20
-27.7425  9.40565e+20
-27.6252  9.43028e+20
-27.5079  9.29878e+20
-27.3906  9.0275e+20
-27.2733  8.64409e+20
-27.156  8.18672e+20
-27.0387  7.6867e+20
-26.9214  7.17094e+20
-26.8041  6.65343e+20
-26.6868  6.13873e+20
-26.5695  5.62579e+20
-26.4522  5.11257e+20
-26.3349  4.60018e+20
-26.2176  4.09839e+20
-26.1003  3.62611e+20
-25.983  3.2075e+20
-25.8657  2.8702e+20
-25.7483  2.63866e+20
-25.631  2.52937e+20
-25.5137  2.54699e+20
-25.3964  2.68311e+20
-25.2791  2.91645e+20
-25.1618  3.21512e+20
-25.0445  3.54104e+20
-24.9272  3.85255e+20
-24.8099  4.1125e+20
-24.6926  4.2903e+20
-24.5753  4.36365e+20
-24.458  4.32513e+20
-24.3407  4.17824e+20
-24.2234  3.94006e+20
-24.1061  3.63981e+20
-23.9888  3.31e+20
-23.8715  2.98899e+20
-23.7542  2.70943e+20
-23.6369  2.49894e+20
-23.5196  2.37495e+20
-23.4023  2.34222e+20
-23.2849  2.39805e+20
-23.1676  2.52917e+20
-23.0503  2.72302e+20
-22.933  2.96407e+20
-22.8157  3.24118e+20
-22.6984  3.54735e+20
-22.5811  3.87771e+20
-22.4638  4.22628e+20
-22.3465  4.5839e+20
-22.2292  4.93633e+20
-22.1119  5.26357e+20
-21.9946  5.54514e+20
-21.8773  5.76147e+20
-21.76  5.90358e+20
-21.6427  5.97591e+20
-21.5254  5.99607e+20
-21.4081  6.00054e+20
-21.2908  6.02939e+20
-21.1735  6.12548e+20
-21.0561  6.31986e+20
-20.9388  6.62337e+20
-20.8215  7.02092e+20
-20.7042  7.47884e+20
-20.5869  7.94263e+20
-20.4696  8.35308e+20
-20.3523  8.66146e+20
-20.235  8.83329e+20
-20.1177  8.86357e+20
-20.0004  8.77409e+20
-19.8831  8.60757e+20
-19.7658  8.42043e+20
-19.6485  8.26525e+20
-19.5312  8.17818e+20
-19.4139  8.17572e+20
-19.2966  8.24659e+20
-19.1793  8.35201e+20
-19.062  8.44669e+20
-18.9447  8.4844e+20
-18.8274  8.43015e+20
-18.71  8.27432e+20
-18.5927  8.03196e+20
-18.4754  7.74517e+20
-18.3581  7.46909e+20
-18.2408  7.26324e+20
-18.1235  7.17774e+20
-18.0062  7.24238e+20
-17.8889  7.45802e+20
-17.7716  7.80315e+20
-17.6543  8.23197e+20
-17.537  8.69149e+20
-17.4197  9.12894e+20
-17.3024  9.50433e+20
-17.1851  9.79742e+20
-17.0678  1.00084e+21
-16.9505  1.01624e+21
-16.8332  1.0296e+21
-16.7159  1.04569e+21
-16.5986  1.06853e+21
-16.4813  1.10183e+21
-16.364  1.14758e+21
-16.2466  1.20605e+21
-16.1293  1.27586e+21
-16.012  1.35415e+21
-15.8947  1.43675e+21
-15.7774  1.51847e+21
-15.6601  1.59455e+21
-15.5428  1.65957e+21
-15.4255  1.70923e+21
-15.3082  1.73977e+21
-15.1909  1.74874e+21
-15.0736  1.73511e+21
-14.9563  1.69937e+21
-14.839  1.64263e+21
-14.7217  1.56789e+21
-14.6044  1.47813e+21
-14.4871  1.37684e+21
-14.3698  1.26798e+21
-14.2525  1.15619e+21
-14.1352  1.04631e+21
-14.0178  9.4366e+20
-13.9005  8.54652e+20
-13.7832  7.86257e+20
-13.6659  7.45218e+20
-13.5486  7.37697e+20
-13.4313  7.67936e+20
-13.314  8.37165e+20
-13.1967  9.42819e+20
-13.0794  1.078e+21
-12.9621  1.23225e+21
-12.8448  1.39207e+21
-12.7275  1.54293e+21
-12.6102  1.67071e+21
-12.4929  1.76461e+21
-12.3756  1.81788e+21
-12.2583  1.82822e+21
-12.141  1.79866e+21
-12.0237  1.73628e+21
-11.9064  1.65006e+21
-11.7891  1.54935e+21
-11.6718  1.44324e+21
-11.5544  1.33809e+21
-11.4371  1.23779e+21
-11.3198  1.14381e+21
-11.2025  1.05644e+21
-11.0852  9.74783e+20
-10.9679  8.98443e+20
-10.8506  8.27834e+20
-10.7333  7.64188e+20
-10.616  7.09067e+20
-10.4987  6.63979e+20
-10.3814  6.29472e+20
-10.2641  6.05176e+20
-10.1468  5.8917e+20
-10.0295  5.79195e+20
-9.91217  5.73198e+20
-9.79487  5.70593e+20
-9.67756  5.72842e+20
-9.56026  5.84459e+20
-9.44295  6.12469e+20
-9.32565  6.65742e+20
-9.20834  7.54185e+20
-9.09104  8.86732e+20
-8.97373  1.07042e+21
-8.85643  1.30881e+21
-8.73913  1.60228e+21
-8.62182  1.94698e+21
-8.50452  2.33628e+21
-8.38721  2.76131e+21
-8.26991  3.2115e+21
-8.1526  3.67639e+21
-8.03529  4.14533e+21
-7.91799  4.60817e+21
-7.80069  5.05431e+21
-7.68338  5.47496e+21
-7.56608  5.86016e+21
-7.44877  6.20169e+21
-7.33146  6.49156e+21
-7.21416  6.72403e+21
-7.09685  6.89608e+21
-6.97955  7.00769e+21
-6.86224  7.06255e+21
-6.74494  7.06707e+21
-6.62763  7.03233e+21
-6.51033  6.97006e+21
-6.39302  6.89424e+21
-6.27572  6.81828e+21
-6.15842  6.75578e+21
-6.04111  6.71725e+21
-5.92381  6.71191e+21
-5.8065  6.74603e+21
-5.68919  6.8228e+21
-5.57189  6.94286e+21
-5.45458  7.10399e+21
-5.33728  7.30036e+21
-5.21997  7.52489e+21
-5.10267  7.76817e+21
-4.98536  8.01977e+21
-4.86806  8.27e+21
-4.75075  8.51045e+21
-4.63345  8.73418e+21
-4.51614  8.93884e+21
-4.39884  9.12447e+21
-4.28154  9.29558e+21
-4.16423  9.45942e+21
-4.04692  9.62533e+21
-3.92962  9.80389e+21
-3.81231  1.00054e+22
-3.69501  1.02385e+22
-3.5777  1.05117e+22
-3.4604  1.08298e+22
-3.34309  1.11951e+22
-3.22579  1.16076e+22
-3.10849  1.20668e+22
-2.99118  1.25667e+22
-2.87387  1.31017e+22
-2.75657  1.36623e+22
-2.63926  1.42392e+22
-2.52196  1.48195e+22
-2.40465  1.53904e+22
-2.28735  1.59384e+22
-2.17005  1.64518e+22
-2.05274  1.69195e+22
-1.93544  1.73329e+22
-1.81813  1.76875e+22
-1.70083  1.7981e+22
-1.58352  1.82137e+22
-1.46622  1.83884e+22
-1.34891  1.85095e+22
-1.2316  1.85825e+22
-1.1143  1.86129e+22
-0.996995  1.86072e+22
-0.87969  1.85721e+22
-0.762385  1.85141e+22
-0.64508  1.84419e+22
-0.527775  1.83627e+22
-0.41047  1.82861e+22
-0.293165  1.822e+22
-0.17586  1.81712e+22
-0.058555  1.81456e+22
0.05875  1.81461e+22
0.176055  1.81723e+22
0.29336  1.82217e+22
0.410665  1.82887e+22
0.52797  1.83661e+22
0.645275  1.8446e+22
0.76258  1.852e+22
0.879885  1.85792e+22
0.99719  1.86166e+22
1.1145  1.86242e+22
1.2318  1.85959e+22
1.3491  1.85248e+22
1.46641  1.84061e+22
1.58371  1.82335e+22
1.70102  1.80024e+22
1.81832  1.77108e+22
1.93563  1.73572e+22
2.05294  1.69448e+22
2.17024  1.64782e+22
2.28754  1.59655e+22
2.40485  1.54179e+22
2.52216  1.48475e+22
2.63946  1.42673e+22
2.75677  1.369e+22
2.87407  1.31291e+22
2.99137  1.25939e+22
3.10868  1.20931e+22
3.22599  1.16338e+22
3.34329  1.12206e+22
3.4606  1.08546e+22
3.5779  1.0536e+22
3.69521  1.02623e+22
3.81251  1.00277e+22
3.92982  9.82509e+21
4.04712  9.64512e+21
4.16443  9.47724e+21
4.28173  9.31089e+21
4.39903  9.13688e+21
4.51634  8.94839e+21
4.63364  8.74072e+21
4.75095  8.51401e+21
4.86825  8.27101e+21
4.98556  8.01833e+21
5.10286  7.76494e+21
5.22017  7.52018e+21
5.33748  7.29505e+21
5.45478  7.09827e+21
5.57209  6.93727e+21
5.68939  6.81756e+21
5.8067  6.74129e+21
5.924  6.70776e+21
6.0413  6.7139e+21
6.15861  6.75343e+21
6.27591  6.81716e+21
6.39322  6.89421e+21
6.51052  6.97115e+21
6.62783  7.03421e+21
6.74514  7.06985e+21
6.86244  7.06584e+21
6.97975  7.01193e+21
7.09705  6.90081e+21
7.21436  6.72919e+21
7.33166  6.49704e+21
7.44897  6.20752e+21
7.56627  5.86612e+21
7.68358  5.4812e+21
7.80088  5.0605e+21
7.91819  4.61398e+21
8.03549  4.15116e+21
8.1528  3.6819e+21
8.2701  3.21654e+21
8.38741  2.76598e+21
8.50471  2.3408e+21
8.62202  1.95143e+21
8.73932  1.60661e+21
8.85662  1.31305e+21
8.97393  1.0746e+21
9.09123  8.91036e+20
9.20854  7.5832e+20
9.32584  6.69702e+20
9.44315  6.16072e+20
9.56045  5.87816e+20
9.67776  5.75648e+20
9.79506  5.7278e+20
9.91237  5.74975e+20
10.0297  5.80493e+20
10.147  5.90088e+20
10.2643  6.05723e+20
10.3816  6.29883e+20
10.4989  6.64062e+20
10.6162  7.08984e+20
10.7335  7.63971e+20
10.8508  8.27431e+20
10.9681  8.98095e+20
11.0854  9.74681e+20
11.2027  1.05678e+21
11.32  1.14491e+21
11.4373  1.23967e+21
11.5546  1.34099e+21
11.6719  1.44694e+21
11.7893  1.55378e+21
11.9066  1.65442e+21
12.0239  1.7406e+21
12.1412  1.80222e+21
12.2585  1.83036e+21
12.3758  1.81836e+21
12.4931  1.76363e+21
12.6104  1.66815e+21
12.7277  1.5391e+21
12.845  1.3876e+21
12.9623  1.22761e+21
13.0796  1.07355e+21
13.1969  9.38975e+20
13.3142  8.3414e+20
13.4315  7.659e+20
13.5488  7.36597e+20
13.6661  7.44779e+20
13.7834  7.86383e+20
13.9007  8.55234e+20
14.018  9.44568e+20
14.1354  1.04755e+21
14.2527  1.15777e+21
14.37  1.26995e+21
14.4873  1.37925e+21
14.6046  1.48105e+21
14.7219  1.57137e+21
14.8392  1.64656e+21
14.9565  1.70323e+21
15.0738  1.73904e+21
15.1911  1.75224e+21
15.3084  1.74267e+21
15.4257  1.71168e+21
15.543  1.66139e+21
15.6603  1.59571e+21
15.7776  1.51914e+21
15.8949  1.43689e+21
16.0122  1.35405e+21
16.1295  1.27578e+21
16.2468  1.20596e+21
16.3641  1.1475e+21
16.4815  1.10155e+21
16.5988  1.06788e+21
16.7161  1.04442e+21
16.8334  1.02782e+21
16.9507  1.01354e+21
17.068  9.97257e+20
17.1853  9.75293e+20
17.3026  9.45343e+20
17.4199  9.07375e+20
17.5372  8.63682e+20
17.6545  8.18009e+20
17.7718  7.75816e+20
17.8891  7.42322e+20
18.0064  7.21711e+20
18.1237  7.16173e+20
18.241  7.25523e+20
18.3583  7.46552e+20
18.4756  7.74347e+20
18.5929  8.03009e+20
18.7102  8.2718e+20
18.8275  8.42528e+20
18.9449  8.47922e+20
19.0622  8.44391e+20
19.1795  8.35409e+20
19.2968  8.2556e+20
19.4141  8.19493e+20
19.5314  8.20639e+20
19.6487  8.2998e+20
19.766  8.46001e+20
19.8833  8.64755e+20
20.0006  8.80834e+20
20.1179  8.88992e+20
20.2352  8.84756e+20
20.3525  8.66243e+20
20.4698  8.34329e+20
20.5871  7.92226e+20
20.7044  7.4518e+20
20.8217  6.9914e+20
20.939  6.59383e+20
21.0563  6.29315e+20
21.1736  6.10124e+20
21.291  6.00793e+20
21.4083  5.98114e+20
21.5256  5.97893e+20
21.6429  5.95947e+20
21.7602  5.89002e+20
21.8775  5.74964e+20
21.9948  5.53528e+20
22.1121  5.25714e+20
22.2294  4.93349e+20
22.3467  4.58494e+20
22.464  4.22972e+20
22.5813  3.88315e+20
22.6986  3.55223e+20
22.8159  3.24328e+20
22.9332  2.96272e+20
23.0505  2.71818e+20
23.1678  2.52171e+20
23.2851  2.38884e+20
23.4024  2.33414e+20
23.5198  2.3691e+20
23.6371  2.4978e+20
23.7544  2.71362e+20
23.8717  2.99916e+20
23.989  3.32529e+20
24.1063  3.65783e+20
24.2236  3.95955e+20
24.3409  4.19566e+20
24.4582  4.34022e+20
24.5755  4.3744e+20
24.6928  4.29581e+20
24.8101  4.11388e+20
24.9274  3.84902e+20
25.0447  3.53423e+20
25.162  3.20703e+20
25.2793  2.90778e+20
25.3966  2.67515e+20
25.5139  2.53989e+20
25.6312  2.52355e+20
25.7485  2.63433e+20
25.8658  2.86595e+20
25.9832  3.20316e+20
26.1005  3.62114e+20
26.2178  4.09329e+20
26.3351  4.59528e+20
26.4524  5.1093e+20
26.5697  5.626e+20
26.687  6.14279e+20
26.8043  6.66189e+20
26.9216  7.18434e+20
27.0389  7.70475e+20
27.1562  8.207e+20
27.2735  8.66616e+20
27.3908  9.04629e+20
27.5081  9.3124e+20
27.6254  9.43652e+20
27.7427  9.40294e+20
27.86  9.21746e+20
27.9773  8.90715e+20
28.0946  8.51586e+20
28.212  8.09655e+20
28.3293  7.70454e+20
28.4466  7.37756e+20
28.5639  7.13939e+20
28.6812  6.98437e+20
28.7985  6.88457e+20
28.9158  6.80137e+20
29.0331  6.68994e+20
29.1504  6.51388e+20
29.2677  6.25447e+20
29.385  5.9176e+20
29.5023  5.5277e+20
29.6196  5.12479e+20
29.7369  4.75382e+20
29.8542  4.45032e+20
29.9715  4.23282e+20
30.0888  4.09932e+20
30.2061  4.02584e+20
30.3234  3.97769e+20
30.4407  3.91739e+20
30.558  3.81587e+20
30.6754  3.66381e+20
30.7927  3.47058e+20
30.91  3.26628e+20
31.0273  3.09159e+20
31.1446  2.98556e+20
31.2619  2.97887e+20
31.3792  3.08188e+20
31.4965  3.28509e+20
31.6138  3.56211e+20
31.7311  3.8758e+20
31.8484  4.19098e+20
31.9657  4.48532e+20
32.083  4.75276e+20
32.2003  5.0054e+20
32.3176  5.27063e+20
32.4349  5.58081e+20
32.5522  5.96109e+20
32.6695  6.42397e+20
32.7868  6.96098e+20
32.9042  7.54236e+20
33.0215  8.12687e+20
33.1388  8.66319e+20
33.2561  9.10948e+20
33.3734  9.43149e+20
33.4907  9.61344e+20
33.608  9.66168e+20
33.7253  9.59325e+20
33.8426  9.42977e+20
33.9599  9.19712e+20
34.0772  8.90986e+20
34.1945  8.57778e+20
34.3118  8.1971e+20
34.4291  7.76181e+20
34.5464  7.26616e+20
34.6637  6.71189e+20
34.781  6.10933e+20
34.8983  5.48248e+20
35.0156  4.86443e+20
35.1329  4.29509e+20
35.2503  3.81503e+20
35.3676  3.45856e+20
35.4849  3.25099e+20
35.6022  3.20183e+20
35.7195  3.30604e+20
35.8368  3.53982e+20
35.9541  3.86928e+20
36.0714  4.24482e+20
36.1887  4.61318e+20
36.306  4.91877e+20
36.4233  5.11269e+20
36.5406  5.15825e+20
36.6579  5.03983e+20
36.7752  4.76383e+20
36.8925  4.36371e+20
37.0098  3.8952e+20
37.1271  3.42802e+20
37.2444  3.03683e+20
37.3617  2.78735e+20
37.479  2.72524e+20
37.5964  2.86269e+20
37.7137  3.17998e+20
37.831  3.62668e+20
37.9483  4.13387e+20
38.0656  4.62501e+20
38.1829  5.03677e+20
38.3002  5.32791e+20
38.4175  5.49381e+20
38.5348  5.56073e+20
38.6521  5.58081e+20
38.7694  5.61663e+20
38.8867  5.7265e+20
39.004  5.94331e+20
39.1213  6.26965e+20
39.2386  6.67509e+20
39.3559  7.10008e+20
39.4732  7.47278e+20
39.5905  7.72713e+20
39.7078  7.81823e+20
39.8251  7.73546e+20
39.9425  7.50665e+20
40.0598  7.1885e+20
40.1771  6.85593e+20
40.2944  6.57849e+20
40.4117  6.40909e+20
40.529  6.36275e+20
40.6463  6.42165e+20
40.7636  6.53171e+20
40.8809  6.62175e+20
40.9982  6.62247e+20
41.1155  6.48252e+20
41.2328  6.18367e+20
41.3501  5.74586e+20
41.4674  5.22733e+20
41.5847  4.70529e+20
41.702  4.26523e+20
41.8193  3.97651e+20
41.9366  3.88017e+20
42.0539  3.97891e+20
42.1712  4.23938e+20
42.2885  4.59862e+20
42.4059  4.97843e+20
42.5232  5.3025e+20
42.6405  5.51154e+20
42.7578  5.57435e+20
42.8751  5.48487e+20
42.9924  5.26842e+20
43.1097  4.97095e+20
43.227  4.64461e+20
43.3443  4.3415e+20
43.4616  4.10099e+20
43.5789  3.95146e+20
43.6962  3.89917e+20
43.8135  3.93826e+20
43.9308  4.05175e+20
44.0481  4.21763e+20
44.1654  4.41351e+20
44.2827  4.62105e+20
44.4  4.82801e+20
44.5173  5.02921e+20
44.6347  5.22539e+20
44.752  5.42151e+20
44.8693  5.62623e+20
44.9866  5.84558e+20
45.1039  6.08334e+20
45.2212  6.33676e+20
45.3385  6.59844e+20
45.4558  6.85545e+20
45.5731  7.08617e+20
45.6904  7.26953e+20
45.8077  7.38595e+20
45.925  7.41851e+20
46.0423  7.36001e+20
46.1596  7.20942e+20
46.2769  6.97924e+20
46.3942  6.68493e+20
46.5115  6.34592e+20
46.6288  5.98121e+20
46.7461  5.60452e+20
46.8634  5.22433e+20
46.9808  4.84267e+20
47.0981  4.45543e+20
47.2154  4.06064e+20
47.3327  3.65865e+20
47.45  3.25709e+20
47.5673  2.86963e+20
47.6846  2.51903e+20
47.8019  2.22923e+20
47.9192  2.02006e+20
48.0365  1.90366e+20
48.1538  1.87996e+20
48.2711  1.9341e+20
48.3884  2.03877e+20
48.5057  2.15995e+20
48.623  2.26494e+20
48.7403  2.32601e+20
48.8576  2.33104e+20
48.9749  2.2819e+20
49.0922  2.19709e+20
49.2095  2.10544e+20
49.3269  2.03969e+20
49.4442  2.0307e+20
49.5615  2.10071e+20
49.6788  2.26183e+20
49.7961  2.51367e+20
49.9134  2.84654e+20
50.0307  3.24695e+20
50.148  3.70038e+20
50.2653  4.19549e+20
50.3826  4.72267e+20
50.4999  5.27295e+20
50.6172  5.83853e+20
50.7345  6.40578e+20
50.8518  6.95382e+20
50.9691  7.45705e+20
51.0864  7.88697e+20
51.2037  8.21727e+20
51.321  8.4295e+20
51.4383  8.51619e+20
51.5556  8.48538e+20
51.673  8.35818e+20
51.7903  8.16344e+20
51.9076  7.93466e+20
52.0249  7.70077e+20
52.1422  7.4811e+20
52.2595  7.28054e+20
52.3768  7.09289e+20
52.4941  6.90575e+20
52.6114  6.6972e+20
52.7287  6.4545e+20
52.846  6.16693e+20
52.9633  5.83782e+20
53.0806  5.47943e+20
53.1979  5.10961e+20
53.3152  4.75451e+20
53.4325  4.43482e+20
53.5498  4.17085e+20
53.6671  3.97118e+20
53.7844  3.83864e+20
53.9017  3.76899e+20
54.0191  3.75372e+20
54.1364  3.7774e+20
54.2537  3.82762e+20
54.371  3.89123e+20
54.4883  3.95724e+20
54.6056  4.01668e+20
54.7229  4.06477e+20
54.8402  4.09662e+20
54.9575  4.11312e+20
55.0748  4.11465e+20
55.1921  4.10549e+20
55.3094  4.08911e+20
55.4267  4.06819e+20
55.544  4.0452e+20
55.6613  4.01905e+20
55.7786  3.98729e+20
55.8959  3.94863e+20
56.0132  3.90304e+20
56.1305  3.85495e+20
56.2478  3.8159e+20
56.3651  3.80486e+20
56.4825  3.84229e+20
56.5998  3.95324e+20
56.7171  4.15579e+20
56.8344  4.4596e+20
56.9517  4.85994e+20
57.069  5.33576e+20
57.1863  5.85371e+20
57.3036  6.37e+20
57.4209  6.84116e+20
57.5382  7.22921e+20
57.6555  7.51094e+20
57.7728  7.68114e+20
57.8901  7.74763e+20
58.0074  7.74022e+20
58.1247  7.6877e+20
58.242  7.6207e+20
58.3593  7.55389e+20
58.4766  7.49062e+20
58.5939  7.41454e+20
