#S 1 spectral density
#N 2
#UFWHM 74.7233
#L  abscissas [um]  spectral density
-58.5938  1.74176e+21
-58.4764  1.75849e+21
-58.3591  1.77615e+21
-58.2418  1.79493e+21
-58.1245  1.81482e+21
-58.0072  1.83558e+21
-57.8899  1.85753e+21
-57.7726  1.88045e+21
-57.6553  1.90468e+21
-57.538  1.93039e+21
-57.4207  1.95784e+21
-57.3034  1.98719e+21
-57.1861  2.01841e+21
-57.0688  2.05108e+21
-56.9515  2.08472e+21
-56.8342  2.11828e+21
-56.7169  2.15066e+21
-56.5996  2.18076e+21
-56.4823  2.20741e+21
-56.365  2.22998e+21
-56.2477  2.24793e+21
-56.1303  2.26088e+21
-56.013  2.269e+21
-55.8957  2.27257e+21
-55.7784  2.27252e+21
-55.6611  2.26911e+21
-55.5438  2.26325e+21
-55.4265  2.2561e+21
-55.3092  2.24853e+21
-55.1919  2.24167e+21
-55.0746  2.23664e+21
-54.9573  2.2343e+21
-54.84  2.23559e+21
-54.7227  2.24115e+21
-54.6054  2.25129e+21
-54.4881  2.26588e+21
-54.3708  2.28419e+21
-54.2535  2.30582e+21
-54.1362  2.32973e+21
-54.0189  2.35463e+21
-53.9016  2.37947e+21
-53.7842  2.40322e+21
-53.6669  2.4251e+21
-53.5496  2.44468e+21
-53.4323  2.46183e+21
-53.315  2.47668e+21
-53.1977  2.49013e+21
-53.0804  2.50266e+21
-52.9631  2.51554e+21
-52.8458  2.52975e+21
-52.7285  2.54621e+21
-52.6112  2.56571e+21
-52.4939  2.58876e+21
-52.3766  2.61542e+21
-52.2593  2.64571e+21
-52.142  2.67892e+21
-52.0247  2.71425e+21
-51.9074  2.75062e+21
-51.7901  2.78664e+21
-51.6728  2.82109e+21
-51.5555  2.85255e+21
-51.4381  2.87948e+21
-51.3208  2.90084e+21
-51.2035  2.91584e+21
-51.0862  2.9244e+21
-50.9689  2.9265e+21
-50.8516  2.9232e+21
-50.7343  2.9159e+21
-50.617  2.90647e+21
-50.4997  2.89718e+21
-50.3824  2.89018e+21
-50.2651  2.88743e+21
-50.1478  2.89035e+21
-50.0305  2.90006e+21
-49.9132  2.91687e+21
-49.7959  2.94034e+21
-49.6786  2.9694e+21
-49.5613  3.003e+21
-49.444  3.03943e+21
-49.3267  3.07692e+21
-49.2094  3.11369e+21
-49.092  3.14795e+21
-48.9747  3.17845e+21
-48.8574  3.20402e+21
-48.7401  3.22392e+21
-48.6228  3.23813e+21
-48.5055  3.24704e+21
-48.3882  3.25159e+21
-48.2709  3.25342e+21
-48.1536  3.25444e+21
-48.0363  3.25675e+21
-47.919  3.26226e+21
-47.8017  3.27299e+21
-47.6844  3.2901e+21
-47.5671  3.31464e+21
-47.4498  3.34651e+21
-47.3325  3.3855e+21
-47.2152  3.4304e+21
-47.0979  3.47989e+21
-46.9806  3.53224e+21
-46.8633  3.58563e+21
-46.7459  3.63789e+21
-46.6286  3.68711e+21
-46.5113  3.73191e+21
-46.394  3.77099e+21
-46.2767  3.80355e+21
-46.1594  3.82951e+21
-46.0421  3.8492e+21
-45.9248  3.86363e+21
-45.8075  3.87419e+21
-45.6902  3.88263e+21
-45.5729  3.89056e+21
-45.4556  3.89954e+21
-45.3383  3.91098e+21
-45.221  3.92567e+21
-45.1037  3.9441e+21
-44.9864  3.96598e+21
-44.8691  3.99098e+21
-44.7518  4.01824e+21
-44.6345  4.04653e+21
-44.5172  4.07449e+21
-44.3998  4.10028e+21
-44.2825  4.12294e+21
-44.1652  4.14091e+21
-44.0479  4.15308e+21
-43.9306  4.15942e+21
-43.8133  4.15993e+21
-43.696  4.15548e+21
-43.5787  4.14804e+21
-43.4614  4.13979e+21
-43.3441  4.13337e+21
-43.2268  4.1313e+21
-43.1095  4.13598e+21
-42.9922  4.14931e+21
-42.8749  4.17237e+21
-42.7576  4.20511e+21
-42.6403  4.24729e+21
-42.523  4.29722e+21
-42.4057  4.35355e+21
-42.2884  4.41398e+21
-42.171  4.47658e+21
-42.0537  4.53901e+21
-41.9364  4.5993e+21
-41.8191  4.65596e+21
-41.7018  4.70726e+21
-41.5845  4.75223e+21
-41.4672  4.79015e+21
-41.3499  4.82087e+21
-41.2326  4.84469e+21
-41.1153  4.86231e+21
-40.998  4.87522e+21
-40.8807  4.88474e+21
-40.7634  4.89239e+21
-40.6461  4.89962e+21
-40.5288  4.90726e+21
-40.4115  4.91636e+21
-40.2942  4.92688e+21
-40.1769  4.93883e+21
-40.0596  4.95182e+21
-39.9423  4.96559e+21
-39.825  4.97938e+21
-39.7076  4.99272e+21
-39.5903  5.00592e+21
-39.473  5.01836e+21
-39.3557  5.03007e+21
-39.2384  5.04111e+21
-39.1211  5.05162e+21
-39.0038  5.06145e+21
-38.8865  5.07104e+21
-38.7692  5.08086e+21
-38.6519  5.09156e+21
-38.5346  5.10375e+21
-38.4173  5.11838e+21
-38.3  5.13644e+21
-38.1827  5.15839e+21
-38.0654  5.18448e+21
-37.9481  5.21484e+21
-37.8308  5.24871e+21
-37.7135  5.28546e+21
-37.5962  5.32375e+21
-37.4789  5.36256e+21
-37.3615  5.40061e+21
-37.2442  5.43703e+21
-37.1269  5.47149e+21
-37.0096  5.50324e+21
-36.8923  5.53271e+21
-36.775  5.55998e+21
-36.6577  5.58551e+21
-36.5404  5.61021e+21
-36.4231  5.63457e+21
-36.3058  5.65989e+21
-36.1885  5.68687e+21
-36.0712  5.7162e+21
-35.9539  5.74881e+21
-35.8366  5.78457e+21
-35.7193  5.8243e+21
-35.602  5.8674e+21
-35.4847  5.91363e+21
-35.3674  5.96191e+21
-35.2501  6.01145e+21
-35.1328  6.06083e+21
-35.0154  6.10888e+21
-34.8981  6.15502e+21
-34.7808  6.19769e+21
-34.6635  6.23645e+21
-34.5462  6.27058e+21
-34.4289  6.29992e+21
-34.3116  6.32407e+21
-34.1943  6.34314e+21
-34.077  6.35749e+21
-33.9597  6.36781e+21
-33.8424  6.37462e+21
-33.7251  6.37904e+21
-33.6078  6.38228e+21
-33.4905  6.38532e+21
-33.3732  6.38931e+21
-33.2559  6.39543e+21
-33.1386  6.40436e+21
-33.0213  6.4168e+21
-32.904  6.433e+21
-32.7867  6.45318e+21
-32.6693  6.47755e+21
-32.552  6.50563e+21
-32.4347  6.53765e+21
-32.3174  6.57269e+21
-32.2001  6.61056e+21
-32.0828  6.6502e+21
-31.9655  6.69077e+21
-31.8482  6.73141e+21
-31.7309  6.77055e+21
-31.6136  6.80752e+21
-31.4963  6.8413e+21
-31.379  6.87074e+21
-31.2617  6.89565e+21
-31.1444  6.91521e+21
-31.0271  6.92995e+21
-30.9098  6.93992e+21
-30.7925  6.94595e+21
-30.6752  6.94842e+21
-30.5579  6.94857e+21
-30.4406  6.94743e+21
-30.3232  6.94618e+21
-30.2059  6.94634e+21
-30.0886  6.94845e+21
-29.9713  6.95377e+21
-29.854  6.96273e+21
-29.7367  6.97591e+21
-29.6194  6.99331e+21
-29.5021  7.01471e+21
-29.3848  7.03972e+21
-29.2675  7.06827e+21
-29.1502  7.09934e+21
-29.0329  7.13255e+21
-28.9156  7.16707e+21
-28.7983  7.20251e+21
-28.681  7.23824e+21
-28.5637  7.27376e+21
-28.4464  7.30897e+21
-28.3291  7.34366e+21
-28.2118  7.37779e+21
-28.0944  7.41168e+21
-27.9771  7.44601e+21
-27.8598  7.48053e+21
-27.7425  7.51611e+21
-27.6252  7.55221e+21
-27.5079  7.58867e+21
-27.3906  7.62498e+21
-27.2733  7.66001e+21
-27.156  7.6932e+21
-27.0387  7.72336e+21
-26.9214  7.75029e+21
-26.8041  7.77367e+21
-26.6868  7.79379e+21
-26.5695  7.81116e+21
-26.4522  7.82648e+21
-26.3349  7.84114e+21
-26.2176  7.85608e+21
-26.1003  7.87229e+21
-25.983  7.8903e+21
-25.8657  7.91075e+21
-25.7483  7.93442e+21
-25.631  7.96135e+21
-25.5137  7.99221e+21
-25.3964  8.0264e+21
-25.2791  8.06395e+21
-25.1618  8.10397e+21
-25.0445  8.14532e+21
-24.9272  8.18672e+21
-24.8099  8.22634e+21
-24.6926  8.26253e+21
-24.5753  8.29431e+21
-24.458  8.32009e+21
-24.3407  8.33957e+21
-24.2234  8.35243e+21
-24.1061  8.35949e+21
-23.9888  8.3612e+21
-23.8715  8.35883e+21
-23.7542  8.3538e+21
-23.6369  8.34737e+21
-23.5196  8.34068e+21
-23.4023  8.33533e+21
-23.2849  8.3326e+21
-23.1676  8.33328e+21
-23.0503  8.33856e+21
-22.933  8.34823e+21
-22.8157  8.36248e+21
-22.6984  8.38063e+21
-22.5811  8.40173e+21
-22.4638  8.42451e+21
-22.3465  8.44735e+21
-22.2292  8.46952e+21
-22.1119  8.48995e+21
-21.9946  8.50861e+21
-21.8773  8.52554e+21
-21.76  8.54142e+21
-21.6427  8.55747e+21
-21.5254  8.57515e+21
-21.4081  8.59544e+21
-21.2908  8.61947e+21
-21.1735  8.64809e+21
-21.0561  8.6824e+21
-20.9388  8.72249e+21
-20.8215  8.76892e+21
-20.7042  8.82112e+21
-20.5869  8.87838e+21
-20.4696  8.93944e+21
-20.3523  9.00175e+21
-20.235  9.06304e+21
-20.1177  9.11976e+21
-20.0004  9.16862e+21
-19.8831  9.20718e+21
-19.7658  9.23258e+21
-19.6485  9.24393e+21
-19.5312  9.24108e+21
-19.4139  9.22519e+21
-19.2966  9.1983e+21
-19.1793  9.16349e+21
-19.062  9.12398e+21
-18.9447  9.08301e+21
-18.8274  9.04341e+21
-18.71  9.00811e+21
-18.5927  8.97908e+21
-18.4754  8.95815e+21
-18.3581  8.94655e+21
-18.2408  8.94458e+21
-18.1235  8.95297e+21
-18.0062  8.97127e+21
-17.8889  8.9987e+21
-17.7716  9.03414e+21
-17.6543  9.07553e+21
-17.537  9.12116e+21
-17.4197  9.16883e+21
-17.3024  9.21684e+21
-17.1851  9.26321e+21
-17.0678  9.30727e+21
-16.9505  9.34871e+21
-16.8332  9.38806e+21
-16.7159  9.42554e+21
-16.5986  9.46207e+21
-16.4813  9.49845e+21
-16.364  9.53552e+21
-16.2466  9.57354e+21
-16.1293  9.61269e+21
-16.012  9.65239e+21
-15.8947  9.69204e+21
-15.7774  9.73099e+21
-15.6601  9.76748e+21
-15.5428  9.80097e+21
-15.4255  9.82956e+21
-15.3082  9.8522e+21
-15.1909  9.86825e+21
-15.0736  9.87672e+21
-14.9563  9.87757e+21
-14.839  9.87122e+21
-14.7217  9.85825e+21
-14.6044  9.84039e+21
-14.4871  9.81934e+21
-14.3698  9.79739e+21
-14.2525  9.77666e+21
-14.1352  9.75904e+21
-14.0178  9.74647e+21
-13.9005  9.74015e+21
-13.7832  9.74109e+21
-13.6659  9.74923e+21
-13.5486  9.76394e+21
-13.4313  9.78444e+21
-13.314  9.80908e+21
-13.1967  9.83621e+21
-13.0794  9.86385e+21
-12.9621  9.88997e+21
-12.8448  9.91281e+21
-12.7275  9.93091e+21
-12.6102  9.9435e+21
-12.4929  9.94999e+21
-12.3756  9.95065e+21
-12.2583  9.94633e+21
-12.141  9.93865e+21
-12.0237  9.92853e+21
-11.9064  9.91781e+21
-11.7891  9.90781e+21
-11.6718  9.89999e+21
-11.5544  9.89555e+21
-11.4371  9.89492e+21
-11.3198  9.89811e+21
-11.2025  9.90542e+21
-11.0852  9.91621e+21
-10.9679  9.92952e+21
-10.8506  9.94507e+21
-10.7333  9.96151e+21
-10.616  9.97791e+21
-10.4987  9.99379e+21
-10.3814  1.00084e+22
-10.2641  1.00217e+22
-10.1468  1.00341e+22
-10.0295  1.0046e+22
-9.91217  1.00589e+22
-9.79487  1.00738e+22
-9.67756  1.00924e+22
-9.56026  1.01156e+22
-9.44295  1.01445e+22
-9.32565  1.01795e+22
-9.20834  1.02205e+22
-9.09104  1.02671e+22
-8.97373  1.03177e+22
-8.85643  1.03707e+22
-8.73913  1.0424e+22
-8.62182  1.04754e+22
-8.50452  1.05227e+22
-8.38721  1.05634e+22
-8.26991  1.05957e+22
-8.1526  1.06181e+22
-8.03529  1.06294e+22
-7.91799  1.06298e+22
-7.80069  1.06193e+22
-7.68338  1.05995e+22
-7.56608  1.05718e+22
-7.44877  1.05389e+22
-7.33146  1.0503e+22
-7.21416  1.04666e+22
-7.09685  1.04319e+22
-6.97955  1.04006e+22
-6.86224  1.03749e+22
-6.74494  1.03546e+22
-6.62763  1.034e+22
-6.51033  1.03311e+22
-6.39302  1.03266e+22
-6.27572  1.03255e+22
-6.15842  1.03267e+22
-6.04111  1.03288e+22
-5.92381  1.03302e+22
-5.8065  1.03305e+22
-5.68919  1.0329e+22
-5.57189  1.03257e+22
-5.45458  1.03211e+22
-5.33728  1.03163e+22
-5.21997  1.03128e+22
-5.10267  1.03119e+22
-4.98536  1.03154e+22
-4.86806  1.03243e+22
-4.75075  1.03393e+22
-4.63345  1.03609e+22
-4.51614  1.03887e+22
-4.39884  1.04225e+22
-4.28154  1.04606e+22
-4.16423  1.05025e+22
-4.04692  1.05465e+22
-3.92962  1.05912e+22
-3.81231  1.06353e+22
-3.69501  1.06773e+22
-3.5777  1.07156e+22
-3.4604  1.07486e+22
-3.34309  1.07749e+22
-3.22579  1.07937e+22
-3.10849  1.08044e+22
-2.99118  1.08073e+22
-2.87387  1.08027e+22
-2.75657  1.07922e+22
-2.63926  1.07771e+22
-2.52196  1.07595e+22
-2.40465  1.07406e+22
-2.28735  1.07216e+22
-2.17005  1.07039e+22
-2.05274  1.06867e+22
-1.93544  1.06705e+22
-1.81813  1.0655e+22
-1.70083  1.06394e+22
-1.58352  1.06234e+22
-1.46622  1.06068e+22
-1.34891  1.05892e+22
-1.2316  1.05702e+22
-1.1143  1.05495e+22
-0.996995  1.05273e+22
-0.87969  1.05036e+22
-0.762385  1.04784e+22
-0.64508  1.04528e+22
-0.527775  1.04279e+22
-0.41047  1.04049e+22
-0.293165  1.03859e+22
-0.17586  1.03719e+22
-0.058555  1.03645e+22
0.05875  1.03646e+22
0.176055  1.03719e+22
0.29336  1.0386e+22
0.410665  1.0405e+22
0.52797  1.04282e+22
0.645275  1.04535e+22
0.76258  1.04793e+22
0.879885  1.05047e+22
0.99719  1.0529e+22
1.1145  1.05518e+22
1.2318  1.05728e+22
1.3491  1.05923e+22
1.46641  1.06104e+22
1.58371  1.06276e+22
1.70102  1.0644e+22
1.81832  1.06598e+22
1.93563  1.06756e+22
2.05294  1.06917e+22
2.17024  1.07087e+22
2.28754  1.07267e+22
2.40485  1.07455e+22
2.52216  1.07645e+22
2.63946  1.07818e+22
2.75677  1.07968e+22
2.87407  1.08073e+22
2.99137  1.08118e+22
3.10868  1.08092e+22
3.22599  1.07987e+22
3.34329  1.07804e+22
3.4606  1.07545e+22
3.5779  1.0722e+22
3.69521  1.06844e+22
3.81251  1.06433e+22
3.92982  1.05998e+22
4.04712  1.05558e+22
4.16443  1.05125e+22
4.28173  1.04713e+22
4.39903  1.04336e+22
4.51634  1.04002e+22
4.63364  1.03725e+22
4.75095  1.03512e+22
4.86825  1.03361e+22
4.98556  1.03273e+22
5.10286  1.03236e+22
5.22017  1.03245e+22
5.33748  1.03279e+22
5.45478  1.03325e+22
5.57209  1.03369e+22
5.68939  1.03401e+22
5.8067  1.03418e+22
5.924  1.03416e+22
6.0413  1.03401e+22
6.15861  1.03383e+22
6.27591  1.03374e+22
6.39322  1.0339e+22
6.51052  1.03439e+22
6.62783  1.03533e+22
6.74514  1.03681e+22
6.86244  1.03887e+22
6.97975  1.04152e+22
7.09705  1.04466e+22
7.21436  1.04818e+22
7.33166  1.05183e+22
7.44897  1.05546e+22
7.56627  1.05878e+22
7.68358  1.06156e+22
7.80088  1.06357e+22
7.91819  1.06461e+22
8.03549  1.0646e+22
8.1528  1.06349e+22
8.2701  1.06126e+22
8.38741  1.05806e+22
8.50471  1.05401e+22
8.62202  1.04933e+22
8.73932  1.04422e+22
8.85662  1.03892e+22
8.97393  1.03366e+22
9.09123  1.02863e+22
9.20854  1.024e+22
9.32584  1.01992e+22
9.44315  1.01645e+22
9.56045  1.01358e+22
9.67776  1.01128e+22
9.79506  1.00943e+22
9.91237  1.00796e+22
10.0297  1.00669e+22
10.147  1.0055e+22
10.2643  1.00428e+22
10.3816  1.00296e+22
10.4989  1.00154e+22
10.6162  9.99987e+21
10.7335  9.98361e+21
10.8508  9.96748e+21
10.9681  9.95241e+21
11.0854  9.93948e+21
11.2027  9.92923e+21
11.32  9.92239e+21
11.4373  9.91933e+21
11.5546  9.92026e+21
11.6719  9.92521e+21
11.7893  9.93331e+21
11.9066  9.9434e+21
12.0239  9.95412e+21
12.1412  9.96451e+21
12.2585  9.9724e+21
12.3758  9.97665e+21
12.4931  9.97593e+21
12.6104  9.96932e+21
12.7277  9.95675e+21
12.845  9.93878e+21
12.9623  9.91584e+21
13.0796  9.88983e+21
13.1969  9.86226e+21
13.3142  9.83539e+21
13.4315  9.81094e+21
13.5488  9.79075e+21
13.6661  9.77636e+21
13.7834  9.76854e+21
13.9007  9.76796e+21
14.018  9.77459e+21
14.1354  9.78759e+21
14.2527  9.8055e+21
14.37  9.82661e+21
14.4873  9.84888e+21
14.6046  9.87022e+21
14.7219  9.88841e+21
14.8392  9.90167e+21
14.9565  9.90845e+21
15.0738  9.9078e+21
15.1911  9.89973e+21
15.3084  9.88403e+21
15.4257  9.86153e+21
15.543  9.83312e+21
15.6603  9.8001e+21
15.7776  9.76378e+21
15.8949  9.72535e+21
16.0122  9.68578e+21
16.1295  9.64603e+21
16.2468  9.60695e+21
16.3641  9.56906e+21
16.4815  9.53206e+21
16.5988  9.49547e+21
16.7161  9.45878e+21
16.8334  9.4214e+21
16.9507  9.38194e+21
17.068  9.34023e+21
17.1853  9.29612e+21
17.3026  9.24947e+21
17.4199  9.20161e+21
17.5372  9.15424e+21
17.6545  9.10862e+21
17.7718  9.0675e+21
17.8891  9.03243e+21
18.0064  9.00553e+21
18.1237  8.98766e+21
18.241  8.9798e+21
18.3583  8.98225e+21
18.4756  8.99445e+21
18.5929  9.01591e+21
18.7102  9.04555e+21
18.8275  9.08132e+21
18.9449  9.12127e+21
19.0622  9.16266e+21
19.1795  9.20249e+21
19.2968  9.23745e+21
19.4141  9.26433e+21
19.5314  9.28046e+21
19.6487  9.28323e+21
19.766  9.27176e+21
19.8833  9.24621e+21
20.0006  9.20769e+21
20.1179  9.15871e+21
20.2352  9.10192e+21
20.3525  9.04098e+21
20.4698  8.97875e+21
20.5871  8.91818e+21
20.7044  8.86116e+21
20.8217  8.80921e+21
20.939  8.76319e+21
21.0563  8.72349e+21
21.1736  8.68969e+21
21.291  8.66115e+21
21.4083  8.6375e+21
21.5256  8.61782e+21
21.6429  8.60043e+21
21.7602  8.58456e+21
21.8775  8.56892e+21
21.9948  8.55207e+21
22.1121  8.53359e+21
22.2294  8.51339e+21
22.3467  8.49126e+21
22.464  8.46841e+21
22.5813  8.44569e+21
22.6986  8.42473e+21
22.8159  8.40649e+21
22.9332  8.39224e+21
23.0505  8.38263e+21
23.1678  8.37744e+21
23.2851  8.37662e+21
23.4024  8.37957e+21
23.5198  8.38475e+21
23.6371  8.3914e+21
23.7544  8.39791e+21
23.8717  8.40299e+21
23.989  8.40524e+21
24.1063  8.40346e+21
24.2236  8.39668e+21
24.3409  8.38363e+21
24.4582  8.36416e+21
24.5755  8.33845e+21
24.6928  8.30674e+21
24.8101  8.27057e+21
24.9274  8.23091e+21
25.0447  8.18983e+21
25.162  8.14854e+21
25.2793  8.10884e+21
25.3966  8.07149e+21
25.5139  8.03751e+21
25.6312  8.00707e+21
25.7485  7.98039e+21
25.8658  7.95715e+21
25.9832  7.93681e+21
26.1005  7.91927e+21
26.2178  7.90366e+21
26.3351  7.88914e+21
26.4524  7.87476e+21
26.5697  7.85973e+21
26.687  7.84269e+21
26.8043  7.82289e+21
26.9216  7.79992e+21
27.0389  7.77313e+21
27.1562  7.74307e+21
27.2735  7.71001e+21
27.3908  7.67497e+21
27.5081  7.63869e+21
27.6254  7.60207e+21
27.7427  7.56588e+21
27.86  7.53017e+21
27.9773  7.49531e+21
28.0946  7.46105e+21
28.212  7.42665e+21
28.3293  7.39228e+21
28.4466  7.35731e+21
28.5639  7.32198e+21
28.6812  7.28618e+21
28.7985  7.25028e+21
28.9158  7.21486e+21
29.0331  7.18033e+21
29.1504  7.14725e+21
29.2677  7.11634e+21
29.385  7.08822e+21
29.5023  7.06344e+21
29.6196  7.04237e+21
29.7369  7.02544e+21
29.8542  7.01263e+21
29.9715  7.00409e+21
30.0888  6.99908e+21
30.2061  6.99728e+21
30.3234  6.99761e+21
30.4407  6.99895e+21
30.558  7.00034e+21
30.6754  7.00022e+21
30.7927  6.99787e+21
30.91  6.99202e+21
31.0273  6.98211e+21
31.1446  6.96731e+21
31.2619  6.94759e+21
31.3792  6.92273e+21
31.4965  6.89322e+21
31.6138  6.85961e+21
31.7311  6.82263e+21
31.8484  6.78343e+21
31.9657  6.74302e+21
32.083  6.7024e+21
32.2003  6.66292e+21
32.3176  6.62515e+21
32.4349  6.59018e+21
32.5522  6.55832e+21
32.6695  6.5303e+21
32.7868  6.50624e+21
32.9042  6.48593e+21
33.0215  6.46992e+21
33.1388  6.45755e+21
33.2561  6.44869e+21
33.3734  6.4426e+21
33.4907  6.43848e+21
33.608  6.4354e+21
33.7253  6.43226e+21
33.8426  6.42765e+21
33.9599  6.42068e+21
34.0772  6.41033e+21
34.1945  6.39585e+21
34.3118  6.37656e+21
34.4291  6.35221e+21
34.5464  6.3228e+21
34.6637  6.28844e+21
34.781  6.24939e+21
34.8983  6.20655e+21
35.0156  6.1605e+21
35.1329  6.11198e+21
35.2503  6.06263e+21
35.3676  6.01295e+21
35.4849  5.9647e+21
35.6022  5.91858e+21
35.7195  5.87548e+21
35.8368  5.83583e+21
35.9541  5.79998e+21
36.0714  5.76762e+21
36.1887  5.73844e+21
36.306  5.71169e+21
36.4233  5.68655e+21
36.5406  5.66217e+21
36.6579  5.63768e+21
36.7752  5.61208e+21
36.8925  5.58497e+21
37.0098  5.55551e+21
37.1271  5.52364e+21
37.2444  5.48922e+21
37.3617  5.45263e+21
37.479  5.41452e+21
37.5964  5.37543e+21
37.7137  5.33707e+21
37.831  5.30005e+21
37.9483  5.26607e+21
38.0656  5.23553e+21
38.1829  5.20917e+21
38.3002  5.18711e+21
38.4175  5.169e+21
38.5348  5.15416e+21
38.6521  5.14175e+21
38.7694  5.13099e+21
38.8867  5.12127e+21
39.004  5.11161e+21
39.1213  5.10168e+21
39.2386  5.09129e+21
39.3559  5.08029e+21
39.4732  5.06866e+21
39.5905  5.05645e+21
39.7078  5.04355e+21
39.8251  5.03005e+21
39.9425  5.01654e+21
40.0598  5.00289e+21
40.1771  4.99011e+21
40.2944  4.97823e+21
40.4117  4.96787e+21
40.529  4.95897e+21
40.6463  4.95124e+21
40.7636  4.94419e+21
40.8809  4.9366e+21
40.9982  4.92704e+21
41.1155  4.91414e+21
41.2328  4.89623e+21
41.3501  4.87233e+21
41.4674  4.84136e+21
41.5847  4.80321e+21
41.702  4.758e+21
41.8193  4.70645e+21
41.9366  4.64955e+21
42.0539  4.58895e+21
42.1712  4.52635e+21
42.2885  4.46354e+21
42.4059  4.40283e+21
42.5232  4.34631e+21
42.6405  4.29618e+21
42.7578  4.25389e+21
42.8751  4.22095e+21
42.9924  4.19784e+21
43.1097  4.18445e+21
43.227  4.17959e+21
43.3443  4.18142e+21
43.4616  4.1877e+21
43.5789  4.19585e+21
43.6962  4.20312e+21
43.8135  4.20715e+21
43.9308  4.20641e+21
44.0481  4.19997e+21
44.1654  4.18754e+21
44.2827  4.16958e+21
44.4  4.14694e+21
44.5173  4.12091e+21
44.6347  4.09306e+21
44.752  4.0648e+21
44.8693  4.03775e+21
44.9866  4.01269e+21
45.1039  3.99087e+21
45.2212  3.97259e+21
45.3385  3.95784e+21
45.4558  3.9465e+21
45.5731  3.93745e+21
45.6904  3.92935e+21
45.8077  3.9209e+21
45.925  3.91009e+21
46.0423  3.89531e+21
46.1596  3.87523e+21
46.2769  3.8489e+21
46.3942  3.81595e+21
46.5115  3.77651e+21
46.6288  3.7313e+21
46.7461  3.68171e+21
46.8634  3.62917e+21
46.9808  3.57565e+21
47.0981  3.523e+21
47.2154  3.4734e+21
47.3327  3.42847e+21
47.45  3.38952e+21
47.5673  3.35765e+21
47.6846  3.33311e+21
47.8019  3.31606e+21
47.9192  3.30542e+21
48.0365  3.29977e+21
48.1538  3.29754e+21
48.2711  3.29637e+21
48.3884  3.29448e+21
48.5057  3.28961e+21
48.623  3.28039e+21
48.7403  3.26589e+21
48.8576  3.24561e+21
48.9749  3.21974e+21
49.0922  3.18896e+21
49.2095  3.15423e+21
49.3269  3.11714e+21
49.4442  3.07946e+21
49.5615  3.04294e+21
49.6788  3.00912e+21
49.7961  2.97994e+21
49.9134  2.9565e+21
50.0307  2.9397e+21
50.148  2.93013e+21
50.2653  2.92726e+21
50.3826  2.93004e+21
50.4999  2.93723e+21
50.6172  2.9465e+21
50.7345  2.95584e+21
50.8518  2.96293e+21
50.9691  2.96604e+21
51.0864  2.96371e+21
51.2037  2.95485e+21
51.321  2.93946e+21
51.4383  2.91778e+21
51.5556  2.89044e+21
51.673  2.85876e+21
51.7903  2.8239e+21
51.9076  2.7876e+21
52.0249  2.75101e+21
52.1422  2.71552e+21
52.2595  2.68226e+21
52.3768  2.65179e+21
52.4941  2.62506e+21
52.6114  2.60204e+21
52.7287  2.58247e+21
52.846  2.56604e+21
52.9633  2.55173e+21
53.0806  2.53887e+21
53.1979  2.52607e+21
53.3152  2.51257e+21
53.4325  2.49736e+21
53.5498  2.47983e+21
53.6671  2.45997e+21
53.7844  2.43776e+21
53.9017  2.41353e+21
54.0191  2.3882e+21
54.1364  2.36301e+21
54.2537  2.33885e+21
54.371  2.31679e+21
54.4883  2.29809e+21
54.6056  2.28333e+21
54.7229  2.27306e+21
54.8402  2.26739e+21
54.9575  2.26606e+21
55.0748  2.2683e+21
55.1921  2.27345e+21
55.3094  2.28029e+21
55.4267  2.28793e+21
55.544  2.29502e+21
55.6613  2.30084e+21
55.7786  2.3043e+21
55.8959  2.30436e+21
56.0132  2.30074e+21
56.1305  2.29242e+21
56.2478  2.27926e+21
56.3651  2.26119e+21
56.4825  2.23833e+21
56.5998  2.21136e+21
56.7171  2.18094e+21
56.8344  2.14834e+21
56.9517  2.11458e+21
57.069  2.0806e+21
57.1863  2.04768e+21
57.3036  2.01628e+21
57.4209  1.98667e+21
57.5382  1.95901e+21
57.6555  1.93308e+21
57.7728  1.90868e+21
57.8901  1.88547e+21
58.0074  1.86343e+21
58.1247  1.84233e+21
58.242  1.82219e+21
58.3593  1.80319e+21
58.4766  1.78533e+21
58.5939  1.76838e+21
