#S 1 spectral density
#N 2
#UFWHM 25.8071
#L  abscissas [um]  spectral density
-58.5938  7.07546e+19
-58.4764  6.65289e+19
-58.3591  6.42807e+19
-58.2418  6.39308e+19
-58.1245  6.51116e+19
-58.0072  6.73859e+19
-57.8899  7.02738e+19
-57.7726  7.34355e+19
-57.6553  7.6779e+19
-57.538  8.046e+19
-57.4207  8.47853e+19
-57.3034  9.01306e+19
-57.1861  9.68013e+19
-57.0688  1.04829e+20
-56.9515  1.14006e+20
-56.8342  1.23801e+20
-56.7169  1.33623e+20
-56.5996  1.42658e+20
-56.4823  1.50444e+20
-56.365  1.56631e+20
-56.2477  1.61202e+20
-56.1303  1.64362e+20
-56.013  1.66661e+20
-55.8957  1.6849e+20
-55.7784  1.70342e+20
-55.6611  1.72321e+20
-55.5438  1.74451e+20
-55.4265  1.76523e+20
-55.3092  1.78167e+20
-55.1919  1.78893e+20
-55.0746  1.78426e+20
-54.9573  1.76404e+20
-54.84  1.72835e+20
-54.7227  1.67686e+20
-54.6054  1.61302e+20
-54.4881  1.54027e+20
-54.3708  1.46296e+20
-54.2535  1.38683e+20
-54.1362  1.31727e+20
-54.0189  1.26027e+20
-53.9016  1.22049e+20
-53.7842  1.20242e+20
-53.6669  1.20879e+20
-53.5496  1.24098e+20
-53.4323  1.29801e+20
-53.315  1.37765e+20
-53.1977  1.47526e+20
-53.0804  1.58571e+20
-52.9631  1.7034e+20
-52.8458  1.82233e+20
-52.7285  1.93752e+20
-52.6112  2.04564e+20
-52.4939  2.14382e+20
-52.3766  2.23129e+20
-52.2593  2.30723e+20
-52.142  2.37298e+20
-52.0247  2.42834e+20
-51.9074  2.47344e+20
-51.7901  2.50627e+20
-51.6728  2.52584e+20
-51.5555  2.52783e+20
-51.4381  2.50832e+20
-51.3208  2.46411e+20
-51.2035  2.39217e+20
-51.0862  2.29375e+20
-50.9689  2.17133e+20
-50.8516  2.03193e+20
-50.7343  1.88392e+20
-50.617  1.73814e+20
-50.4997  1.60499e+20
-50.3824  1.49216e+20
-50.2651  1.40518e+20
-50.1478  1.34535e+20
-50.0305  1.31021e+20
-49.9132  1.29416e+20
-49.7959  1.28961e+20
-49.6786  1.28938e+20
-49.5613  1.2876e+20
-49.444  1.28117e+20
-49.3267  1.26985e+20
-49.2094  1.25604e+20
-49.092  1.24512e+20
-48.9747  1.24279e+20
-48.8574  1.25688e+20
-48.7401  1.29428e+20
-48.6228  1.361e+20
-48.5055  1.4615e+20
-48.3882  1.59855e+20
-48.2709  1.77135e+20
-48.1536  1.97543e+20
-48.0363  2.20302e+20
-47.919  2.443e+20
-47.8017  2.68103e+20
-47.6844  2.9013e+20
-47.5671  3.08894e+20
-47.4498  3.23249e+20
-47.3325  3.32267e+20
-47.2152  3.35915e+20
-47.0979  3.345e+20
-46.9806  3.28865e+20
-46.8633  3.20352e+20
-46.7459  3.10323e+20
-46.6286  3.00145e+20
-46.5113  2.90862e+20
-46.394  2.83353e+20
-46.2767  2.7802e+20
-46.1594  2.75011e+20
-46.0421  2.74136e+20
-45.9248  2.75037e+20
-45.8075  2.7715e+20
-45.6902  2.79657e+20
-45.5729  2.81861e+20
-45.4556  2.82769e+20
-45.3383  2.81627e+20
-45.221  2.77685e+20
-45.1037  2.70569e+20
-44.9864  2.60401e+20
-44.8691  2.47692e+20
-44.7518  2.33428e+20
-44.6345  2.19022e+20
-44.5172  2.05977e+20
-44.3998  1.95726e+20
-44.2825  1.89181e+20
-44.1652  1.86851e+20
-44.0479  1.88702e+20
-43.9306  1.94039e+20
-43.8133  2.01884e+20
-43.696  2.11187e+20
-43.5787  2.20882e+20
-43.4614  2.30166e+20
-43.3441  2.38742e+20
-43.2268  2.46544e+20
-43.1095  2.5388e+20
-42.9922  2.61103e+20
-42.8749  2.68771e+20
-42.7576  2.77255e+20
-42.6403  2.86944e+20
-42.523  2.9804e+20
-42.4057  3.10696e+20
-42.2884  3.24881e+20
-42.171  3.4055e+20
-42.0537  3.5758e+20
-41.9364  3.75655e+20
-41.8191  3.94298e+20
-41.7018  4.1275e+20
-41.5845  4.30419e+20
-41.4672  4.46564e+20
-41.3499  4.60595e+20
-41.2326  4.72065e+20
-41.1153  4.80961e+20
-40.998  4.87369e+20
-40.8807  4.91599e+20
-40.7634  4.93915e+20
-40.6461  4.94654e+20
-40.5288  4.93732e+20
-40.4115  4.90976e+20
-40.2942  4.86164e+20
-40.1769  4.78572e+20
-40.0596  4.67939e+20
-39.9423  4.542e+20
-39.825  4.3754e+20
-39.7076  4.18661e+20
-39.5903  3.98746e+20
-39.473  3.79008e+20
-39.3557  3.60936e+20
-39.2384  3.45856e+20
-39.1211  3.3482e+20
-39.0038  3.28664e+20
-38.8865  3.27697e+20
-38.7692  3.31986e+20
-38.6519  3.41301e+20
-38.5346  3.54913e+20
-38.4173  3.71959e+20
-38.3  3.9133e+20
-38.1827  4.11676e+20
-38.0654  4.31594e+20
-37.9481  4.49636e+20
-37.8308  4.64539e+20
-37.7135  4.75334e+20
-37.5962  4.81437e+20
-37.4789  4.82998e+20
-37.3615  4.80561e+20
-37.2442  4.7524e+20
-37.1269  4.68753e+20
-37.0096  4.62434e+20
-36.8923  4.58151e+20
-36.775  4.57076e+20
-36.6577  4.60124e+20
-36.5404  4.67537e+20
-36.4231  4.79046e+20
-36.3058  4.94017e+20
-36.1885  5.11334e+20
-36.0712  5.29649e+20
-35.9539  5.47584e+20
-35.8366  5.63748e+20
-35.7193  5.77173e+20
-35.602  5.87019e+20
-35.4847  5.92772e+20
-35.3674  5.94684e+20
-35.2501  5.9335e+20
-35.1328  5.8969e+20
-35.0154  5.85341e+20
-34.8981  5.81915e+20
-34.7808  5.81082e+20
-34.6635  5.84079e+20
-34.5462  5.91917e+20
-34.4289  6.04555e+20
-34.3116  6.21523e+20
-34.1943  6.41512e+20
-34.077  6.62955e+20
-33.9597  6.84004e+20
-33.8424  7.02811e+20
-33.7251  7.18077e+20
-33.6078  7.29114e+20
-33.4905  7.35883e+20
-33.3732  7.39054e+20
-33.2559  7.3977e+20
-33.1386  7.39912e+20
-33.0213  7.41146e+20
-32.904  7.45155e+20
-32.7867  7.53693e+20
-32.6693  7.67407e+20
-32.552  7.86726e+20
-32.4347  8.11471e+20
-32.3174  8.40267e+20
-32.2001  8.71797e+20
-32.0828  9.03715e+20
-31.9655  9.33865e+20
-31.8482  9.60033e+20
-31.7309  9.80052e+20
-31.6136  9.92718e+20
-31.4963  9.97183e+20
-31.379  9.93579e+20
-31.2617  9.82496e+20
-31.1444  9.65399e+20
-31.0271  9.4396e+20
-30.9098  9.20021e+20
-30.7925  8.95515e+20
-30.6752  8.71897e+20
-30.5579  8.50135e+20
-30.4406  8.30953e+20
-30.3232  8.14813e+20
-30.2059  8.01695e+20
-30.0886  7.913e+20
-29.9713  7.83548e+20
-29.854  7.78295e+20
-29.7367  7.75593e+20
-29.6194  7.75782e+20
-29.5021  7.79224e+20
-29.3848  7.86507e+20
-29.2675  7.98433e+20
-29.1502  8.1517e+20
-29.0329  8.37204e+20
-28.9156  8.64336e+20
-28.7983  8.95983e+20
-28.681  9.31267e+20
-28.5637  9.68731e+20
-28.4464  1.00707e+21
-28.3291  1.04462e+21
-28.2118  1.08002e+21
-28.0944  1.11244e+21
-27.9771  1.14112e+21
-27.8598  1.16597e+21
-27.7425  1.18738e+21
-27.6252  1.20581e+21
-27.5079  1.22229e+21
-27.3906  1.23764e+21
-27.2733  1.25297e+21
-27.156  1.26952e+21
-27.0387  1.28791e+21
-26.9214  1.30927e+21
-26.8041  1.33396e+21
-26.6868  1.36226e+21
-26.5695  1.39366e+21
-26.4522  1.4274e+21
-26.3349  1.4625e+21
-26.2176  1.49749e+21
-26.1003  1.53132e+21
-25.983  1.56296e+21
-25.8657  1.59226e+21
-25.7483  1.62011e+21
-25.631  1.64789e+21
-25.5137  1.67808e+21
-25.3964  1.71302e+21
-25.2791  1.7554e+21
-25.1618  1.80714e+21
-25.0445  1.86934e+21
-24.9272  1.94187e+21
-24.8099  2.02333e+21
-24.6926  2.11149e+21
-24.5753  2.20347e+21
-24.458  2.29554e+21
-24.3407  2.38458e+21
-24.2234  2.46766e+21
-24.1061  2.54247e+21
-23.9888  2.60786e+21
-23.8715  2.6634e+21
-23.7542  2.71014e+21
-23.6369  2.74993e+21
-23.5196  2.78569e+21
-23.4023  2.82107e+21
-23.2849  2.86013e+21
-23.1676  2.9067e+21
-23.0503  2.96418e+21
-22.933  3.03492e+21
-22.8157  3.11956e+21
-22.6984  3.21718e+21
-22.5811  3.32512e+21
-22.4638  3.43996e+21
-22.3465  3.55695e+21
-22.2292  3.67196e+21
-22.1119  3.78097e+21
-21.9946  3.88149e+21
-21.8773  3.97252e+21
-21.76  4.05444e+21
-21.6427  4.12943e+21
-21.5254  4.20043e+21
-21.4081  4.27167e+21
-21.2908  4.34726e+21
-21.1735  4.43158e+21
-21.0561  4.52851e+21
-20.9388  4.64078e+21
-20.8215  4.77076e+21
-20.7042  4.91886e+21
-20.5869  5.08416e+21
-20.4696  5.26398e+21
-20.3523  5.45442e+21
-20.235  5.64924e+21
-20.1177  5.84206e+21
-20.0004  6.02594e+21
-19.8831  6.19437e+21
-19.7658  6.34205e+21
-19.6485  6.46563e+21
-19.5312  6.56462e+21
-19.4139  6.64017e+21
-19.2966  6.69602e+21
-19.1793  6.73826e+21
-19.062  6.77308e+21
-18.9447  6.80757e+21
-18.8274  6.84836e+21
-18.71  6.90136e+21
-18.5927  6.9709e+21
-18.4754  7.06034e+21
-18.3581  7.17114e+21
-18.2408  7.30465e+21
-18.1235  7.45964e+21
-18.0062  7.63509e+21
-17.8889  7.82874e+21
-17.7716  8.03868e+21
-17.6543  8.26236e+21
-17.537  8.49745e+21
-17.4197  8.74182e+21
-17.3024  8.99399e+21
-17.1851  9.25288e+21
-17.0678  9.51728e+21
-16.9505  9.78672e+21
-16.8332  1.006e+22
-16.7159  1.03358e+22
-16.5986  1.06121e+22
-16.4813  1.08866e+22
-16.364  1.11558e+22
-16.2466  1.14157e+22
-16.1293  1.16629e+22
-16.012  1.18938e+22
-15.8947  1.21052e+22
-15.7774  1.22956e+22
-15.6601  1.24646e+22
-15.5428  1.26127e+22
-15.4255  1.27421e+22
-15.3082  1.28562e+22
-15.1909  1.29587e+22
-15.0736  1.30543e+22
-14.9563  1.31471e+22
-14.839  1.32419e+22
-14.7217  1.33419e+22
-14.6044  1.34495e+22
-14.4871  1.35669e+22
-14.3698  1.36941e+22
-14.2525  1.38306e+22
-14.1352  1.39747e+22
-14.0178  1.41249e+22
-13.9005  1.42784e+22
-13.7832  1.44334e+22
-13.6659  1.45877e+22
-13.5486  1.47416e+22
-13.4313  1.48935e+22
-13.314  1.50453e+22
-13.1967  1.51982e+22
-13.0794  1.53547e+22
-12.9621  1.55175e+22
-12.8448  1.56897e+22
-12.7275  1.58733e+22
-12.6102  1.60713e+22
-12.4929  1.62854e+22
-12.3756  1.65161e+22
-12.2583  1.67639e+22
-12.141  1.70277e+22
-12.0237  1.73058e+22
-11.9064  1.75953e+22
-11.7891  1.78933e+22
-11.6718  1.81962e+22
-11.5544  1.85006e+22
-11.4371  1.88036e+22
-11.3198  1.91023e+22
-11.2025  1.93949e+22
-11.0852  1.96807e+22
-10.9679  1.9959e+22
-10.8506  2.02303e+22
-10.7333  2.04952e+22
-10.616  2.07543e+22
-10.4987  2.10084e+22
-10.3814  2.12577e+22
-10.2641  2.15025e+22
-10.1468  2.17426e+22
-10.0295  2.19777e+22
-9.91217  2.22068e+22
-9.79487  2.243e+22
-9.67756  2.2646e+22
-9.56026  2.28544e+22
-9.44295  2.30547e+22
-9.32565  2.32465e+22
-9.20834  2.34296e+22
-9.09104  2.36036e+22
-8.97373  2.37686e+22
-8.85643  2.39253e+22
-8.73913  2.40728e+22
-8.62182  2.42122e+22
-8.50452  2.43434e+22
-8.38721  2.44667e+22
-8.26991  2.45821e+22
-8.1526  2.46895e+22
-8.03529  2.47884e+22
-7.91799  2.48794e+22
-7.80069  2.49627e+22
-7.68338  2.5039e+22
-7.56608  2.51098e+22
-7.44877  2.51773e+22
-7.33146  2.5244e+22
-7.21416  2.53127e+22
-7.09685  2.5387e+22
-6.97955  2.547e+22
-6.86224  2.55652e+22
-6.74494  2.56755e+22
-6.62763  2.58022e+22
-6.51033  2.59469e+22
-6.39302  2.61097e+22
-6.27572  2.6289e+22
-6.15842  2.64833e+22
-6.04111  2.66889e+22
-5.92381  2.69019e+22
-5.8065  2.71186e+22
-5.68919  2.7334e+22
-5.57189  2.75443e+22
-5.45458  2.77456e+22
-5.33728  2.79362e+22
-5.21997  2.8114e+22
-5.10267  2.82788e+22
-4.98536  2.84311e+22
-4.86806  2.85718e+22
-4.75075  2.87031e+22
-4.63345  2.88266e+22
-4.51614  2.89445e+22
-4.39884  2.90579e+22
-4.28154  2.91687e+22
-4.16423  2.92767e+22
-4.04692  2.93818e+22
-3.92962  2.94829e+22
-3.81231  2.95785e+22
-3.69501  2.96656e+22
-3.5777  2.97417e+22
-3.4604  2.9804e+22
-3.34309  2.98502e+22
-3.22579  2.98792e+22
-3.10849  2.98916e+22
-2.99118  2.98892e+22
-2.87387  2.98755e+22
-2.75657  2.98554e+22
-2.63926  2.98343e+22
-2.52196  2.98179e+22
-2.40465  2.9811e+22
-2.28735  2.98172e+22
-2.17005  2.98394e+22
-2.05274  2.98785e+22
-1.93544  2.99334e+22
-1.81813  3.0003e+22
-1.70083  3.00843e+22
-1.58352  3.01739e+22
-1.46622  3.02685e+22
-1.34891  3.03641e+22
-1.2316  3.04568e+22
-1.1143  3.05434e+22
-0.996995  3.06207e+22
-0.87969  3.06867e+22
-0.762385  3.07391e+22
-0.64508  3.0779e+22
-0.527775  3.08067e+22
-0.41047  3.0824e+22
-0.293165  3.08336e+22
-0.17586  3.08378e+22
-0.058555  3.08389e+22
0.05875  3.08378e+22
0.176055  3.08347e+22
0.29336  3.08283e+22
0.410665  3.0817e+22
0.52797  3.07975e+22
0.645275  3.0768e+22
0.76258  3.07263e+22
0.879885  3.06722e+22
0.99719  3.06046e+22
1.1145  3.05261e+22
1.2318  3.04382e+22
1.3491  3.03443e+22
1.46641  3.02474e+22
1.58371  3.01515e+22
1.70102  3.00604e+22
1.81832  2.99776e+22
1.93563  2.99064e+22
2.05294  2.98493e+22
2.17024  2.98084e+22
2.28754  2.97843e+22
2.40485  2.97754e+22
2.52216  2.97797e+22
2.63946  2.97935e+22
2.75677  2.98114e+22
2.87407  2.98285e+22
2.99137  2.98387e+22
3.10868  2.98378e+22
3.22599  2.9822e+22
3.34329  2.97897e+22
3.4606  2.97404e+22
3.5779  2.96752e+22
3.69521  2.95962e+22
3.81251  2.95067e+22
3.92982  2.94085e+22
4.04712  2.93048e+22
4.16443  2.91978e+22
4.28173  2.90875e+22
4.39903  2.89748e+22
4.51634  2.88591e+22
4.63364  2.87396e+22
4.75095  2.8614e+22
4.86825  2.84808e+22
4.98556  2.83381e+22
5.10286  2.81843e+22
5.22017  2.80176e+22
5.33748  2.78382e+22
5.45478  2.76463e+22
5.57209  2.74438e+22
5.68939  2.72324e+22
5.8067  2.70162e+22
5.924  2.67989e+22
6.0413  2.65852e+22
6.15861  2.63791e+22
6.27591  2.61844e+22
6.39322  2.60047e+22
6.51052  2.58416e+22
6.62783  2.56963e+22
6.74514  2.55687e+22
6.86244  2.5458e+22
6.97975  2.53619e+22
7.09705  2.52776e+22
7.21436  2.5202e+22
7.33166  2.51316e+22
7.44897  2.50634e+22
7.56627  2.4994e+22
7.68358  2.4921e+22
7.80088  2.48426e+22
7.91819  2.47569e+22
8.03549  2.46637e+22
8.1528  2.45626e+22
8.2701  2.44531e+22
8.38741  2.43356e+22
8.50471  2.42105e+22
8.62202  2.40773e+22
8.73932  2.39359e+22
8.85662  2.37868e+22
8.97393  2.36288e+22
9.09123  2.34621e+22
9.20854  2.32868e+22
9.32584  2.31025e+22
9.44315  2.29092e+22
9.56045  2.27075e+22
9.67776  2.24979e+22
9.79506  2.22806e+22
9.91237  2.2056e+22
10.0297  2.18256e+22
10.147  2.15894e+22
10.2643  2.13481e+22
10.3816  2.11021e+22
10.4989  2.08516e+22
10.6162  2.05963e+22
10.7335  2.03363e+22
10.8508  2.00708e+22
10.9681  1.97987e+22
11.0854  1.95199e+22
11.2027  1.92338e+22
11.32  1.89409e+22
11.4373  1.86423e+22
11.5546  1.83398e+22
11.6719  1.80356e+22
11.7893  1.77333e+22
11.9066  1.74362e+22
12.0239  1.71472e+22
12.1412  1.68702e+22
12.2585  1.66074e+22
12.3758  1.63607e+22
12.4931  1.61308e+22
12.6104  1.59177e+22
12.7277  1.57204e+22
12.845  1.55374e+22
12.9623  1.5366e+22
13.0796  1.52036e+22
13.1969  1.50474e+22
13.3142  1.4895e+22
13.4315  1.47433e+22
13.5488  1.45914e+22
13.6661  1.4438e+22
13.7834  1.42835e+22
13.9007  1.41288e+22
14.018  1.39752e+22
14.1354  1.38252e+22
14.2527  1.36809e+22
14.37  1.35446e+22
14.4873  1.34174e+22
14.6046  1.33e+22
14.7219  1.31923e+22
14.8392  1.30924e+22
14.9565  1.29975e+22
15.0738  1.29047e+22
15.1911  1.2809e+22
15.3084  1.27063e+22
15.4257  1.25921e+22
15.543  1.24628e+22
15.6603  1.23146e+22
15.7776  1.21458e+22
15.8949  1.19555e+22
16.0122  1.17444e+22
16.1295  1.15142e+22
16.2468  1.12677e+22
16.3641  1.10082e+22
16.4815  1.07401e+22
16.5988  1.0467e+22
16.7161  1.01916e+22
16.8334  9.91705e+21
16.9507  9.64539e+21
17.068  9.37765e+21
17.1853  9.11486e+21
17.3026  8.85788e+21
17.4199  8.6076e+21
17.5372  8.36514e+21
17.6545  8.13223e+21
17.7718  7.91087e+21
17.8891  7.70303e+21
18.0064  7.51171e+21
18.1237  7.33856e+21
18.241  7.18576e+21
18.3583  7.05458e+21
18.4756  6.94554e+21
18.5929  6.85801e+21
18.7102  6.79001e+21
18.8275  6.73853e+21
18.9449  6.69883e+21
19.0622  6.6654e+21
19.1795  6.63132e+21
19.2968  6.58969e+21
19.4141  6.53425e+21
19.5314  6.45926e+21
19.6487  6.36083e+21
19.766  6.238e+21
19.8833  6.0911e+21
20.0006  5.92388e+21
20.1179  5.74138e+21
20.2352  5.55039e+21
20.3525  5.35745e+21
20.4698  5.16931e+21
20.5871  4.99161e+21
20.7044  4.82858e+21
20.8217  4.68281e+21
20.939  4.55508e+21
21.0563  4.44463e+21
21.1736  4.34975e+21
21.291  4.2671e+21
21.4083  4.19304e+21
21.5256  4.12326e+21
21.6429  4.05349e+21
21.7602  3.97982e+21
21.8775  3.89906e+21
21.9948  3.80926e+21
22.1121  3.70998e+21
22.2294  3.6021e+21
22.3467  3.48865e+21
22.464  3.37313e+21
22.5813  3.25992e+21
22.6986  3.15362e+21
22.8159  3.05789e+21
22.9332  2.975e+21
23.0505  2.90605e+21
23.1678  2.85007e+21
23.2851  2.80495e+21
23.4024  2.76725e+21
23.5198  2.73311e+21
23.6371  2.69846e+21
23.7544  2.65973e+21
23.8717  2.61407e+21
23.989  2.55951e+21
24.1063  2.49525e+21
24.2236  2.4216e+21
24.3409  2.33969e+21
24.4582  2.25204e+21
24.5755  2.16125e+21
24.6928  2.07089e+21
24.8101  1.98428e+21
24.9274  1.90441e+21
25.0447  1.83356e+21
25.162  1.77295e+21
25.2793  1.72277e+21
25.3966  1.68178e+21
25.5139  1.64808e+21
25.6312  1.61916e+21
25.7485  1.59244e+21
25.8658  1.56569e+21
25.9832  1.53712e+21
26.1005  1.50644e+21
26.2178  1.4736e+21
26.3351  1.43941e+21
26.4524  1.40525e+21
26.5697  1.3724e+21
26.687  1.34182e+21
26.8043  1.31458e+21
26.9216  1.29077e+21
27.0389  1.27019e+21
27.1562  1.25249e+21
27.2735  1.23672e+21
27.3908  1.22197e+21
27.5081  1.20728e+21
27.6254  1.19138e+21
27.7427  1.17351e+21
27.86  1.15263e+21
27.9773  1.1282e+21
28.0946  1.10006e+21
28.212  1.06818e+21
28.3293  1.03321e+21
28.4466  9.96192e+20
28.5639  9.58383e+20
28.6812  9.21513e+20
28.7985  8.86785e+20
28.9158  8.55694e+20
29.0331  8.29181e+20
29.1504  8.07642e+20
29.2677  7.91376e+20
29.385  7.80039e+20
29.5023  7.73138e+20
29.6196  7.70051e+20
29.7369  7.70285e+20
29.8542  7.73393e+20
29.9715  7.79055e+20
30.0888  7.87063e+20
30.2061  7.97731e+20
30.3234  8.1118e+20
30.4407  8.27615e+20
30.558  8.47015e+20
30.6754  8.68981e+20
30.7927  8.92815e+20
30.91  9.17495e+20
31.0273  9.41413e+20
31.1446  9.62781e+20
31.2619  9.79728e+20
31.3792  9.90609e+20
31.4965  9.94168e+20
31.6138  9.896e+20
31.7311  9.76679e+20
31.8484  9.56486e+20
31.9657  9.30339e+20
32.083  9.00083e+20
32.2003  8.68204e+20
32.3176  8.36907e+20
32.4349  8.08188e+20
32.5522  7.83712e+20
32.6695  7.64484e+20
32.7868  7.50967e+20
32.9042  7.4258e+20
33.0215  7.38549e+20
33.1388  7.37333e+20
33.2561  7.37112e+20
33.3734  7.36304e+20
33.4907  7.32962e+20
33.608  7.26014e+20
33.7253  7.14888e+20
33.8426  6.99368e+20
33.9599  6.80521e+20
34.0772  6.59481e+20
34.1945  6.38083e+20
34.3118  6.181e+20
34.4291  6.0124e+20
34.5464  5.88785e+20
34.6637  5.81191e+20
34.781  5.78257e+20
34.8983  5.79174e+20
35.0156  5.82604e+20
35.1329  5.86896e+20
35.2503  5.90399e+20
35.3676  5.91716e+20
35.4849  5.89672e+20
35.6022  5.83733e+20
35.7195  5.73866e+20
35.8368  5.6035e+20
35.9541  5.44044e+20
36.0714  5.26171e+20
36.1887  5.07913e+20
36.306  4.90737e+20
36.4233  4.75864e+20
36.5406  4.64475e+20
36.6579  4.57204e+20
36.7752  4.54282e+20
36.8925  4.55409e+20
37.0098  4.59757e+20
37.1271  4.66001e+20
37.2444  4.72545e+20
37.3617  4.77737e+20
37.479  4.80107e+20
37.5964  4.78376e+20
37.7137  4.72149e+20
37.831  4.6127e+20
37.9483  4.46319e+20
38.0656  4.28234e+20
38.1829  4.08353e+20
38.3002  3.88063e+20
38.4175  3.68827e+20
38.5348  3.51866e+20
38.6521  3.38429e+20
38.7694  3.29298e+20
38.8867  3.25145e+20
39.004  3.2621e+20
39.1213  3.32505e+20
39.2386  3.4365e+20
39.3559  3.58853e+20
39.4732  3.76981e+20
39.5905  3.96696e+20
39.7078  4.16582e+20
39.8251  4.35352e+20
39.9425  4.51887e+20
40.0598  4.65531e+20
40.1771  4.76008e+20
40.2944  4.8349e+20
40.4117  4.88289e+20
40.529  4.90923e+20
40.6463  4.91767e+20
40.7636  4.91045e+20
40.8809  4.88608e+20
40.9982  4.84395e+20
41.1155  4.77943e+20
41.2328  4.6905e+20
41.3501  4.57491e+20
41.4674  4.43507e+20
41.5847  4.27404e+20
41.702  4.09778e+20
41.8193  3.91383e+20
41.9366  3.72893e+20
42.0539  3.54945e+20
42.1712  3.38043e+20
42.2885  3.22479e+20
42.4059  3.08409e+20
42.5232  2.95856e+20
42.6405  2.84872e+20
42.7578  2.75242e+20
42.8751  2.668e+20
42.9924  2.59186e+20
43.1097  2.51985e+20
43.227  2.44689e+20
43.3443  2.3692e+20
43.4616  2.2838e+20
43.5789  2.19099e+20
43.6962  2.09473e+20
43.8135  2.00297e+20
43.9308  1.92568e+20
44.0481  1.8739e+20
44.1654  1.85698e+20
44.2827  1.8818e+20
44.4  1.94897e+20
44.5173  2.0533e+20
44.6347  2.18463e+20
44.752  2.32867e+20
44.8693  2.47039e+20
44.9866  2.59711e+20
45.1039  2.69806e+20
45.2212  2.76759e+20
45.3385  2.80621e+20
45.4558  2.81717e+20
45.5731  2.80722e+20
45.6904  2.78571e+20
45.8077  2.76031e+20
45.925  2.74012e+20
46.0423  2.73205e+20
46.1596  2.74195e+20
46.2769  2.77308e+20
46.3942  2.8275e+20
46.5115  2.90398e+20
46.6288  2.99719e+20
46.7461  3.09955e+20
46.8634  3.20003e+20
46.9808  3.2847e+20
47.0981  3.33974e+20
47.2154  3.35293e+20
47.3327  3.31481e+20
47.45  3.2223e+20
47.5673  3.07739e+20
47.6846  2.88844e+20
47.8019  2.66728e+20
47.9192  2.42906e+20
48.0365  2.18931e+20
48.1538  1.96226e+20
48.2711  1.75915e+20
48.3884  1.58799e+20
48.5057  1.45255e+20
48.623  1.35361e+20
48.7403  1.28845e+20
48.8576  1.25194e+20
48.9749  1.23886e+20
49.0922  1.24209e+20
49.2095  1.25389e+20
49.3269  1.26779e+20
49.4442  1.27961e+20
49.5615  1.28593e+20
49.6788  1.28774e+20
49.7961  1.2881e+20
49.9134  1.29268e+20
50.0307  1.30935e+20
50.148  1.34492e+20
50.2653  1.40519e+20
50.3826  1.49259e+20
50.4999  1.60563e+20
50.6172  1.73914e+20
50.7345  1.88483e+20
50.8518  2.03242e+20
50.9691  2.17101e+20
51.0864  2.29266e+20
51.2037  2.3901e+20
51.321  2.46082e+20
51.4383  2.50416e+20
51.5556  2.5228e+20
51.673  2.51987e+20
51.7903  2.49981e+20
51.9076  2.46605e+20
52.0249  2.42043e+20
52.1422  2.36465e+20
52.2595  2.29867e+20
52.3768  2.22256e+20
52.4941  2.13455e+20
52.6114  2.03628e+20
52.7287  1.92805e+20
52.846  1.81244e+20
52.9633  1.69359e+20
53.0806  1.57635e+20
53.1979  1.46624e+20
53.3152  1.36922e+20
53.4325  1.2905e+20
53.5498  1.23436e+20
53.6671  1.20301e+20
53.7844  1.19725e+20
53.9017  1.21604e+20
54.0191  1.25609e+20
54.1364  1.31366e+20
54.2537  1.38309e+20
54.371  1.45897e+20
54.4883  1.53573e+20
54.6056  1.60857e+20
54.7229  1.67182e+20
54.8402  1.72259e+20
54.9575  1.75816e+20
55.0748  1.77772e+20
55.1921  1.78261e+20
55.3094  1.77482e+20
55.4267  1.75886e+20
55.544  1.73836e+20
55.6613  1.71735e+20
55.7786  1.69781e+20
55.8959  1.67992e+20
56.0132  1.66181e+20
56.1305  1.63899e+20
56.2478  1.60651e+20
56.3651  1.56081e+20
56.4825  1.49843e+20
56.5998  1.42041e+20
56.7171  1.32928e+20
56.8344  1.23145e+20
56.9517  1.13368e+20
57.069  1.04207e+20
57.1863  9.6236e+19
57.3036  8.96286e+19
57.4209  8.4312e+19
57.5382  8.00227e+19
57.6555  7.63388e+19
57.7728  7.29931e+19
57.8901  6.9803e+19
58.0074  6.69319e+19
58.1247  6.46778e+19
58.242  6.35221e+19
58.3593  6.39325e+19
58.4766  6.62235e+19
58.5939  7.05035e+19
