#S 1 spectral density
#N 2
#UFWHM 44.3413
#L  abscissas [um]  spectral density
-58.5938  4.56475e+20
-58.4764  4.58055e+20
-58.3591  4.59894e+20
-58.2418  4.62863e+20
-58.1245  4.67375e+20
-58.0072  4.73401e+20
-57.8899  4.80714e+20
-57.7726  4.88929e+20
-57.6553  4.97523e+20
-57.538  5.05816e+20
-57.4207  5.13346e+20
-57.3034  5.19534e+20
-57.1861  5.23976e+20
-57.0688  5.26024e+20
-56.9515  5.25379e+20
-56.8342  5.21781e+20
-56.7169  5.15033e+20
-56.5996  5.05568e+20
-56.4823  4.93872e+20
-56.365  4.80904e+20
-56.2477  4.67937e+20
-56.1303  4.56213e+20
-56.013  4.46972e+20
-55.8957  4.41007e+20
-55.7784  4.38847e+20
-55.6611  4.40322e+20
-55.5438  4.44755e+20
-55.4265  4.5127e+20
-55.3092  4.58528e+20
-55.1919  4.6519e+20
-55.0746  4.70175e+20
-54.9573  4.7265e+20
-54.84  4.72297e+20
-54.7227  4.69135e+20
-54.6054  4.63656e+20
-54.4881  4.56801e+20
-54.3708  4.49697e+20
-54.2535  4.43594e+20
-54.1362  4.39577e+20
-54.0189  4.38701e+20
-53.9016  4.416e+20
-53.7842  4.4874e+20
-53.6669  4.59792e+20
-53.5496  4.74328e+20
-53.4323  4.91608e+20
-53.315  5.10435e+20
-53.1977  5.29702e+20
-53.0804  5.48435e+20
-52.9631  5.65723e+20
-52.8458  5.80758e+20
-52.7285  5.93391e+20
-52.6112  6.03467e+20
-52.4939  6.11397e+20
-52.3766  6.17589e+20
-52.2593  6.22748e+20
-52.142  6.27671e+20
-52.0247  6.32759e+20
-51.9074  6.38607e+20
-51.7901  6.45274e+20
-51.6728  6.52426e+20
-51.5555  6.59526e+20
-51.4381  6.65745e+20
-51.3208  6.69951e+20
-51.2035  6.7099e+20
-51.0862  6.67951e+20
-50.9689  6.60308e+20
-50.8516  6.47988e+20
-50.7343  6.31574e+20
-50.617  6.12144e+20
-50.4997  5.91115e+20
-50.3824  5.70353e+20
-50.2651  5.51687e+20
-50.1478  5.36609e+20
-50.0305  5.26507e+20
-49.9132  5.22093e+20
-49.7959  5.23751e+20
-49.6786  5.31403e+20
-49.5613  5.44381e+20
-49.444  5.61594e+20
-49.3267  5.8178e+20
-49.2094  6.03349e+20
-49.092  6.24591e+20
-48.9747  6.43741e+20
-48.8574  6.58978e+20
-48.7401  6.69209e+20
-48.6228  6.73372e+20
-48.5055  6.71232e+20
-48.3882  6.6352e+20
-48.2709  6.51349e+20
-48.1536  6.36524e+20
-48.0363  6.21366e+20
-47.919  6.08044e+20
-47.8017  5.98649e+20
-47.6844  5.94814e+20
-47.5671  5.9736e+20
-47.4498  6.0658e+20
-47.3325  6.21895e+20
-47.2152  6.4226e+20
-47.0979  6.66185e+20
-46.9806  6.91862e+20
-46.8633  7.17594e+20
-46.7459  7.42034e+20
-46.6286  7.63942e+20
-46.5113  7.82686e+20
-46.394  7.97909e+20
-46.2767  8.10083e+20
-46.1594  8.19961e+20
-46.0421  8.28398e+20
-45.9248  8.3656e+20
-45.8075  8.45447e+20
-45.6902  8.55782e+20
-45.5729  8.67856e+20
-45.4556  8.81244e+20
-45.3383  8.95391e+20
-45.221  9.09034e+20
-45.1037  9.21098e+20
-44.9864  9.30567e+20
-44.8691  9.36534e+20
-44.7518  9.38682e+20
-44.6345  9.37101e+20
-44.5172  9.32532e+20
-44.3998  9.25604e+20
-44.2825  9.17561e+20
-44.1652  9.09127e+20
-44.0479  9.01225e+20
-43.9306  8.94562e+20
-43.8133  8.89488e+20
-43.696  8.86539e+20
-43.5787  8.8595e+20
-43.4614  8.88095e+20
-43.3441  8.93229e+20
-43.2268  9.01449e+20
-43.1095  9.12646e+20
-42.9922  9.2665e+20
-42.8749  9.42834e+20
-42.7576  9.60561e+20
-42.6403  9.79258e+20
-42.523  9.98289e+20
-42.4057  1.01734e+21
-42.2884  1.03632e+21
-42.171  1.05539e+21
-42.0537  1.07514e+21
-41.9364  1.09591e+21
-41.8191  1.11826e+21
-41.7018  1.14226e+21
-41.5845  1.16806e+21
-41.4672  1.19546e+21
-41.3499  1.22395e+21
-41.2326  1.25311e+21
-41.1153  1.28244e+21
-40.998  1.31152e+21
-40.8807  1.34006e+21
-40.7634  1.3677e+21
-40.6461  1.3944e+21
-40.5288  1.41982e+21
-40.4115  1.4441e+21
-40.2942  1.46735e+21
-40.1769  1.4898e+21
-40.0596  1.51199e+21
-39.9423  1.53468e+21
-39.825  1.55893e+21
-39.7076  1.58552e+21
-39.5903  1.61524e+21
-39.473  1.64833e+21
-39.3557  1.6843e+21
-39.2384  1.72234e+21
-39.1211  1.76057e+21
-39.0038  1.79683e+21
-38.8865  1.82883e+21
-38.7692  1.85467e+21
-38.6519  1.87278e+21
-38.5346  1.88259e+21
-38.4173  1.88441e+21
-38.3  1.87963e+21
-38.1827  1.87029e+21
-38.0654  1.85903e+21
-37.9481  1.84895e+21
-37.8308  1.84289e+21
-37.7135  1.84344e+21
-37.5962  1.85262e+21
-37.4789  1.87192e+21
-37.3615  1.90195e+21
-37.2442  1.94246e+21
-37.1269  1.99256e+21
-37.0096  2.05057e+21
-36.8923  2.11435e+21
-36.775  2.1812e+21
-36.6577  2.24843e+21
-36.5404  2.31337e+21
-36.4231  2.37368e+21
-36.3058  2.42772e+21
-36.1885  2.47447e+21
-36.0712  2.5138e+21
-35.9539  2.54644e+21
-35.8366  2.57347e+21
-35.7193  2.5968e+21
-35.602  2.61842e+21
-35.4847  2.64011e+21
-35.3674  2.66364e+21
-35.2501  2.69049e+21
-35.1328  2.72142e+21
-35.0154  2.75694e+21
-34.8981  2.7968e+21
-34.7808  2.84059e+21
-34.6635  2.88723e+21
-34.5462  2.93572e+21
-34.4289  2.98467e+21
-34.3116  3.03291e+21
-34.1943  3.07946e+21
-34.077  3.12406e+21
-33.9597  3.16681e+21
-33.8424  3.20845e+21
-33.7251  3.25019e+21
-33.6078  3.29377e+21
-33.4905  3.3409e+21
-33.3732  3.39308e+21
-33.2559  3.45174e+21
-33.1386  3.5173e+21
-33.0213  3.58961e+21
-32.904  3.66749e+21
-32.7867  3.74967e+21
-32.6693  3.83365e+21
-32.552  3.91713e+21
-32.4347  3.99767e+21
-32.3174  4.07314e+21
-32.2001  4.1418e+21
-32.0828  4.20246e+21
-31.9655  4.25476e+21
-31.8482  4.29914e+21
-31.7309  4.33631e+21
-31.6136  4.36799e+21
-31.4963  4.39582e+21
-31.379  4.42198e+21
-31.2617  4.44845e+21
-31.1444  4.47662e+21
-31.0271  4.50815e+21
-30.9098  4.54367e+21
-30.7925  4.58327e+21
-30.6752  4.62679e+21
-30.5579  4.67395e+21
-30.4406  4.72362e+21
-30.3232  4.77555e+21
-30.2059  4.82887e+21
-30.0886  4.88346e+21
-29.9713  4.93921e+21
-29.854  4.99651e+21
-29.7367  5.05572e+21
-29.6194  5.11749e+21
-29.5021  5.18224e+21
-29.3848  5.25056e+21
-29.2675  5.32297e+21
-29.1502  5.39901e+21
-29.0329  5.47799e+21
-28.9156  5.55893e+21
-28.7983  5.64011e+21
-28.681  5.71919e+21
-28.5637  5.79415e+21
-28.4464  5.86266e+21
-28.3291  5.92292e+21
-28.2118  5.97349e+21
-28.0944  6.01482e+21
-27.9771  6.04736e+21
-27.8598  6.07342e+21
-27.7425  6.0961e+21
-27.6252  6.1193e+21
-27.5079  6.14724e+21
-27.3906  6.18423e+21
-27.2733  6.23442e+21
-27.156  6.30134e+21
-27.0387  6.38696e+21
-26.9214  6.49273e+21
-26.8041  6.61776e+21
-26.6868  6.76028e+21
-26.5695  6.91626e+21
-26.4522  7.08034e+21
-26.3349  7.24608e+21
-26.2176  7.40599e+21
-26.1003  7.55277e+21
-25.983  7.67965e+21
-25.8657  7.78136e+21
-25.7483  7.8542e+21
-25.631  7.89778e+21
-25.5137  7.91358e+21
-25.3964  7.90558e+21
-25.2791  7.87962e+21
-25.1618  7.84322e+21
-25.0445  7.80381e+21
-24.9272  7.76904e+21
-24.8099  7.74503e+21
-24.6926  7.73689e+21
-24.5753  7.74844e+21
-24.458  7.78056e+21
-24.3407  7.83259e+21
-24.2234  7.90267e+21
-24.1061  7.98695e+21
-23.9888  8.08059e+21
-23.8715  8.17848e+21
-23.7542  8.27561e+21
-23.6369  8.36715e+21
-23.5196  8.44963e+21
-23.4023  8.52177e+21
-23.2849  8.58298e+21
-23.1676  8.63519e+21
-23.0503  8.68201e+21
-22.933  8.7276e+21
-22.8157  8.77724e+21
-22.6984  8.83594e+21
-22.5811  8.90841e+21
-22.4638  8.99844e+21
-22.3465  9.10771e+21
-22.2292  9.23765e+21
-22.1119  9.3866e+21
-21.9946  9.55267e+21
-21.8773  9.73131e+21
-21.76  9.91736e+21
-21.6427  1.01045e+22
-21.5254  1.02857e+22
-21.4081  1.04543e+22
-21.2908  1.0604e+22
-21.1735  1.07297e+22
-21.0561  1.08284e+22
-20.9388  1.08994e+22
-20.8215  1.09445e+22
-20.7042  1.09669e+22
-20.5869  1.0972e+22
-20.4696  1.09665e+22
-20.3523  1.09568e+22
-20.235  1.09493e+22
-20.1177  1.09485e+22
-20.0004  1.09583e+22
-19.8831  1.09812e+22
-19.7658  1.10171e+22
-19.6485  1.10657e+22
-19.5312  1.11257e+22
-19.4139  1.11948e+22
-19.2966  1.12704e+22
-19.1793  1.13499e+22
-19.062  1.14308e+22
-18.9447  1.15105e+22
-18.8274  1.15868e+22
-18.71  1.16589e+22
-18.5927  1.17258e+22
-18.4754  1.17875e+22
-18.3581  1.18456e+22
-18.2408  1.19012e+22
-18.1235  1.19566e+22
-18.0062  1.20136e+22
-17.8889  1.2074e+22
-17.7716  1.21392e+22
-17.6543  1.22087e+22
-17.537  1.22828e+22
-17.4197  1.23598e+22
-17.3024  1.24389e+22
-17.1851  1.25184e+22
-17.0678  1.25973e+22
-16.9505  1.26754e+22
-16.8332  1.27527e+22
-16.7159  1.28302e+22
-16.5986  1.29087e+22
-16.4813  1.29896e+22
-16.364  1.30744e+22
-16.2466  1.31647e+22
-16.1293  1.3262e+22
-16.012  1.33661e+22
-15.8947  1.34774e+22
-15.7774  1.35955e+22
-15.6601  1.37191e+22
-15.5428  1.38464e+22
-15.4255  1.3974e+22
-15.3082  1.40988e+22
-15.1909  1.42176e+22
-15.0736  1.43255e+22
-14.9563  1.44196e+22
-14.839  1.44967e+22
-14.7217  1.4555e+22
-14.6044  1.45935e+22
-14.4871  1.46129e+22
-14.3698  1.4615e+22
-14.2525  1.46027e+22
-14.1352  1.45795e+22
-14.0178  1.45506e+22
-13.9005  1.452e+22
-13.7832  1.44921e+22
-13.6659  1.44715e+22
-13.5486  1.44604e+22
-13.4313  1.44617e+22
-13.314  1.44761e+22
-13.1967  1.45037e+22
-13.0794  1.45441e+22
-12.9621  1.45949e+22
-12.8448  1.46546e+22
-12.7275  1.47206e+22
-12.6102  1.4791e+22
-12.4929  1.48637e+22
-12.3756  1.49376e+22
-12.2583  1.50123e+22
-12.141  1.50883e+22
-12.0237  1.51661e+22
-11.9064  1.52465e+22
-11.7891  1.53304e+22
-11.6718  1.54189e+22
-11.5544  1.55128e+22
-11.4371  1.5613e+22
-11.3198  1.57181e+22
-11.2025  1.58282e+22
-11.0852  1.59414e+22
-10.9679  1.60562e+22
-10.8506  1.61701e+22
-10.7333  1.62801e+22
-10.616  1.63831e+22
-10.4987  1.64769e+22
-10.3814  1.65577e+22
-10.2641  1.6624e+22
-10.1468  1.66742e+22
-10.0295  1.6708e+22
-9.91217  1.67256e+22
-9.79487  1.67286e+22
-9.67756  1.67194e+22
-9.56026  1.67009e+22
-9.44295  1.66761e+22
-9.32565  1.66487e+22
-9.20834  1.66217e+22
-9.09104  1.65979e+22
-8.97373  1.658e+22
-8.85643  1.65692e+22
-8.73913  1.65668e+22
-8.62182  1.65728e+22
-8.50452  1.65873e+22
-8.38721  1.66099e+22
-8.26991  1.66388e+22
-8.1526  1.66737e+22
-8.03529  1.67132e+22
-7.91799  1.67564e+22
-7.80069  1.68026e+22
-7.68338  1.68515e+22
-7.56608  1.69034e+22
-7.44877  1.69588e+22
-7.33146  1.70179e+22
-7.21416  1.70807e+22
-7.09685  1.71473e+22
-6.97955  1.72169e+22
-6.86224  1.72888e+22
-6.74494  1.73622e+22
-6.62763  1.74345e+22
-6.51033  1.75048e+22
-6.39302  1.75706e+22
-6.27572  1.76307e+22
-6.15842  1.76835e+22
-6.04111  1.77279e+22
-5.92381  1.77628e+22
-5.8065  1.77888e+22
-5.68919  1.78052e+22
-5.57189  1.78136e+22
-5.45458  1.7815e+22
-5.33728  1.78117e+22
-5.21997  1.78056e+22
-5.10267  1.77991e+22
-4.98536  1.77944e+22
-4.86806  1.77935e+22
-4.75075  1.77974e+22
-4.63345  1.78071e+22
-4.51614  1.78229e+22
-4.39884  1.78442e+22
-4.28154  1.78709e+22
-4.16423  1.79019e+22
-4.04692  1.79361e+22
-3.92962  1.79723e+22
-3.81231  1.80093e+22
-3.69501  1.8046e+22
-3.5777  1.80805e+22
-3.4604  1.81121e+22
-3.34309  1.81394e+22
-3.22579  1.81616e+22
-3.10849  1.81787e+22
-2.99118  1.81909e+22
-2.87387  1.81997e+22
-2.75657  1.82067e+22
-2.63926  1.82135e+22
-2.52196  1.82217e+22
-2.40465  1.82323e+22
-2.28735  1.82457e+22
-2.17005  1.82612e+22
-2.05274  1.82786e+22
-1.93544  1.82952e+22
-1.81813  1.83106e+22
-1.70083  1.83226e+22
-1.58352  1.83307e+22
-1.46622  1.8334e+22
-1.34891  1.83327e+22
-1.2316  1.83266e+22
-1.1143  1.83168e+22
-0.996995  1.83028e+22
-0.87969  1.82861e+22
-0.762385  1.82668e+22
-0.64508  1.82465e+22
-0.527775  1.82259e+22
-0.41047  1.8207e+22
-0.293165  1.81908e+22
-0.17586  1.81791e+22
-0.058555  1.81731e+22
0.05875  1.81731e+22
0.176055  1.81793e+22
0.29336  1.8191e+22
0.410665  1.82071e+22
0.52797  1.82261e+22
0.645275  1.82464e+22
0.76258  1.82663e+22
0.879885  1.8285e+22
0.99719  1.83012e+22
1.1145  1.83141e+22
1.2318  1.83234e+22
1.3491  1.83286e+22
1.46641  1.83289e+22
1.58371  1.83244e+22
1.70102  1.83151e+22
1.81832  1.83017e+22
1.93563  1.82852e+22
2.05294  1.8267e+22
2.17024  1.82486e+22
2.28754  1.82318e+22
2.40485  1.82174e+22
2.52216  1.82053e+22
2.63946  1.81962e+22
2.75677  1.81881e+22
2.87407  1.81801e+22
2.99137  1.81701e+22
3.10868  1.81566e+22
3.22599  1.81383e+22
3.34329  1.81152e+22
3.4606  1.80872e+22
3.5779  1.80549e+22
3.69521  1.80193e+22
3.81251  1.79823e+22
3.92982  1.79444e+22
4.04712  1.79078e+22
4.16443  1.78733e+22
4.28173  1.78422e+22
4.39903  1.78151e+22
4.51634  1.77933e+22
4.63364  1.77775e+22
4.75095  1.77674e+22
4.86825  1.7763e+22
4.98556  1.77636e+22
5.10286  1.77678e+22
5.22017  1.77738e+22
5.33748  1.77792e+22
5.45478  1.77819e+22
5.57209  1.77798e+22
5.68939  1.77705e+22
5.8067  1.77531e+22
5.924  1.77265e+22
6.0413  1.76908e+22
6.15861  1.76456e+22
6.27591  1.75921e+22
6.39322  1.75313e+22
6.51052  1.74648e+22
6.62783  1.73941e+22
6.74514  1.7321e+22
6.86244  1.72475e+22
6.97975  1.71751e+22
7.09705  1.71052e+22
7.21436  1.70382e+22
7.33166  1.69751e+22
7.44897  1.69156e+22
7.56627  1.68599e+22
7.68358  1.68073e+22
7.80088  1.67576e+22
7.91819  1.67103e+22
8.03549  1.66665e+22
8.1528  1.66265e+22
8.2701  1.65905e+22
8.38741  1.65603e+22
8.50471  1.65369e+22
8.62202  1.65212e+22
8.73932  1.6514e+22
8.85662  1.65155e+22
8.97393  1.65252e+22
9.09123  1.6542e+22
9.20854  1.65645e+22
9.32584  1.65907e+22
9.44315  1.66169e+22
9.56045  1.66404e+22
9.67776  1.6658e+22
9.79506  1.66662e+22
9.91237  1.66623e+22
10.0297  1.66437e+22
10.147  1.66093e+22
10.2643  1.65587e+22
10.3816  1.64917e+22
10.4989  1.64105e+22
10.6162  1.63167e+22
10.7335  1.62135e+22
10.8508  1.61034e+22
10.9681  1.59896e+22
11.0854  1.5875e+22
11.2027  1.57619e+22
11.32  1.56519e+22
11.4373  1.55465e+22
11.5546  1.54468e+22
11.6719  1.53527e+22
11.7893  1.52641e+22
11.9066  1.51798e+22
12.0239  1.50992e+22
12.1412  1.50214e+22
12.2585  1.49449e+22
12.3758  1.48695e+22
12.4931  1.47949e+22
12.6104  1.47213e+22
12.7277  1.46506e+22
12.845  1.45842e+22
12.9623  1.45236e+22
13.0796  1.4472e+22
13.1969  1.44311e+22
13.3142  1.44026e+22
13.4315  1.43874e+22
13.5488  1.43857e+22
13.6661  1.43959e+22
13.7834  1.44159e+22
13.9007  1.44427e+22
14.018  1.44726e+22
14.1354  1.45007e+22
14.2527  1.45225e+22
14.37  1.45339e+22
14.4873  1.45306e+22
14.6046  1.45102e+22
14.7219  1.44705e+22
14.8392  1.44113e+22
14.9565  1.43336e+22
15.0738  1.42385e+22
15.1911  1.413e+22
15.3084  1.40109e+22
15.4257  1.38856e+22
15.543  1.37575e+22
15.6603  1.36303e+22
15.7776  1.35068e+22
15.8949  1.33888e+22
16.0122  1.32773e+22
16.1295  1.31732e+22
16.2468  1.30765e+22
16.3641  1.29862e+22
16.4815  1.29015e+22
16.5988  1.28208e+22
16.7161  1.27423e+22
16.8334  1.26652e+22
16.9507  1.25878e+22
17.068  1.25096e+22
17.1853  1.24305e+22
17.3026  1.23506e+22
17.4199  1.22715e+22
17.5372  1.21943e+22
17.6545  1.21198e+22
17.7718  1.20498e+22
17.8891  1.19845e+22
18.0064  1.19236e+22
18.1237  1.1866e+22
18.241  1.18104e+22
18.3583  1.17543e+22
18.4756  1.16959e+22
18.5929  1.16338e+22
18.7102  1.1567e+22
18.8275  1.14948e+22
18.9449  1.14182e+22
19.0622  1.13387e+22
19.1795  1.12578e+22
19.2968  1.11784e+22
19.4141  1.11029e+22
19.5314  1.1034e+22
19.6487  1.09743e+22
19.766  1.09252e+22
19.8833  1.08893e+22
20.0006  1.08662e+22
20.1179  1.08557e+22
20.2352  1.08556e+22
20.3525  1.08624e+22
20.4698  1.08713e+22
20.5871  1.08758e+22
20.7044  1.08692e+22
20.8217  1.08456e+22
20.939  1.07995e+22
21.0563  1.07273e+22
21.1736  1.06278e+22
21.291  1.05016e+22
21.4083  1.03515e+22
21.5256  1.01832e+22
21.6429  1.00023e+22
21.7602  9.81593e+21
21.8775  9.63084e+21
21.9948  9.45325e+21
22.1121  9.28851e+21
22.2294  9.14079e+21
22.3467  9.01197e+21
22.464  8.90373e+21
22.5813  8.81487e+21
22.6986  8.74314e+21
22.8159  8.68497e+21
22.9332  8.63595e+21
23.0505  8.59056e+21
23.1678  8.54403e+21
23.2851  8.49182e+21
23.4024  8.43071e+21
23.5198  8.35868e+21
23.6371  8.27609e+21
23.7544  8.18474e+21
23.8717  8.08779e+21
23.989  7.99021e+21
24.1063  7.8969e+21
24.2236  7.81319e+21
24.3409  7.74378e+21
24.4582  7.69201e+21
24.5755  7.66063e+21
24.6928  7.64958e+21
24.8101  7.65764e+21
24.9274  7.6817e+21
25.0447  7.71635e+21
25.162  7.75562e+21
25.2793  7.79169e+21
25.3966  7.81678e+21
25.5139  7.82395e+21
25.6312  7.80733e+21
25.7485  7.76284e+21
25.8658  7.68915e+21
25.9832  7.5871e+21
26.1005  7.45966e+21
26.2178  7.31284e+21
26.3351  7.15306e+21
26.4524  6.98778e+21
26.5697  6.82427e+21
26.687  6.66919e+21
26.8043  6.52772e+21
26.9216  6.4037e+21
27.0389  6.29899e+21
27.1562  6.21447e+21
27.2735  6.14867e+21
27.3908  6.09931e+21
27.5081  6.06301e+21
27.6254  6.03586e+21
27.7427  6.01319e+21
27.86  5.99088e+21
27.9773  5.9651e+21
28.0946  5.93277e+21
28.212  5.89164e+21
28.3293  5.84094e+21
28.4466  5.78091e+21
28.5639  5.71238e+21
28.6812  5.63757e+21
28.7985  5.55859e+21
28.9158  5.47769e+21
29.0331  5.39718e+21
29.1504  5.31848e+21
29.2677  5.24314e+21
29.385  5.17141e+21
29.5023  5.10356e+21
29.6196  5.03949e+21
29.7369  4.9784e+21
29.8542  4.92017e+21
29.9715  4.86377e+21
30.0888  4.80874e+21
30.2061  4.75492e+21
30.3234  4.70226e+21
30.4407  4.65098e+21
30.558  4.60191e+21
30.6754  4.5555e+21
30.7927  4.51228e+21
30.91  4.47309e+21
31.0273  4.43801e+21
31.1446  4.40675e+21
31.2619  4.37858e+21
31.3792  4.35242e+21
31.4965  4.32635e+21
31.6138  4.29863e+21
31.7311  4.26709e+21
31.8484  4.23014e+21
31.9657  4.18611e+21
32.083  4.13406e+21
32.2003  4.07373e+21
32.3176  4.00564e+21
32.4349  3.9308e+21
32.5522  3.85092e+21
32.6695  3.76826e+21
32.7868  3.68516e+21
32.9042  3.60391e+21
33.0215  3.52682e+21
33.1388  3.45549e+21
33.2561  3.39073e+21
33.3734  3.33285e+21
33.4907  3.28137e+21
33.608  3.23491e+21
33.7253  3.19201e+21
33.8426  3.15082e+21
33.9599  3.1098e+21
34.0772  3.06765e+21
34.1945  3.02365e+21
34.3118  2.97766e+21
34.4291  2.93007e+21
34.5464  2.88193e+21
34.6637  2.83425e+21
34.781  2.78833e+21
34.8983  2.74536e+21
35.0156  2.70618e+21
35.1329  2.6713e+21
35.2503  2.64103e+21
35.3676  2.61479e+21
35.4849  2.59166e+21
35.6022  2.57041e+21
35.7195  2.54928e+21
35.8368  2.52621e+21
35.9541  2.49943e+21
36.0714  2.46721e+21
36.1887  2.4282e+21
36.306  2.38187e+21
36.4233  2.32833e+21
36.5406  2.2687e+21
36.6579  2.20443e+21
36.7752  2.138e+21
36.8925  2.07196e+21
37.0098  2.00905e+21
37.1271  1.95195e+21
37.2444  1.90271e+21
37.3617  1.86309e+21
37.479  1.83394e+21
37.5964  1.81528e+21
37.7137  1.80668e+21
37.831  1.80662e+21
37.9483  1.8131e+21
38.0656  1.82337e+21
38.1829  1.83477e+21
38.3002  1.84422e+21
38.4175  1.84911e+21
38.5348  1.84739e+21
38.6521  1.83762e+21
38.7694  1.81969e+21
38.8867  1.79415e+21
39.004  1.76245e+21
39.1213  1.72666e+21
39.2386  1.68901e+21
39.3559  1.65167e+21
39.4732  1.61632e+21
39.5905  1.58397e+21
39.7078  1.55492e+21
39.8251  1.52894e+21
39.9425  1.50534e+21
40.0598  1.48309e+21
40.1771  1.4614e+21
40.2944  1.4395e+21
40.4117  1.41681e+21
40.529  1.39294e+21
40.6463  1.36799e+21
40.7636  1.3419e+21
40.8809  1.31471e+21
40.9982  1.28676e+21
41.1155  1.25816e+21
41.2328  1.22943e+21
41.3501  1.20071e+21
41.4674  1.17278e+21
41.5847  1.1459e+21
41.702  1.12051e+21
41.8193  1.09695e+21
41.9366  1.07502e+21
42.0539  1.0547e+21
42.1712  1.03543e+21
42.2885  1.01665e+21
42.4059  9.98124e+20
42.5232  9.79455e+20
42.6405  9.6092e+20
42.7578  9.42603e+20
42.8751  9.25311e+20
42.9924  9.09632e+20
43.1097  8.96171e+20
43.227  8.85441e+20
43.3443  8.77657e+20
43.4616  8.72954e+20
43.5789  8.71173e+20
43.6962  8.72052e+20
43.8135  8.75312e+20
43.9308  8.80574e+20
44.0481  8.87518e+20
44.1654  8.9554e+20
44.2827  9.04083e+20
44.4  9.12285e+20
44.5173  9.19231e+20
44.6347  9.23963e+20
44.752  9.25449e+20
44.8693  9.23406e+20
44.9866  9.17658e+20
45.1039  9.08349e+20
45.2212  8.96443e+20
45.3385  8.83054e+20
45.4558  8.69269e+20
45.5731  8.56121e+20
45.6904  8.44504e+20
45.8077  8.34473e+20
45.925  8.25921e+20
46.0423  8.1797e+20
46.1596  8.09801e+20
46.2769  8.00206e+20
46.3942  7.88139e+20
46.5115  7.73055e+20
46.6288  7.5445e+20
46.7461  7.32754e+20
46.8634  7.08592e+20
46.9808  6.83081e+20
47.0981  6.57781e+20
47.2154  6.34274e+20
47.3327  6.14423e+20
47.45  5.99549e+20
47.5673  5.90811e+20
47.6846  5.88766e+20
47.8019  5.93027e+20
47.9192  6.02759e+20
48.0365  6.16334e+20
48.1538  6.31716e+20
48.2711  6.46562e+20
48.3884  6.587e+20
48.5057  6.66372e+20
48.623  6.68326e+20
48.7403  6.641e+20
48.8576  6.5378e+20
48.9749  6.38403e+20
49.0922  6.19299e+20
49.2095  5.98131e+20
49.3269  5.76767e+20
49.4442  5.56658e+20
49.5615  5.39699e+20
49.6788  5.2713e+20
49.7961  5.1978e+20
49.9134  5.18397e+20
50.0307  5.23116e+20
50.148  5.33478e+20
50.2653  5.48709e+20
50.3826  5.67613e+20
50.4999  5.88435e+20
50.6172  6.0945e+20
50.7345  6.28892e+20
50.8518  6.45226e+20
50.9691  6.57483e+20
51.0864  6.64962e+20
51.2037  6.67968e+20
51.321  6.66822e+20
51.4383  6.62609e+20
51.5556  6.56408e+20
51.673  6.49331e+20
51.7903  6.42248e+20
51.9076  6.35665e+20
52.0249  6.29889e+20
52.1422  6.24866e+20
52.2595  6.20009e+20
52.3768  6.14933e+20
52.4941  6.08672e+20
52.6114  6.00765e+20
52.7287  5.90698e+20
52.846  5.78111e+20
52.9633  5.63067e+20
53.0806  5.45849e+20
53.1979  5.27179e+20
53.3152  5.07957e+20
53.4325  4.89262e+20
53.5498  4.72105e+20
53.6671  4.57684e+20
53.7844  4.468e+20
53.9017  4.39884e+20
54.0191  4.37106e+20
54.1364  4.38056e+20
54.2537  4.42105e+20
54.371  4.48278e+20
54.4883  4.55373e+20
54.6056  4.62098e+20
54.7229  4.67521e+20
54.8402  4.70524e+20
54.9575  4.70814e+20
55.0748  4.68239e+20
55.1921  4.63157e+20
55.3094  4.56435e+20
55.4267  4.49251e+20
55.544  4.42792e+20
55.6613  4.38418e+20
55.7786  4.37022e+20
55.8959  4.39377e+20
56.0132  4.45401e+20
56.1305  4.54702e+20
56.2478  4.66466e+20
56.3651  4.79379e+20
56.4825  4.92291e+20
56.5998  5.03871e+20
56.7171  5.13191e+20
56.8344  5.1979e+20
56.9517  5.23288e+20
57.069  5.23875e+20
57.1863  5.21649e+20
57.3036  5.17179e+20
57.4209  5.10934e+20
57.5382  5.03339e+20
57.6555  4.95087e+20
57.7728  4.86529e+20
57.8901  4.78377e+20
58.0074  4.71117e+20
58.1247  4.65185e+20
58.242  4.60753e+20
58.3593  4.57838e+20
58.4766  4.56034e+20
58.5939  4.54605e+20
