#S 1 spectral density
#N 2
#UFWHM 33.5492
#L  abscissas [um]  spectral density
-58.5938  2.01621e+20
-58.4764  2.06462e+20
-58.3591  2.13767e+20
-58.2418  2.22989e+20
-58.1245  2.33146e+20
-58.0072  2.43083e+20
-57.8899  2.51596e+20
-57.7726  2.57782e+20
-57.6553  2.60914e+20
-57.538  2.60761e+20
-57.4207  2.57728e+20
-57.3034  2.52441e+20
-57.1861  2.45884e+20
-57.0688  2.38996e+20
-56.9515  2.32963e+20
-56.8342  2.28547e+20
-56.7169  2.26307e+20
-56.5996  2.26668e+20
-56.4823  2.29613e+20
-56.365  2.34962e+20
-56.2477  2.4225e+20
-56.1303  2.50842e+20
-56.013  2.59915e+20
-55.8957  2.6849e+20
-55.7784  2.75673e+20
-55.6611  2.80533e+20
-55.5438  2.82488e+20
-55.4265  2.813e+20
-55.3092  2.77174e+20
-55.1919  2.70654e+20
-55.0746  2.62806e+20
-54.9573  2.54728e+20
-54.84  2.47784e+20
-54.7227  2.42918e+20
-54.6054  2.40866e+20
-54.4881  2.41761e+20
-54.3708  2.45301e+20
-54.2535  2.50723e+20
-54.1362  2.56862e+20
-54.0189  2.62576e+20
-53.9016  2.66717e+20
-53.7842  2.68557e+20
-53.6669  2.67736e+20
-53.5496  2.64305e+20
-53.4323  2.58971e+20
-53.315  2.52618e+20
-53.1977  2.46539e+20
-53.0804  2.42076e+20
-52.9631  2.40272e+20
-52.8458  2.41926e+20
-52.7285  2.47461e+20
-52.6112  2.56701e+20
-52.4939  2.69053e+20
-52.3766  2.83584e+20
-52.2593  2.99011e+20
-52.142  3.14163e+20
-52.0247  3.27824e+20
-51.9074  3.39093e+20
-51.7901  3.47266e+20
-51.6728  3.52032e+20
-51.5555  3.53334e+20
-51.4381  3.51551e+20
-51.3208  3.47047e+20
-51.2035  3.40544e+20
-51.0862  3.32689e+20
-50.9689  3.24457e+20
-50.8516  3.16717e+20
-50.7343  3.10154e+20
-50.617  3.05495e+20
-50.4997  3.03126e+20
-50.3824  3.03056e+20
-50.2651  3.05076e+20
-50.1478  3.08366e+20
-50.0305  3.1213e+20
-49.9132  3.15351e+20
-49.7959  3.17133e+20
-49.6786  3.17043e+20
-49.5613  3.14802e+20
-49.444  3.1079e+20
-49.3267  3.05768e+20
-49.2094  3.00912e+20
-49.092  2.97325e+20
-48.9747  2.96284e+20
-48.8574  2.98582e+20
-48.7401  3.04785e+20
-48.6228  3.15033e+20
-48.5055  3.29023e+20
-48.3882  3.46198e+20
-48.2709  3.65678e+20
-48.1536  3.86637e+20
-48.0363  4.08148e+20
-47.919  4.29413e+20
-47.8017  4.4988e+20
-47.6844  4.69243e+20
-47.5671  4.87317e+20
-47.4498  5.044e+20
-47.3325  5.20916e+20
-47.2152  5.37498e+20
-47.0979  5.54647e+20
-46.9806  5.72763e+20
-46.8633  5.91861e+20
-46.7459  6.11631e+20
-46.6286  6.30944e+20
-46.5113  6.48641e+20
-46.394  6.62783e+20
-46.2767  6.72074e+20
-46.1594  6.75076e+20
-46.0421  6.70902e+20
-45.9248  6.59582e+20
-45.8075  6.41881e+20
-45.6902  6.19164e+20
-45.5729  5.93612e+20
-45.4556  5.6736e+20
-45.3383  5.42986e+20
-45.221  5.22374e+20
-45.1037  5.07362e+20
-44.9864  4.99178e+20
-44.8691  4.98147e+20
-44.7518  5.04132e+20
-44.6345  5.16354e+20
-44.5172  5.33352e+20
-44.3998  5.53503e+20
-44.2825  5.74537e+20
-44.1652  5.94486e+20
-44.0479  6.11512e+20
-43.9306  6.23992e+20
-43.8133  6.31116e+20
-43.696  6.32564e+20
-43.5787  6.28894e+20
-43.4614  6.21151e+20
-43.3441  6.10817e+20
-43.2268  5.99298e+20
-43.1095  5.88207e+20
-42.9922  5.78437e+20
-42.8749  5.70612e+20
-42.7576  5.6481e+20
-42.6403  5.60682e+20
-42.523  5.57892e+20
-42.4057  5.55906e+20
-42.2884  5.54303e+20
-42.171  5.53275e+20
-42.0537  5.52768e+20
-41.9364  5.5331e+20
-41.8191  5.55363e+20
-41.7018  5.59383e+20
-41.5845  5.65886e+20
-41.4672  5.75059e+20
-41.3499  5.87268e+20
-41.2326  6.02576e+20
-41.1153  6.20938e+20
-40.998  6.42309e+20
-40.8807  6.66299e+20
-40.7634  6.92173e+20
-40.6461  7.19007e+20
-40.5288  7.45309e+20
-40.4115  7.69596e+20
-40.2942  7.90267e+20
-40.1769  8.0579e+20
-40.0596  8.1524e+20
-39.9423  8.18239e+20
-39.825  8.15098e+20
-39.7076  8.0741e+20
-39.5903  7.96669e+20
-39.473  7.85195e+20
-39.3557  7.75463e+20
-39.2384  7.6936e+20
-39.1211  7.68324e+20
-39.0038  7.73169e+20
-38.8865  7.83804e+20
-38.7692  7.99296e+20
-38.6519  8.18373e+20
-38.5346  8.38774e+20
-38.4173  8.58678e+20
-38.3  8.75799e+20
-38.1827  8.8829e+20
-38.0654  8.94751e+20
-37.9481  8.94279e+20
-37.8308  8.86887e+20
-37.7135  8.73216e+20
-37.5962  8.54649e+20
-37.4789  8.33556e+20
-37.3615  8.1217e+20
-37.2442  7.93419e+20
-37.1269  7.79561e+20
-37.0096  7.72279e+20
-36.8923  7.7259e+20
-36.775  7.80211e+20
-36.6577  7.94209e+20
-36.5404  8.12519e+20
-36.4231  8.32616e+20
-36.3058  8.5208e+20
-36.1885  8.6844e+20
-36.0712  8.80052e+20
-35.9539  8.8576e+20
-35.8366  8.85606e+20
-35.7193  8.80378e+20
-35.602  8.7156e+20
-35.4847  8.61036e+20
-35.3674  8.50901e+20
-35.2501  8.43027e+20
-35.1328  8.39219e+20
-35.0154  8.40645e+20
-34.8981  8.47865e+20
-34.7808  8.60655e+20
-34.6635  8.78299e+20
-34.5462  8.99474e+20
-34.4289  9.22225e+20
-34.3116  9.44766e+20
-34.1943  9.65051e+20
-34.077  9.81558e+20
-33.9597  9.93334e+20
-33.8424  9.99866e+20
-33.7251  1.0016e+21
-33.6078  9.99627e+20
-33.4905  9.9559e+20
-33.3732  9.91442e+20
-33.2559  9.89256e+20
-33.1386  9.91004e+20
-33.0213  9.98105e+20
-32.904  1.01161e+21
-32.7867  1.03194e+21
-32.6693  1.05889e+21
-32.552  1.09168e+21
-32.4347  1.12921e+21
-32.3174  1.1697e+21
-32.2001  1.2116e+21
-32.0828  1.2531e+21
-31.9655  1.29279e+21
-31.8482  1.32941e+21
-31.7309  1.36244e+21
-31.6136  1.392e+21
-31.4963  1.41863e+21
-31.379  1.44369e+21
-31.2617  1.46861e+21
-31.1444  1.4952e+21
-31.0271  1.52531e+21
-30.9098  1.5602e+21
-30.7925  1.6008e+21
-30.6752  1.64721e+21
-30.5579  1.69895e+21
-30.4406  1.75494e+21
-30.3232  1.81345e+21
-30.2059  1.8728e+21
-30.0886  1.9309e+21
-29.9713  1.98578e+21
-29.854  2.03621e+21
-29.7367  2.081e+21
-29.6194  2.11983e+21
-29.5021  2.15266e+21
-29.3848  2.18056e+21
-29.2675  2.20443e+21
-29.1502  2.2257e+21
-29.0329  2.24557e+21
-28.9156  2.26546e+21
-28.7983  2.28596e+21
-28.681  2.30759e+21
-28.5637  2.33051e+21
-28.4464  2.35451e+21
-28.3291  2.37933e+21
-28.2118  2.40466e+21
-28.0944  2.43057e+21
-27.9771  2.45728e+21
-27.8598  2.4852e+21
-27.7425  2.51518e+21
-27.6252  2.54801e+21
-27.5079  2.58434e+21
-27.3906  2.62495e+21
-27.2733  2.67028e+21
-27.156  2.72084e+21
-27.0387  2.77683e+21
-26.9214  2.8386e+21
-26.8041  2.90626e+21
-26.6868  2.97996e+21
-26.5695  3.05942e+21
-26.4522  3.14396e+21
-26.3349  3.23285e+21
-26.2176  3.32438e+21
-26.1003  3.41719e+21
-25.983  3.50915e+21
-25.8657  3.59867e+21
-25.7483  3.68441e+21
-25.631  3.7655e+21
-25.5137  3.84183e+21
-25.3964  3.9141e+21
-25.2791  3.98277e+21
-25.1618  4.04958e+21
-25.0445  4.11595e+21
-24.9272  4.18308e+21
-24.8099  4.25201e+21
-24.6926  4.32395e+21
-24.5753  4.39932e+21
-24.458  4.47867e+21
-24.3407  4.56187e+21
-24.2234  4.64927e+21
-24.1061  4.7402e+21
-23.9888  4.83433e+21
-23.8715  4.93136e+21
-23.7542  5.03072e+21
-23.6369  5.13226e+21
-23.5196  5.23585e+21
-23.4023  5.34227e+21
-23.2849  5.45216e+21
-23.1676  5.56643e+21
-23.0503  5.68602e+21
-22.933  5.81184e+21
-22.8157  5.94343e+21
-22.6984  6.08003e+21
-22.5811  6.21936e+21
-22.4638  6.35956e+21
-22.3465  6.49708e+21
-22.2292  6.62929e+21
-22.1119  6.75358e+21
-21.9946  6.86887e+21
-21.8773  6.97481e+21
-21.76  7.07218e+21
-21.6427  7.16337e+21
-21.5254  7.25104e+21
-21.4081  7.33937e+21
-21.2908  7.43169e+21
-21.1735  7.53198e+21
-21.0561  7.64343e+21
-20.9388  7.76833e+21
-20.8215  7.90808e+21
-20.7042  8.06248e+21
-20.5869  8.22954e+21
-20.4696  8.40612e+21
-20.3523  8.58774e+21
-20.235  8.76807e+21
-20.1177  8.94061e+21
-20.0004  9.09897e+21
-19.8831  9.238e+21
-19.7658  9.35352e+21
-19.6485  9.44374e+21
-19.5312  9.50976e+21
-19.4139  9.55446e+21
-19.2966  9.58296e+21
-19.1793  9.60223e+21
-19.062  9.61944e+21
-18.9447  9.64195e+21
-18.8274  9.67645e+21
-18.71  9.72898e+21
-18.5927  9.80343e+21
-18.4754  9.9024e+21
-18.3581  1.00268e+22
-18.2408  1.01764e+22
-18.1235  1.03488e+22
-18.0062  1.05406e+22
-17.8889  1.07469e+22
-17.7716  1.09636e+22
-17.6543  1.11844e+22
-17.537  1.14045e+22
-17.4197  1.16188e+22
-17.3024  1.18246e+22
-17.1851  1.20198e+22
-17.0678  1.22042e+22
-16.9505  1.23791e+22
-16.8332  1.2547e+22
-16.7159  1.27113e+22
-16.5986  1.28752e+22
-16.4813  1.30417e+22
-16.364  1.32126e+22
-16.2466  1.33887e+22
-16.1293  1.35693e+22
-16.012  1.3752e+22
-15.8947  1.39336e+22
-15.7774  1.41103e+22
-15.6601  1.42778e+22
-15.5428  1.44321e+22
-15.4255  1.45697e+22
-15.3082  1.46883e+22
-15.1909  1.4788e+22
-15.0736  1.48687e+22
-14.9563  1.49333e+22
-14.839  1.49855e+22
-14.7217  1.50302e+22
-14.6044  1.50728e+22
-14.4871  1.51191e+22
-14.3698  1.5174e+22
-14.2525  1.52415e+22
-14.1352  1.53242e+22
-14.0178  1.54238e+22
-13.9005  1.55393e+22
-13.7832  1.56693e+22
-13.6659  1.58108e+22
-13.5486  1.59607e+22
-13.4313  1.61147e+22
-13.314  1.62695e+22
-13.1967  1.64222e+22
-13.0794  1.65711e+22
-12.9621  1.67143e+22
-12.8448  1.68523e+22
-12.7275  1.6985e+22
-12.6102  1.71142e+22
-12.4929  1.72418e+22
-12.3756  1.73694e+22
-12.2583  1.74993e+22
-12.141  1.76328e+22
-12.0237  1.77701e+22
-11.9064  1.79114e+22
-11.7891  1.80556e+22
-11.6718  1.82008e+22
-11.5544  1.83448e+22
-11.4371  1.84861e+22
-11.3198  1.86215e+22
-11.2025  1.87504e+22
-11.0852  1.88719e+22
-10.9679  1.89865e+22
-10.8506  1.9096e+22
-10.7333  1.92024e+22
-10.616  1.93086e+22
-10.4987  1.94187e+22
-10.3814  1.9535e+22
-10.2641  1.96609e+22
-10.1468  1.9798e+22
-10.0295  1.99475e+22
-9.91217  2.01081e+22
-9.79487  2.02783e+22
-9.67756  2.04541e+22
-9.56026  2.06306e+22
-9.44295  2.08021e+22
-9.32565  2.09629e+22
-9.20834  2.11067e+22
-9.09104  2.12289e+22
-8.97373  2.13259e+22
-8.85643  2.13961e+22
-8.73913  2.14394e+22
-8.62182  2.14588e+22
-8.50452  2.14586e+22
-8.38721  2.14447e+22
-8.26991  2.14234e+22
-8.1526  2.1402e+22
-8.03529  2.13866e+22
-7.91799  2.13827e+22
-7.80069  2.13946e+22
-7.68338  2.14242e+22
-7.56608  2.14724e+22
-7.44877  2.15384e+22
-7.33146  2.16185e+22
-7.21416  2.17094e+22
-7.09685  2.18068e+22
-6.97955  2.19054e+22
-6.86224  2.20013e+22
-6.74494  2.20926e+22
-6.62763  2.21762e+22
-6.51033  2.2253e+22
-6.39302  2.23247e+22
-6.27572  2.23945e+22
-6.15842  2.24669e+22
-6.04111  2.25468e+22
-5.92381  2.26388e+22
-5.8065  2.27479e+22
-5.68919  2.28764e+22
-5.57189  2.30259e+22
-5.45458  2.31954e+22
-5.33728  2.33828e+22
-5.21997  2.35824e+22
-5.10267  2.37878e+22
-4.98536  2.39909e+22
-4.86806  2.41827e+22
-4.75075  2.43544e+22
-4.63345  2.44986e+22
-4.51614  2.46087e+22
-4.39884  2.46813e+22
-4.28154  2.47161e+22
-4.16423  2.47152e+22
-4.04692  2.4684e+22
-3.92962  2.46305e+22
-3.81231  2.45642e+22
-3.69501  2.44946e+22
-3.5777  2.44313e+22
-3.4604  2.43824e+22
-3.34309  2.43538e+22
-3.22579  2.43486e+22
-3.10849  2.43681e+22
-2.99118  2.44101e+22
-2.87387  2.44712e+22
-2.75657  2.45463e+22
-2.63926  2.46287e+22
-2.52196  2.47119e+22
-2.40465  2.47895e+22
-2.28735  2.48554e+22
-2.17005  2.49055e+22
-2.05274  2.4938e+22
-1.93544  2.49511e+22
-1.81813  2.49472e+22
-1.70083  2.49292e+22
-1.58352  2.49019e+22
-1.46622  2.48706e+22
-1.34891  2.48408e+22
-1.2316  2.48166e+22
-1.1143  2.48016e+22
-0.996995  2.47969e+22
-0.87969  2.48031e+22
-0.762385  2.48178e+22
-0.64508  2.48391e+22
-0.527775  2.48634e+22
-0.41047  2.48875e+22
-0.293165  2.49083e+22
-0.17586  2.49235e+22
-0.058555  2.49316e+22
0.05875  2.49313e+22
0.176055  2.49231e+22
0.29336  2.49072e+22
0.410665  2.4886e+22
0.52797  2.48612e+22
0.645275  2.4836e+22
0.76258  2.48138e+22
0.879885  2.47979e+22
0.99719  2.47904e+22
1.1145  2.47934e+22
1.2318  2.48068e+22
1.3491  2.48295e+22
1.46641  2.48575e+22
1.58371  2.48869e+22
1.70102  2.4912e+22
1.81832  2.49279e+22
1.93563  2.49298e+22
2.05294  2.49146e+22
2.17024  2.48808e+22
2.28754  2.48288e+22
2.40485  2.47613e+22
2.52216  2.46824e+22
2.63946  2.45981e+22
2.75677  2.45143e+22
2.87407  2.44383e+22
2.99137  2.43758e+22
3.10868  2.43325e+22
3.22599  2.43117e+22
3.34329  2.43155e+22
3.4606  2.43428e+22
3.5779  2.43899e+22
3.69521  2.4451e+22
3.81251  2.45185e+22
3.92982  2.45824e+22
4.04712  2.46332e+22
4.16443  2.46618e+22
4.28173  2.46602e+22
4.39903  2.4623e+22
4.51634  2.4548e+22
4.63364  2.4436e+22
4.75095  2.42902e+22
4.86825  2.41173e+22
4.98556  2.39245e+22
5.10286  2.37211e+22
5.22017  2.35155e+22
5.33748  2.3316e+22
5.45478  2.31292e+22
5.57209  2.296e+22
5.68939  2.28106e+22
5.8067  2.26824e+22
5.924  2.25734e+22
6.0413  2.24813e+22
6.15861  2.24011e+22
6.27591  2.23281e+22
6.39322  2.22575e+22
6.51052  2.21848e+22
6.62783  2.21065e+22
6.74514  2.20214e+22
6.86244  2.19293e+22
6.97975  2.18316e+22
7.09705  2.17315e+22
7.21436  2.16332e+22
7.33166  2.15407e+22
7.44897  2.14592e+22
7.56627  2.13926e+22
7.68358  2.13431e+22
7.80088  2.13122e+22
7.91819  2.12991e+22
8.03549  2.13017e+22
8.1528  2.13161e+22
8.2701  2.1336e+22
8.38741  2.13554e+22
8.50471  2.13679e+22
8.62202  2.1366e+22
8.73932  2.13444e+22
8.85662  2.12991e+22
8.97393  2.12269e+22
9.09123  2.11279e+22
9.20854  2.10037e+22
9.32584  2.08583e+22
9.44315  2.06959e+22
9.56045  2.05227e+22
9.67776  2.03451e+22
9.79506  2.01684e+22
9.91237  1.99974e+22
10.0297  1.98362e+22
10.147  1.96865e+22
10.2643  1.95492e+22
10.3816  1.94231e+22
10.4989  1.93066e+22
10.6162  1.91966e+22
10.7335  1.90903e+22
10.8508  1.89837e+22
10.9681  1.88741e+22
11.0854  1.87594e+22
11.2027  1.86376e+22
11.32  1.85082e+22
11.4373  1.83722e+22
11.5546  1.82308e+22
11.6719  1.80861e+22
11.7893  1.79403e+22
11.9066  1.77959e+22
12.0239  1.76536e+22
12.1412  1.75157e+22
12.2585  1.73819e+22
12.3758  1.72516e+22
12.4931  1.71232e+22
12.6104  1.6995e+22
12.7277  1.68653e+22
12.845  1.67322e+22
12.9623  1.65938e+22
13.0796  1.645e+22
13.1969  1.6301e+22
13.3142  1.61477e+22
13.4315  1.59922e+22
13.5488  1.5838e+22
13.6661  1.56879e+22
13.7834  1.55459e+22
13.9007  1.54154e+22
14.018  1.52996e+22
14.1354  1.51995e+22
14.2527  1.51159e+22
14.37  1.5048e+22
14.4873  1.49922e+22
14.6046  1.49451e+22
14.7219  1.49017e+22
14.8392  1.48562e+22
14.9565  1.48034e+22
15.0738  1.47382e+22
15.1911  1.46568e+22
15.3084  1.45569e+22
15.4257  1.44376e+22
15.543  1.42998e+22
15.6603  1.41454e+22
15.7776  1.39781e+22
15.8949  1.38016e+22
16.0122  1.362e+22
16.1295  1.34373e+22
16.2468  1.32569e+22
16.3641  1.30808e+22
16.4815  1.291e+22
16.5988  1.27436e+22
16.7161  1.25793e+22
16.8334  1.24149e+22
16.9507  1.22467e+22
17.068  1.20718e+22
17.1853  1.18873e+22
17.3026  1.16922e+22
17.4199  1.14868e+22
17.5372  1.12728e+22
17.6545  1.10534e+22
17.7718  1.08336e+22
17.8891  1.06182e+22
18.0064  1.04129e+22
18.1237  1.02224e+22
18.241  1.00517e+22
18.3583  9.90346e+21
18.4756  9.78014e+21
18.5929  9.68224e+21
18.7102  9.60885e+21
18.8275  9.55703e+21
18.9449  9.52277e+21
19.0622  9.50068e+21
19.1795  9.48344e+21
19.2968  9.464e+21
19.4141  9.43509e+21
19.5314  9.39003e+21
19.6487  9.32382e+21
19.766  9.23314e+21
19.8833  9.1176e+21
20.0006  8.97869e+21
20.1179  8.82041e+21
20.2352  8.64858e+21
20.3525  8.46909e+21
20.4698  8.2889e+21
20.5871  8.11357e+21
20.7044  7.94784e+21
20.8217  7.79513e+21
20.939  7.65701e+21
21.0563  7.5334e+21
21.1736  7.42352e+21
21.291  7.32458e+21
21.4083  7.23321e+21
21.5256  7.14614e+21
21.6429  7.05911e+21
21.7602  6.96886e+21
21.8775  6.87199e+21
21.9948  6.76676e+21
22.1121  6.65198e+21
22.2294  6.52808e+21
22.3467  6.39637e+21
22.464  6.25964e+21
22.5813  6.12036e+21
22.6986  5.98177e+21
22.8159  5.8462e+21
22.9332  5.71569e+21
23.0505  5.59106e+21
23.1678  5.47245e+21
23.2851  5.35945e+21
23.4024  5.25082e+21
23.5198  5.14559e+21
23.6371  5.04316e+21
23.7544  4.9429e+21
23.8717  4.84481e+21
23.989  4.74903e+21
24.1063  4.65602e+21
24.2236  4.56638e+21
24.3409  4.48032e+21
24.4582  4.39823e+21
24.5755  4.32007e+21
24.6928  4.24567e+21
24.8101  4.17479e+21
24.9274  4.10685e+21
25.0447  4.0407e+21
25.162  3.97536e+21
25.2793  3.90949e+21
25.3966  3.84159e+21
25.5139  3.77056e+21
25.6312  3.69523e+21
25.7485  3.61506e+21
25.8658  3.53055e+21
25.9832  3.4422e+21
26.1005  3.35147e+21
26.2178  3.26016e+21
26.3351  3.16987e+21
26.4524  3.08244e+21
26.5697  2.99916e+21
26.687  2.92105e+21
26.8043  2.84861e+21
26.9216  2.78205e+21
27.0389  2.72133e+21
27.1562  2.66642e+21
27.2735  2.61682e+21
27.3908  2.57243e+21
27.5081  2.53274e+21
27.6254  2.49723e+21
27.7427  2.46534e+21
27.86  2.4362e+21
27.9773  2.40919e+21
28.0946  2.38338e+21
28.212  2.3583e+21
28.3293  2.33384e+21
28.4466  2.30985e+21
28.5639  2.28671e+21
28.6812  2.26448e+21
28.7985  2.24357e+21
28.9158  2.22384e+21
29.0331  2.20462e+21
29.1504  2.1854e+21
29.2677  2.16469e+21
29.385  2.14138e+21
29.5023  2.11407e+21
29.6196  2.08173e+21
29.7369  2.04352e+21
29.8542  1.99936e+21
29.9715  1.94978e+21
30.0888  1.89555e+21
30.2061  1.83843e+21
30.3234  1.78006e+21
30.4407  1.72245e+21
30.558  1.66756e+21
30.6754  1.61676e+21
30.7927  1.57147e+21
30.91  1.53196e+21
31.0273  1.49794e+21
31.1446  1.46868e+21
31.2619  1.44285e+21
31.3792  1.41855e+21
31.4965  1.39419e+21
31.6138  1.36811e+21
31.7311  1.33916e+21
31.8484  1.30668e+21
31.9657  1.27056e+21
32.083  1.23155e+21
32.2003  1.19073e+21
32.3176  1.14953e+21
32.4349  1.10977e+21
32.5522  1.07308e+21
32.6695  1.04107e+21
32.7868  1.01492e+21
32.9042  9.95385e+20
33.0215  9.82592e+20
33.1388  9.76093e+20
33.2561  9.74931e+20
33.3734  9.77584e+20
33.4907  9.8213e+20
33.608  9.86496e+20
33.7253  9.8864e+20
33.8426  9.87157e+20
33.9599  9.80805e+20
34.0772  9.69341e+20
34.1945  9.53046e+20
34.3118  9.33038e+20
34.4291  9.10887e+20
34.5464  8.88536e+20
34.6637  8.67992e+20
34.781  8.50831e+20
34.8983  8.38516e+20
35.0156  8.31791e+20
35.1329  8.30848e+20
35.2503  8.35081e+20
35.3676  8.43166e+20
35.4849  8.5362e+20
35.6022  8.64383e+20
35.7195  8.73285e+20
35.8368  8.78509e+20
35.9541  8.78746e+20
36.0714  8.73028e+20
36.1887  8.6158e+20
36.306  8.45409e+20
36.4233  8.26228e+20
36.5406  8.06425e+20
36.6579  7.88509e+20
36.7752  7.74977e+20
36.8925  7.67854e+20
37.0098  7.68035e+20
37.1271  7.75765e+20
37.2444  7.89998e+20
37.3617  8.0898e+20
37.479  8.30424e+20
37.5964  8.51668e+20
37.7137  8.70092e+20
37.831  8.8367e+20
37.9483  8.90854e+20
38.0656  8.91256e+20
38.1829  8.84661e+20
38.3002  8.72026e+20
38.4175  8.54884e+20
38.5348  8.35018e+20
38.6521  8.14699e+20
38.7694  7.95942e+20
38.8867  7.8061e+20
39.004  7.7022e+20
39.1213  7.65599e+20
39.2386  7.66929e+20
39.3559  7.73253e+20
39.4732  7.83096e+20
39.5905  7.94463e+20
39.7078  8.05116e+20
39.8251  8.12726e+20
39.9425  8.15592e+20
40.0598  8.12394e+20
40.1771  8.02732e+20
40.2944  7.86973e+20
40.4117  7.66241e+20
40.529  7.41753e+20
40.6463  7.15369e+20
40.7636  6.88619e+20
40.8809  6.62833e+20
40.9982  6.39045e+20
41.1155  6.1776e+20
41.2328  5.99514e+20
41.3501  5.84371e+20
41.4674  5.72275e+20
41.5847  5.63259e+20
41.702  5.56902e+20
41.8193  5.53046e+20
41.9366  5.51109e+20
42.0539  5.50637e+20
42.1712  5.51222e+20
42.2885  5.52323e+20
42.4059  5.53853e+20
42.5232  5.55904e+20
42.6405  5.58679e+20
42.7578  5.62815e+20
42.8751  5.68594e+20
42.9924  5.76352e+20
43.1097  5.86107e+20
43.227  5.97088e+20
43.3443  6.08487e+20
43.4616  6.18718e+20
43.5789  6.2629e+20
43.6962  6.29712e+20
43.8135  6.28008e+20
43.9308  6.20787e+20
44.0481  6.0808e+20
44.1654  5.91001e+20
44.2827  5.70945e+20
44.4  5.49865e+20
44.5173  5.29835e+20
44.6347  5.12931e+20
44.752  5.00892e+20
44.8693  4.95063e+20
44.9866  4.96227e+20
45.1039  5.0466e+20
45.2212  5.19681e+20
45.3385  5.40289e+20
45.4558  5.64725e+20
45.5731  5.90881e+20
45.6904  6.164e+20
45.8077  6.38806e+20
45.925  6.56287e+20
46.0423  6.67313e+20
46.1596  6.71238e+20
46.2769  6.68026e+20
46.3942  6.5854e+20
46.5115  6.44186e+20
46.6288  6.26467e+20
46.7461  6.07076e+20
46.8634  5.87453e+20
46.9808  5.68294e+20
47.0981  5.50252e+20
47.2154  5.33194e+20
47.3327  5.16753e+20
47.45  5.00243e+20
47.5673  4.83184e+20
47.6846  4.65195e+20
47.8019  4.45967e+20
47.9192  4.25533e+20
48.0365  4.04378e+20
48.1538  3.82957e+20
48.2711  3.62187e+20
48.3884  3.42814e+20
48.5057  3.25884e+20
48.623  3.12041e+20
48.7403  3.01946e+20
48.8576  2.95929e+20
48.9749  2.93736e+20
49.0922  2.94895e+20
49.2095  2.98545e+20
49.3269  3.0345e+20
49.4442  3.0843e+20
49.5615  3.12358e+20
49.6788  3.14607e+20
49.7961  3.14697e+20
49.9134  3.12884e+20
50.0307  3.09692e+20
50.148  3.05981e+20
50.2653  3.02754e+20
50.3826  3.00974e+20
50.4999  3.01099e+20
50.6172  3.03611e+20
50.7345  3.08387e+20
50.8518  3.15047e+20
50.9691  3.22898e+20
51.0864  3.31147e+20
51.2037  3.38949e+20
51.321  3.45417e+20
51.4383  3.4984e+20
51.5556  3.51563e+20
51.673  3.50084e+20
51.7903  3.45241e+20
51.9076  3.36944e+20
52.0249  3.25663e+20
52.1422  3.11926e+20
52.2595  2.96739e+20
52.3768  2.81392e+20
52.4941  2.66967e+20
52.6114  2.54727e+20
52.7287  2.4567e+20
52.846  2.40274e+20
52.9633  2.38768e+20
53.0806  2.40691e+20
53.1979  2.45297e+20
53.3152  2.51385e+20
53.4325  2.57727e+20
53.5498  2.63051e+20
53.6671  2.66386e+20
53.7844  2.67188e+20
53.9017  2.65327e+20
54.0191  2.61145e+20
54.1364  2.55452e+20
54.2537  2.49322e+20
54.371  2.44049e+20
54.4883  2.40591e+20
54.6056  2.39854e+20
54.7229  2.42055e+20
54.8402  2.46981e+20
54.9575  2.54005e+20
55.0748  2.62081e+20
55.1921  2.69927e+20
55.3094  2.76364e+20
55.4267  2.8048e+20
55.544  2.81584e+20
55.6613  2.79555e+20
55.7786  2.74678e+20
55.8959  2.67513e+20
56.0132  2.58979e+20
56.1305  2.49958e+20
56.2478  2.41432e+20
56.3651  2.34247e+20
56.4825  2.29e+20
56.5998  2.26157e+20
56.7171  2.25864e+20
56.8344  2.28158e+20
56.9517  2.32622e+20
57.069  2.38703e+20
57.1863  2.45475e+20
57.3036  2.52009e+20
57.4209  2.57224e+20
57.5382  2.60148e+20
57.6555  2.60134e+20
57.7728  2.56908e+20
57.8901  2.50663e+20
58.0074  2.42089e+20
58.1247  2.32146e+20
58.242  2.22007e+20
58.3593  2.12856e+20
58.4766  2.05639e+20
58.5939  2.00977e+20
