#S 1 spectral density
#N 2
#UFWHM 65.2216
#L  abscissas [um]  spectral density
-58.5938  1.09378e+21
-58.4764  1.09875e+21
-58.3591  1.10613e+21
-58.2418  1.11635e+21
-58.1245  1.12945e+21
-58.0072  1.14495e+21
-57.8899  1.16227e+21
-57.7726  1.18066e+21
-57.6553  1.19927e+21
-57.538  1.21753e+21
-57.4207  1.23511e+21
-57.3034  1.25172e+21
-57.1861  1.26733e+21
-57.0688  1.28185e+21
-56.9515  1.29555e+21
-56.8342  1.30849e+21
-56.7169  1.32102e+21
-56.5996  1.33375e+21
-56.4823  1.34703e+21
-56.365  1.36152e+21
-56.2477  1.37794e+21
-56.1303  1.39674e+21
-56.013  1.41792e+21
-55.8957  1.44145e+21
-55.7784  1.46648e+21
-55.6611  1.49197e+21
-55.5438  1.51644e+21
-55.4265  1.53844e+21
-55.3092  1.55664e+21
-55.1919  1.56998e+21
-55.0746  1.57794e+21
-54.9573  1.58062e+21
-54.84  1.57872e+21
-54.7227  1.57363e+21
-54.6054  1.56674e+21
-54.4881  1.56014e+21
-54.3708  1.55581e+21
-54.2535  1.55533e+21
-54.1362  1.56003e+21
-54.0189  1.57097e+21
-53.9016  1.58846e+21
-53.7842  1.61238e+21
-53.6669  1.64194e+21
-53.5496  1.67611e+21
-53.4323  1.71354e+21
-53.315  1.75258e+21
-53.1977  1.79182e+21
-53.0804  1.82985e+21
-52.9631  1.86557e+21
-52.8458  1.89818e+21
-52.7285  1.92754e+21
-52.6112  1.95362e+21
-52.4939  1.97698e+21
-52.3766  1.99824e+21
-52.2593  2.01857e+21
-52.142  2.03887e+21
-52.0247  2.06022e+21
-51.9074  2.08358e+21
-51.7901  2.10922e+21
-51.6728  2.13702e+21
-51.5555  2.16667e+21
-51.4381  2.19706e+21
-51.3208  2.22643e+21
-51.2035  2.25319e+21
-51.0862  2.27536e+21
-50.9689  2.29137e+21
-50.8516  2.29999e+21
-50.7343  2.30073e+21
-50.617  2.29392e+21
-50.4997  2.28037e+21
-50.3824  2.26175e+21
-50.2651  2.24003e+21
-50.1478  2.21749e+21
-50.0305  2.19657e+21
-49.9132  2.17918e+21
-49.7959  2.16752e+21
-49.6786  2.16316e+21
-49.5613  2.16714e+21
-49.444  2.17998e+21
-49.3267  2.20185e+21
-49.2094  2.23205e+21
-49.092  2.26966e+21
-48.9747  2.31284e+21
-48.8574  2.35981e+21
-48.7401  2.40853e+21
-48.6228  2.45695e+21
-48.5055  2.50355e+21
-48.3882  2.5472e+21
-48.2709  2.58723e+21
-48.1536  2.62369e+21
-48.0363  2.65727e+21
-47.919  2.68862e+21
-47.8017  2.71882e+21
-47.6844  2.74858e+21
-47.5671  2.77872e+21
-47.4498  2.80943e+21
-47.3325  2.84083e+21
-47.2152  2.8728e+21
-47.0979  2.90476e+21
-46.9806  2.93583e+21
-46.8633  2.96574e+21
-46.7459  2.99377e+21
-46.6286  3.01919e+21
-46.5113  3.04177e+21
-46.394  3.06113e+21
-46.2767  3.07748e+21
-46.1594  3.09108e+21
-46.0421  3.10267e+21
-45.9248  3.11327e+21
-45.8075  3.12364e+21
-45.6902  3.13504e+21
-45.5729  3.14824e+21
-45.4556  3.16389e+21
-45.3383  3.18228e+21
-45.221  3.2032e+21
-45.1037  3.22652e+21
-44.9864  3.25193e+21
-44.8691  3.27873e+21
-44.7518  3.30637e+21
-44.6345  3.33449e+21
-44.5172  3.3624e+21
-44.3998  3.39003e+21
-44.2825  3.41664e+21
-44.1652  3.44194e+21
-44.0479  3.4657e+21
-43.9306  3.48762e+21
-43.8133  3.50794e+21
-43.696  3.52708e+21
-43.5787  3.54561e+21
-43.4614  3.56442e+21
-43.3441  3.58473e+21
-43.2268  3.60701e+21
-43.1095  3.63201e+21
-42.9922  3.65957e+21
-42.8749  3.68935e+21
-42.7576  3.72049e+21
-42.6403  3.75195e+21
-42.523  3.78286e+21
-42.4057  3.81251e+21
-42.2884  3.84034e+21
-42.171  3.86721e+21
-42.0537  3.89383e+21
-41.9364  3.92159e+21
-41.8191  3.95215e+21
-41.7018  3.98691e+21
-41.5845  4.0275e+21
-41.4672  4.07479e+21
-41.3499  4.1295e+21
-41.2326  4.19171e+21
-41.1153  4.26054e+21
-40.998  4.33512e+21
-40.8807  4.41357e+21
-40.7634  4.49343e+21
-40.6461  4.57177e+21
-40.5288  4.6453e+21
-40.4115  4.71083e+21
-40.2942  4.76548e+21
-40.1769  4.80663e+21
-40.0596  4.83283e+21
-39.9423  4.84379e+21
-39.825  4.84023e+21
-39.7076  4.82479e+21
-39.5903  4.80025e+21
-39.473  4.77033e+21
-39.3557  4.73934e+21
-39.2384  4.71089e+21
-39.1211  4.68829e+21
-39.0038  4.67423e+21
-38.8865  4.6702e+21
-38.7692  4.67687e+21
-38.6519  4.69454e+21
-38.5346  4.72187e+21
-38.4173  4.75785e+21
-38.3  4.8005e+21
-38.1827  4.84775e+21
-38.0654  4.89745e+21
-37.9481  4.94743e+21
-37.8308  4.99588e+21
-37.7135  5.04148e+21
-37.5962  5.08303e+21
-37.4789  5.12101e+21
-37.3615  5.15588e+21
-37.2442  5.189e+21
-37.1269  5.22227e+21
-37.0096  5.2572e+21
-36.8923  5.29592e+21
-36.775  5.3395e+21
-36.6577  5.38884e+21
-36.5404  5.44386e+21
-36.4231  5.50348e+21
-36.3058  5.56664e+21
-36.1885  5.63131e+21
-36.0712  5.69532e+21
-35.9539  5.75641e+21
-35.8366  5.81243e+21
-35.7193  5.86185e+21
-35.602  5.90367e+21
-35.4847  5.93701e+21
-35.3674  5.96196e+21
-35.2501  5.97921e+21
-35.1328  5.98976e+21
-35.0154  5.99572e+21
-34.8981  5.99886e+21
-34.7808  6.00089e+21
-34.6635  6.00413e+21
-34.5462  6.00966e+21
-34.4289  6.0184e+21
-34.3116  6.0309e+21
-34.1943  6.04663e+21
-34.077  6.06473e+21
-33.9597  6.08466e+21
-33.8424  6.10451e+21
-33.7251  6.12354e+21
-33.6078  6.14075e+21
-33.4905  6.15561e+21
-33.3732  6.16796e+21
-33.2559  6.17801e+21
-33.1386  6.1866e+21
-33.0213  6.19477e+21
-32.904  6.20351e+21
-32.7867  6.21479e+21
-32.6693  6.23004e+21
-32.552  6.25078e+21
-32.4347  6.27853e+21
-32.3174  6.31367e+21
-32.2001  6.35702e+21
-32.0828  6.40823e+21
-31.9655  6.46664e+21
-31.8482  6.53097e+21
-31.7309  6.59947e+21
-31.6136  6.67084e+21
-31.4963  6.74321e+21
-31.379  6.81533e+21
-31.2617  6.88623e+21
-31.1444  6.95522e+21
-31.0271  7.02256e+21
-30.9098  7.0887e+21
-30.7925  7.15404e+21
-30.6752  7.21917e+21
-30.5579  7.28442e+21
-30.4406  7.34997e+21
-30.3232  7.4157e+21
-30.2059  7.48085e+21
-30.0886  7.54351e+21
-29.9713  7.60225e+21
-29.854  7.65458e+21
-29.7367  7.698e+21
-29.6194  7.7307e+21
-29.5021  7.75073e+21
-29.3848  7.75715e+21
-29.2675  7.75074e+21
-29.1502  7.73198e+21
-29.0329  7.70348e+21
-28.9156  7.66862e+21
-28.7983  7.63125e+21
-28.681  7.59565e+21
-28.5637  7.56606e+21
-28.4464  7.54651e+21
-28.3291  7.54025e+21
-28.2118  7.54913e+21
-28.0944  7.57464e+21
-27.9771  7.61645e+21
-27.8598  7.673e+21
-27.7425  7.74176e+21
-27.6252  7.81814e+21
-27.5079  7.89789e+21
-27.3906  7.97574e+21
-27.2733  8.04673e+21
-27.156  8.10658e+21
-27.0387  8.15193e+21
-26.9214  8.1816e+21
-26.8041  8.19546e+21
-26.6868  8.19562e+21
-26.5695  8.18545e+21
-26.4522  8.1692e+21
-26.3349  8.15251e+21
-26.2176  8.14051e+21
-26.1003  8.13791e+21
-25.983  8.14845e+21
-25.8657  8.17464e+21
-25.7483  8.21792e+21
-25.631  8.27807e+21
-25.5137  8.35384e+21
-25.3964  8.44145e+21
-25.2791  8.53724e+21
-25.1618  8.63591e+21
-25.0445  8.73175e+21
-24.9272  8.81948e+21
-24.8099  8.89388e+21
-24.6926  8.95112e+21
-24.5753  8.98967e+21
-24.458  9.00841e+21
-24.3407  9.00929e+21
-24.2234  8.99589e+21
-24.1061  8.97292e+21
-23.9888  8.94608e+21
-23.8715  8.92119e+21
-23.7542  8.90372e+21
-23.6369  8.89818e+21
-23.5196  8.90726e+21
-23.4023  8.93273e+21
-23.2849  8.97434e+21
-23.1676  9.03011e+21
-23.0503  9.09718e+21
-22.933  9.1703e+21
-22.8157  9.24485e+21
-22.6984  9.31515e+21
-22.5811  9.3761e+21
-22.4638  9.42347e+21
-22.3465  9.45397e+21
-22.2292  9.46699e+21
-22.1119  9.46299e+21
-21.9946  9.44469e+21
-21.8773  9.4163e+21
-21.76  9.3828e+21
-21.6427  9.35044e+21
-21.5254  9.32457e+21
-21.4081  9.31005e+21
-21.2908  9.3102e+21
-21.1735  9.32698e+21
-21.0561  9.36144e+21
-20.9388  9.41274e+21
-20.8215  9.47981e+21
-20.7042  9.55894e+21
-20.5869  9.6471e+21
-20.4696  9.74007e+21
-20.3523  9.83309e+21
-20.235  9.92191e+21
-20.1177  1.00019e+22
-20.0004  1.00696e+22
-19.8831  1.0123e+22
-19.7658  1.01603e+22
-19.6485  1.01822e+22
-19.5312  1.01907e+22
-19.4139  1.01888e+22
-19.2966  1.01804e+22
-19.1793  1.01694e+22
-19.062  1.01594e+22
-18.9447  1.01534e+22
-18.8274  1.01525e+22
-18.71  1.01575e+22
-18.5927  1.01678e+22
-18.4754  1.01821e+22
-18.3581  1.01994e+22
-18.2408  1.0217e+22
-18.1235  1.02344e+22
-18.0062  1.02501e+22
-17.8889  1.02635e+22
-17.7716  1.02747e+22
-17.6543  1.02833e+22
-17.537  1.02907e+22
-17.4197  1.02977e+22
-17.3024  1.03054e+22
-17.1851  1.03154e+22
-17.0678  1.03292e+22
-16.9505  1.03488e+22
-16.8332  1.0375e+22
-16.7159  1.04085e+22
-16.5986  1.04489e+22
-16.4813  1.04945e+22
-16.364  1.05436e+22
-16.2466  1.05931e+22
-16.1293  1.06409e+22
-16.012  1.0683e+22
-15.8947  1.07173e+22
-15.7774  1.07424e+22
-15.6601  1.07574e+22
-15.5428  1.07629e+22
-15.4255  1.07604e+22
-15.3082  1.07526e+22
-15.1909  1.07429e+22
-15.0736  1.07344e+22
-14.9563  1.07311e+22
-14.839  1.07362e+22
-14.7217  1.07524e+22
-14.6044  1.07814e+22
-14.4871  1.08241e+22
-14.3698  1.088e+22
-14.2525  1.09477e+22
-14.1352  1.10241e+22
-14.0178  1.11059e+22
-13.9005  1.11893e+22
-13.7832  1.127e+22
-13.6659  1.1345e+22
-13.5486  1.14102e+22
-13.4313  1.14642e+22
-13.314  1.15058e+22
-13.1967  1.15346e+22
-13.0794  1.15521e+22
-12.9621  1.15591e+22
-12.8448  1.15587e+22
-12.7275  1.15532e+22
-12.6102  1.15447e+22
-12.4929  1.15354e+22
-12.3756  1.15266e+22
-12.2583  1.15198e+22
-12.141  1.15149e+22
-12.0237  1.15115e+22
-11.9064  1.15081e+22
-11.7891  1.1503e+22
-11.6718  1.14945e+22
-11.5544  1.14805e+22
-11.4371  1.1461e+22
-11.3198  1.14344e+22
-11.2025  1.14016e+22
-11.0852  1.13643e+22
-10.9679  1.13247e+22
-10.8506  1.1286e+22
-10.7333  1.12517e+22
-10.616  1.12253e+22
-10.4987  1.12107e+22
-10.3814  1.121e+22
-10.2641  1.12254e+22
-10.1468  1.12574e+22
-10.0295  1.13058e+22
-9.91217  1.13686e+22
-9.79487  1.14434e+22
-9.67756  1.15262e+22
-9.56026  1.16127e+22
-9.44295  1.16978e+22
-9.32565  1.17767e+22
-9.20834  1.18452e+22
-9.09104  1.18994e+22
-8.97373  1.19377e+22
-8.85643  1.19584e+22
-8.73913  1.19627e+22
-8.62182  1.19524e+22
-8.50452  1.19305e+22
-8.38721  1.19015e+22
-8.26991  1.1869e+22
-8.1526  1.18379e+22
-8.03529  1.18118e+22
-7.91799  1.17935e+22
-7.80069  1.17846e+22
-7.68338  1.17854e+22
-7.56608  1.1796e+22
-7.44877  1.18141e+22
-7.33146  1.18374e+22
-7.21416  1.18625e+22
-7.09685  1.18859e+22
-6.97955  1.19047e+22
-6.86224  1.19159e+22
-6.74494  1.19192e+22
-6.62763  1.1913e+22
-6.51033  1.18987e+22
-6.39302  1.18788e+22
-6.27572  1.18562e+22
-6.15842  1.18347e+22
-6.04111  1.18182e+22
-5.92381  1.18103e+22
-5.8065  1.18145e+22
-5.68919  1.18324e+22
-5.57189  1.18649e+22
-5.45458  1.19117e+22
-5.33728  1.19708e+22
-5.21997  1.20393e+22
-5.10267  1.21136e+22
-4.98536  1.21887e+22
-4.86806  1.226e+22
-4.75075  1.23225e+22
-4.63345  1.23717e+22
-4.51614  1.24046e+22
-4.39884  1.24191e+22
-4.28154  1.24154e+22
-4.16423  1.23945e+22
-4.04692  1.23598e+22
-3.92962  1.23157e+22
-3.81231  1.22669e+22
-3.69501  1.22191e+22
-3.5777  1.21764e+22
-3.4604  1.21433e+22
-3.34309  1.21223e+22
-3.22579  1.21145e+22
-3.10849  1.21198e+22
-2.99118  1.2137e+22
-2.87387  1.21643e+22
-2.75657  1.21986e+22
-2.63926  1.22368e+22
-2.52196  1.2275e+22
-2.40465  1.23097e+22
-2.28735  1.23375e+22
-2.17005  1.23551e+22
-2.05274  1.23616e+22
-1.93544  1.23552e+22
-1.81813  1.23365e+22
-1.70083  1.23076e+22
-1.58352  1.22713e+22
-1.46622  1.22309e+22
-1.34891  1.21904e+22
-1.2316  1.21531e+22
-1.1143  1.2122e+22
-0.996995  1.20984e+22
-0.87969  1.2083e+22
-0.762385  1.2075e+22
-0.64508  1.20732e+22
-0.527775  1.20755e+22
-0.41047  1.20803e+22
-0.293165  1.20854e+22
-0.17586  1.20897e+22
-0.058555  1.20923e+22
0.05875  1.20921e+22
0.176055  1.20897e+22
0.29336  1.20851e+22
0.410665  1.20799e+22
0.52797  1.20748e+22
0.645275  1.2072e+22
0.76258  1.20736e+22
0.879885  1.2081e+22
0.99719  1.2096e+22
1.1145  1.21189e+22
1.2318  1.21495e+22
1.3491  1.21862e+22
1.46641  1.22263e+22
1.58371  1.2266e+22
1.70102  1.23016e+22
1.81832  1.233e+22
1.93563  1.23479e+22
2.05294  1.2354e+22
2.17024  1.23476e+22
2.28754  1.23296e+22
2.40485  1.23019e+22
2.52216  1.2267e+22
2.63946  1.22293e+22
2.75677  1.21914e+22
2.87407  1.21572e+22
2.99137  1.213e+22
3.10868  1.21129e+22
3.22599  1.21074e+22
3.34329  1.21152e+22
3.4606  1.21361e+22
3.5779  1.21688e+22
3.69521  1.22107e+22
3.81251  1.2258e+22
3.92982  1.23057e+22
4.04712  1.2349e+22
4.16443  1.23826e+22
4.28173  1.24025e+22
4.39903  1.24053e+22
4.51634  1.23898e+22
4.63364  1.23563e+22
4.75095  1.23064e+22
4.86825  1.22437e+22
4.98556  1.21722e+22
5.10286  1.20971e+22
5.22017  1.2023e+22
5.33748  1.19546e+22
5.45478  1.18958e+22
5.57209  1.18495e+22
5.68939  1.18172e+22
5.8067  1.17994e+22
5.924  1.17954e+22
6.0413  1.18032e+22
6.15861  1.18195e+22
6.27591  1.18407e+22
6.39322  1.18628e+22
6.51052  1.18824e+22
6.62783  1.18957e+22
6.74514  1.19012e+22
6.86244  1.18976e+22
6.97975  1.18854e+22
7.09705  1.18661e+22
7.21436  1.18418e+22
7.33166  1.18166e+22
7.44897  1.17931e+22
7.56627  1.17746e+22
7.68358  1.17639e+22
7.80088  1.17628e+22
7.91819  1.17715e+22
8.03549  1.17898e+22
8.1528  1.1816e+22
8.2701  1.18469e+22
8.38741  1.18789e+22
8.50471  1.19077e+22
8.62202  1.19289e+22
8.73932  1.19388e+22
8.85662  1.1934e+22
8.97393  1.19126e+22
9.09123  1.18738e+22
9.20854  1.18189e+22
9.32584  1.17501e+22
9.44315  1.16708e+22
9.56045  1.15856e+22
9.67776  1.14988e+22
9.79506  1.14161e+22
9.91237  1.13413e+22
10.0297  1.12785e+22
10.147  1.12303e+22
10.2643  1.11985e+22
10.3816  1.11832e+22
10.4989  1.11838e+22
10.6162  1.11985e+22
10.7335  1.12246e+22
10.8508  1.12586e+22
10.9681  1.1297e+22
11.0854  1.1336e+22
11.2027  1.1373e+22
11.32  1.14049e+22
11.4373  1.14308e+22
11.5546  1.14498e+22
11.6719  1.14628e+22
11.7893  1.14708e+22
11.9066  1.14749e+22
12.0239  1.1478e+22
12.1412  1.14812e+22
12.2585  1.14857e+22
12.3758  1.14921e+22
12.4931  1.15005e+22
12.6104  1.15095e+22
12.7277  1.15179e+22
12.845  1.15235e+22
12.9623  1.15238e+22
13.0796  1.15164e+22
13.1969  1.14988e+22
13.3142  1.14696e+22
13.4315  1.1428e+22
13.5488  1.13737e+22
13.6661  1.13081e+22
13.7834  1.12329e+22
13.9007  1.11519e+22
14.018  1.10684e+22
14.1354  1.09863e+22
14.2527  1.09098e+22
14.37  1.08419e+22
14.4873  1.07859e+22
14.6046  1.0743e+22
14.7219  1.07138e+22
14.8392  1.06974e+22
14.9565  1.06922e+22
15.0738  1.06953e+22
15.1911  1.07033e+22
15.3084  1.07128e+22
15.4257  1.07201e+22
15.543  1.07219e+22
15.6603  1.07159e+22
15.7776  1.07002e+22
15.8949  1.06748e+22
16.0122  1.06396e+22
16.1295  1.05968e+22
16.2468  1.05486e+22
16.3641  1.04983e+22
16.4815  1.04489e+22
16.5988  1.04025e+22
16.7161  1.0362e+22
16.8334  1.03283e+22
16.9507  1.03019e+22
17.068  1.02821e+22
17.1853  1.02681e+22
17.3026  1.0258e+22
17.4199  1.02505e+22
17.5372  1.02439e+22
17.6545  1.02368e+22
17.7718  1.02283e+22
17.8891  1.02175e+22
18.0064  1.02043e+22
18.1237  1.01889e+22
18.241  1.01717e+22
18.3583  1.0154e+22
18.4756  1.01368e+22
18.5929  1.01222e+22
18.7102  1.01117e+22
18.8275  1.01062e+22
18.9449  1.01066e+22
19.0622  1.0112e+22
19.1795  1.01213e+22
19.2968  1.01315e+22
19.4141  1.01391e+22
19.5314  1.01402e+22
19.6487  1.01309e+22
19.766  1.01083e+22
19.8833  1.00705e+22
20.0006  1.00171e+22
20.1179  9.94908e+21
20.2352  9.86902e+21
20.3525  9.78061e+21
20.4698  9.68801e+21
20.5871  9.59585e+21
20.7044  9.50817e+21
20.8217  9.42951e+21
20.939  9.36307e+21
21.0563  9.31191e+21
21.1736  9.27783e+21
21.291  9.26073e+21
21.4083  9.26058e+21
21.5256  9.27496e+21
21.6429  9.30024e+21
21.7602  9.33174e+21
21.8775  9.36408e+21
21.9948  9.39142e+21
22.1121  9.40863e+21
22.2294  9.41168e+21
22.3467  9.39768e+21
22.464  9.36619e+21
22.5813  9.31818e+21
22.6986  9.25674e+21
22.8159  9.18627e+21
22.9332  9.11172e+21
23.0505  9.03868e+21
23.1678  8.9721e+21
23.2851  8.91668e+21
23.4024  8.87572e+21
23.5198  8.85063e+21
23.6371  8.84191e+21
23.7544  8.84777e+21
23.8717  8.86534e+21
23.989  8.89022e+21
24.1063  8.91682e+21
24.2236  8.93938e+21
24.3409  8.9523e+21
24.4582  8.95066e+21
24.5755  8.93139e+21
24.6928  8.89249e+21
24.8101  8.83453e+21
24.9274  8.75959e+21
25.0447  8.67171e+21
25.162  8.57585e+21
25.2793  8.47745e+21
25.3966  8.3818e+21
25.5139  8.29433e+21
25.6312  8.21901e+21
25.7485  8.15904e+21
25.8658  8.11614e+21
25.9832  8.08986e+21
26.1005  8.0794e+21
26.2178  8.08203e+21
26.3351  8.0938e+21
26.4524  8.10988e+21
26.5697  8.12529e+21
26.687  8.13475e+21
26.8043  8.13378e+21
26.9216  8.11918e+21
27.0389  8.08867e+21
27.1562  8.04253e+21
27.2735  7.98211e+21
27.3908  7.91063e+21
27.5081  7.83267e+21
27.6254  7.75294e+21
27.7427  7.67674e+21
27.86  7.60856e+21
27.9773  7.55257e+21
28.0946  7.51158e+21
28.212  7.48682e+21
28.3293  7.47865e+21
28.4466  7.48571e+21
28.5639  7.50588e+21
28.6812  7.53599e+21
28.7985  7.57187e+21
28.9158  7.60949e+21
29.0331  7.64436e+21
29.1504  7.67247e+21
29.2677  7.69106e+21
29.385  7.69721e+21
29.5023  7.69008e+21
29.6196  7.66937e+21
29.7369  7.63614e+21
29.8542  7.59218e+21
29.9715  7.53953e+21
30.0888  7.48031e+21
30.2061  7.4172e+21
30.3234  7.3519e+21
30.4407  7.28602e+21
30.558  7.2205e+21
30.6754  7.15514e+21
30.7927  7.09008e+21
30.91  7.02505e+21
31.0273  6.95918e+21
31.1446  6.89185e+21
31.2619  6.82289e+21
31.3792  6.75219e+21
31.4965  6.68025e+21
31.6138  6.60816e+21
31.7311  6.53686e+21
31.8484  6.46836e+21
31.9657  6.40408e+21
32.083  6.34562e+21
32.2003  6.29438e+21
32.3176  6.25091e+21
32.4349  6.21561e+21
32.5522  6.18775e+21
32.6695  6.1668e+21
32.7868  6.15149e+21
32.9042  6.14002e+21
33.0215  6.13103e+21
33.1388  6.12284e+21
33.2561  6.11415e+21
33.3734  6.10405e+21
33.4907  6.09163e+21
33.608  6.07691e+21
33.7253  6.05976e+21
33.8426  6.04067e+21
33.9599  6.02103e+21
34.0772  6.00142e+21
34.1945  5.98337e+21
34.3118  5.96769e+21
34.4291  5.95544e+21
34.5464  5.94687e+21
34.6637  5.94156e+21
34.781  5.93845e+21
34.8983  5.93631e+21
35.0156  5.93333e+21
35.1329  5.9275e+21
35.2503  5.91702e+21
35.3676  5.89988e+21
35.4849  5.87488e+21
35.6022  5.84175e+21
35.7195  5.80024e+21
35.8368  5.75078e+21
35.9541  5.69481e+21
36.0714  5.63387e+21
36.1887  5.57006e+21
36.306  5.50569e+21
36.4233  5.44253e+21
36.5406  5.38288e+21
36.6579  5.32798e+21
36.7752  5.2786e+21
36.8925  5.23492e+21
37.0098  5.1961e+21
37.1271  5.16107e+21
37.2444  5.12764e+21
37.3617  5.09439e+21
37.479  5.05952e+21
37.5964  5.0215e+21
37.7137  4.97985e+21
37.831  4.93456e+21
37.9483  4.88628e+21
38.0656  4.83668e+21
38.1829  4.7873e+21
38.3002  4.74059e+21
38.4175  4.69845e+21
38.5348  4.66285e+21
38.6521  4.63603e+21
38.7694  4.6189e+21
38.8867  4.61253e+21
39.004  4.61673e+21
39.1213  4.63101e+21
39.2386  4.6537e+21
39.3559  4.68214e+21
39.4732  4.71293e+21
39.5905  4.7424e+21
39.7078  4.76664e+21
39.8251  4.78175e+21
39.9425  4.78479e+21
40.0598  4.77354e+21
40.1771  4.74683e+21
40.2944  4.70556e+21
40.4117  4.65095e+21
40.529  4.58531e+21
40.6463  4.5119e+21
40.7636  4.43383e+21
40.8809  4.35451e+21
40.9982  4.27668e+21
41.1155  4.20252e+21
41.2328  4.13419e+21
41.3501  4.07267e+21
41.4674  4.01849e+21
41.5847  3.9717e+21
41.702  3.93158e+21
41.8193  3.89731e+21
41.9366  3.86708e+21
42.0539  3.8396e+21
42.1712  3.81329e+21
42.2885  3.78653e+21
42.4059  3.75871e+21
42.5232  3.72928e+21
42.6405  3.69846e+21
42.7578  3.66709e+21
42.8751  3.63597e+21
42.9924  3.60638e+21
43.1097  3.57897e+21
43.227  3.55403e+21
43.3443  3.53188e+21
43.4616  3.51174e+21
43.5789  3.49302e+21
43.6962  3.47446e+21
43.8135  3.4555e+21
43.9308  3.43536e+21
44.0481  3.41358e+21
44.1654  3.39004e+21
44.2827  3.3649e+21
44.4  3.33858e+21
44.5173  3.31136e+21
44.6347  3.28369e+21
44.752  3.25604e+21
44.8693  3.22856e+21
44.9866  3.2022e+21
45.1039  3.17725e+21
45.2212  3.1541e+21
45.3385  3.13346e+21
45.4558  3.1154e+21
45.5731  3.10015e+21
45.6904  3.08735e+21
45.8077  3.07616e+21
45.925  3.06604e+21
46.0423  3.05586e+21
46.1596  3.04449e+21
46.2769  3.03117e+21
46.3942  3.01508e+21
46.5115  2.99607e+21
46.6288  2.97378e+21
46.7461  2.94858e+21
46.8634  2.92093e+21
46.9808  2.89114e+21
47.0981  2.86018e+21
47.2154  2.82849e+21
47.3327  2.79672e+21
47.45  2.76541e+21
47.5673  2.73467e+21
47.6846  2.70473e+21
47.8019  2.67505e+21
47.9192  2.64487e+21
48.0365  2.61363e+21
48.1538  2.58015e+21
48.2711  2.54382e+21
48.3884  2.50387e+21
48.5057  2.46054e+21
48.623  2.41429e+21
48.7403  2.36624e+21
48.8576  2.31798e+21
48.9749  2.27145e+21
49.0922  2.22877e+21
49.2095  2.19176e+21
49.3269  2.16205e+21
49.4442  2.1407e+21
49.5615  2.12814e+21
49.6788  2.12454e+21
49.7961  2.12925e+21
49.9134  2.14095e+21
50.0307  2.15835e+21
50.148  2.17931e+21
50.2653  2.20181e+21
50.3826  2.22352e+21
50.4999  2.24196e+21
50.6172  2.25541e+21
50.7345  2.26223e+21
50.8518  2.26139e+21
50.9691  2.25284e+21
51.0864  2.23695e+21
51.2037  2.21503e+21
51.321  2.18861e+21
51.4383  2.15952e+21
51.5556  2.1297e+21
51.673  2.10033e+21
51.7903  2.07293e+21
51.9076  2.04773e+21
52.0249  2.02481e+21
52.1422  2.00369e+21
52.2595  1.98362e+21
52.3768  1.96364e+21
52.4941  1.94258e+21
52.6114  1.91939e+21
52.7287  1.89357e+21
52.846  1.86442e+21
52.9633  1.8321e+21
53.0806  1.79667e+21
53.1979  1.75904e+21
53.3152  1.72025e+21
53.4325  1.68165e+21
53.5498  1.64468e+21
53.6671  1.61096e+21
53.7844  1.58186e+21
53.9017  1.55842e+21
54.0191  1.54137e+21
54.1364  1.53079e+21
54.2537  1.52631e+21
54.371  1.52703e+21
54.4883  1.53162e+21
54.6056  1.53821e+21
54.7229  1.54512e+21
54.8402  1.55024e+21
54.9575  1.55212e+21
55.0748  1.54951e+21
55.1921  1.54153e+21
55.3094  1.52834e+21
55.4267  1.51033e+21
55.544  1.48856e+21
55.6613  1.46437e+21
55.7786  1.43924e+21
55.8959  1.41462e+21
56.0132  1.39153e+21
56.1305  1.37069e+21
56.2478  1.35241e+21
56.3651  1.33619e+21
56.4825  1.32202e+21
56.5998  1.30899e+21
56.7171  1.29658e+21
56.8344  1.28416e+21
56.9517  1.2714e+21
57.069  1.25803e+21
57.1863  1.24368e+21
57.3036  1.22832e+21
57.4209  1.21199e+21
57.5382  1.19464e+21
57.6555  1.17669e+21
57.7728  1.15832e+21
57.8901  1.14031e+21
58.0074  1.12333e+21
58.1247  1.10811e+21
58.242  1.09531e+21
58.3593  1.08536e+21
58.4766  1.07823e+21
58.5939  1.07349e+21
