#S 1 spectral density
#N 2
#UFWHM 24.3994
#L  abscissas [um]  spectral density
-58.5938  1.00088e+20
-58.4764  8.97368e+19
-58.3591  8.08211e+19
-58.2418  7.37975e+19
-58.1245  6.88338e+19
-58.0072  6.58582e+19
-57.8899  6.46683e+19
-57.7726  6.49129e+19
-57.6553  6.63278e+19
-57.538  6.87163e+19
-57.4207  7.19333e+19
-57.3034  7.58744e+19
-57.1861  8.05084e+19
-57.0688  8.56886e+19
-56.9515  9.1336e+19
-56.8342  9.72043e+19
-56.7169  1.03255e+20
-56.5996  1.09384e+20
-56.4823  1.15747e+20
-56.365  1.22484e+20
-56.2477  1.2984e+20
-56.1303  1.37859e+20
-56.013  1.46576e+20
-55.8957  1.55576e+20
-55.7784  1.64299e+20
-55.6611  1.71818e+20
-55.5438  1.77173e+20
-55.4265  1.79665e+20
-55.3092  1.78761e+20
-55.1919  1.74424e+20
-55.0746  1.67243e+20
-54.9573  1.58092e+20
-54.84  1.48398e+20
-54.7227  1.39484e+20
-54.6054  1.32656e+20
-54.4881  1.28815e+20
-54.3708  1.28291e+20
-54.2535  1.30945e+20
-54.1362  1.36093e+20
-54.0189  1.42709e+20
-53.9016  1.4954e+20
-53.7842  1.55428e+20
-53.6669  1.59484e+20
-53.5496  1.61141e+20
-53.4323  1.60279e+20
-53.315  1.57225e+20
-53.1977  1.52631e+20
-53.0804  1.47366e+20
-52.9631  1.4236e+20
-52.8458  1.38463e+20
-52.7285  1.36236e+20
-52.6112  1.36006e+20
-52.4939  1.37693e+20
-52.3766  1.41026e+20
-52.2593  1.45462e+20
-52.142  1.50463e+20
-52.0247  1.55436e+20
-51.9074  1.59959e+20
-51.7901  1.63707e+20
-51.6728  1.66707e+20
-51.5555  1.68963e+20
-51.4381  1.70624e+20
-51.3208  1.71913e+20
-51.2035  1.72935e+20
-51.0862  1.73893e+20
-50.9689  1.74749e+20
-50.8516  1.75524e+20
-50.7343  1.76091e+20
-50.617  1.76364e+20
-50.4997  1.76171e+20
-50.3824  1.75331e+20
-50.2651  1.73643e+20
-50.1478  1.71046e+20
-50.0305  1.67396e+20
-49.9132  1.62845e+20
-49.7959  1.57432e+20
-49.6786  1.51473e+20
-49.5613  1.45301e+20
-49.444  1.39313e+20
-49.3267  1.33797e+20
-49.2094  1.28978e+20
-49.092  1.2492e+20
-48.9747  1.21494e+20
-48.8574  1.18566e+20
-48.7401  1.15861e+20
-48.6228  1.13216e+20
-48.5055  1.10578e+20
-48.3882  1.08037e+20
-48.2709  1.05832e+20
-48.1536  1.0425e+20
-48.0363  1.03556e+20
-47.919  1.04024e+20
-47.8017  1.05802e+20
-47.6844  1.08966e+20
-47.5671  1.13496e+20
-47.4498  1.19548e+20
-47.3325  1.27222e+20
-47.2152  1.36771e+20
-47.0979  1.48444e+20
-46.9806  1.62374e+20
-46.8633  1.78483e+20
-46.7459  1.96341e+20
-46.6286  2.15118e+20
-46.5113  2.33548e+20
-46.394  2.50305e+20
-46.2767  2.63919e+20
-46.1594  2.73258e+20
-46.0421  2.77513e+20
-45.9248  2.76619e+20
-45.8075  2.71041e+20
-45.6902  2.61639e+20
-45.5729  2.49912e+20
-45.4556  2.3727e+20
-45.3383  2.25256e+20
-45.221  2.15095e+20
-45.1037  2.07692e+20
-44.9864  2.03721e+20
-44.8691  2.03434e+20
-44.7518  2.06671e+20
-44.6345  2.13048e+20
-44.5172  2.21813e+20
-44.3998  2.31993e+20
-44.2825  2.4211e+20
-44.1652  2.50913e+20
-44.0479  2.57148e+20
-43.9306  2.59749e+20
-43.8133  2.58211e+20
-43.696  2.52635e+20
-43.5787  2.43834e+20
-43.4614  2.3301e+20
-43.3441  2.21948e+20
-43.2268  2.12263e+20
-43.1095  2.05486e+20
-42.9922  2.02424e+20
-42.8749  2.03383e+20
-42.7576  2.07864e+20
-42.6403  2.14951e+20
-42.523  2.23364e+20
-42.4057  2.31876e+20
-42.2884  2.39452e+20
-42.171  2.45459e+20
-42.0537  2.498e+20
-41.9364  2.52744e+20
-41.8191  2.54704e+20
-41.7018  2.56278e+20
-41.5845  2.58029e+20
-41.4672  2.60286e+20
-41.3499  2.6336e+20
-41.2326  2.67192e+20
-41.1153  2.71838e+20
-40.998  2.77162e+20
-40.8807  2.82989e+20
-40.7634  2.89129e+20
-40.6461  2.95338e+20
-40.5288  3.01143e+20
-40.4115  3.06106e+20
-40.2942  3.09863e+20
-40.1769  3.11795e+20
-40.0596  3.11716e+20
-39.9423  3.09595e+20
-39.825  3.05708e+20
-39.7076  3.00643e+20
-39.5903  2.95102e+20
-39.473  2.89896e+20
-39.3557  2.85805e+20
-39.2384  2.83342e+20
-39.1211  2.82593e+20
-39.0038  2.83617e+20
-38.8865  2.86011e+20
-38.7692  2.89323e+20
-38.6519  2.93207e+20
-38.5346  2.97285e+20
-38.4173  3.01406e+20
-38.3  3.05654e+20
-38.1827  3.10364e+20
-38.0654  3.15944e+20
-37.9481  3.22951e+20
-37.8308  3.31945e+20
-37.7135  3.43432e+20
-37.5962  3.57769e+20
-37.4789  3.75179e+20
-37.3615  3.95613e+20
-37.2442  4.18595e+20
-37.1269  4.43508e+20
-37.0096  4.68851e+20
-36.8923  4.93248e+20
-36.775  5.14837e+20
-36.6577  5.31842e+20
-36.5404  5.42562e+20
-36.4231  5.45807e+20
-36.3058  5.41201e+20
-36.1885  5.29014e+20
-36.0712  5.10386e+20
-35.9539  4.87065e+20
-35.8366  4.61375e+20
-35.7193  4.35774e+20
-35.602  4.12516e+20
-35.4847  3.93284e+20
-35.3674  3.79302e+20
-35.2501  3.70967e+20
-35.1328  3.67935e+20
-35.0154  3.69447e+20
-34.8981  3.74328e+20
-34.7808  3.81292e+20
-34.6635  3.89017e+20
-34.5462  3.9672e+20
-34.4289  4.03763e+20
-34.3116  4.10219e+20
-34.1943  4.16521e+20
-34.077  4.2375e+20
-33.9597  4.33179e+20
-33.8424  4.46256e+20
-33.7251  4.64236e+20
-33.6078  4.88136e+20
-33.4905  5.18273e+20
-33.3732  5.54234e+20
-33.2559  5.94778e+20
-33.1386  6.38076e+20
-33.0213  6.8156e+20
-32.904  7.22401e+20
-32.7867  7.58221e+20
-32.6693  7.86617e+20
-32.552  8.05973e+20
-32.4347  8.15979e+20
-32.3174  8.16368e+20
-32.2001  8.08539e+20
-32.0828  7.93973e+20
-31.9655  7.74691e+20
-31.8482  7.53037e+20
-31.7309  7.30885e+20
-31.6136  7.10234e+20
-31.4963  6.92404e+20
-31.379  6.78483e+20
-31.2617  6.68775e+20
-31.1444  6.63346e+20
-31.0271  6.6182e+20
-30.9098  6.63369e+20
-30.7925  6.67204e+20
-30.6752  6.72243e+20
-30.5579  6.77375e+20
-30.4406  6.81766e+20
-30.3232  6.8494e+20
-30.2059  6.8665e+20
-30.0886  6.86779e+20
-29.9713  6.85669e+20
-29.854  6.83828e+20
-29.7367  6.81912e+20
-29.6194  6.80459e+20
-29.5021  6.79852e+20
-29.3848  6.8043e+20
-29.2675  6.82475e+20
-29.1502  6.85575e+20
-29.0329  6.8966e+20
-28.9156  6.94338e+20
-28.7983  6.99249e+20
-28.681  7.04206e+20
-28.5637  7.09073e+20
-28.4464  7.14285e+20
-28.3291  7.20228e+20
-28.2118  7.27663e+20
-28.0944  7.37778e+20
-27.9771  7.51159e+20
-27.8598  7.68526e+20
-27.7425  7.90222e+20
-27.6252  8.15811e+20
-27.5079  8.44653e+20
-27.3906  8.75357e+20
-27.2733  9.06578e+20
-27.156  9.37184e+20
-27.0387  9.65827e+20
-26.9214  9.92231e+20
-26.8041  1.0165e+21
-26.6868  1.03945e+21
-26.5695  1.06211e+21
-26.4522  1.08597e+21
-26.3349  1.11263e+21
-26.2176  1.14318e+21
-26.1003  1.17862e+21
-25.983  1.21905e+21
-25.8657  1.26417e+21
-25.7483  1.3133e+21
-25.631  1.36494e+21
-25.5137  1.4175e+21
-25.3964  1.46837e+21
-25.2791  1.5155e+21
-25.1618  1.55611e+21
-25.0445  1.58815e+21
-24.9272  1.60984e+21
-24.8099  1.62046e+21
-24.6926  1.62029e+21
-24.5753  1.61138e+21
-24.458  1.59619e+21
-24.3407  1.57897e+21
-24.2234  1.56393e+21
-24.1061  1.5554e+21
-23.9888  1.55708e+21
-23.8715  1.57135e+21
-23.7542  1.59944e+21
-23.6369  1.64103e+21
-23.5196  1.69449e+21
-23.4023  1.75747e+21
-23.2849  1.82697e+21
-23.1676  1.90017e+21
-23.0503  1.97448e+21
-22.933  2.04796e+21
-22.8157  2.11951e+21
-22.6984  2.18863e+21
-22.5811  2.25594e+21
-22.4638  2.32306e+21
-22.3465  2.39192e+21
-22.2292  2.46564e+21
-22.1119  2.54724e+21
-21.9946  2.63965e+21
-21.8773  2.74542e+21
-21.76  2.86577e+21
-21.6427  3.00063e+21
-21.5254  3.1478e+21
-21.4081  3.30388e+21
-21.2908  3.46351e+21
-21.1735  3.62082e+21
-21.0561  3.76998e+21
-20.9388  3.90553e+21
-20.8215  4.02399e+21
-20.7042  4.12345e+21
-20.5869  4.20434e+21
-20.4696  4.26895e+21
-20.3523  4.32161e+21
-20.235  4.3672e+21
-20.1177  4.41164e+21
-20.0004  4.46077e+21
-19.8831  4.51982e+21
-19.7658  4.59312e+21
-19.6485  4.68415e+21
-19.5312  4.79523e+21
-19.4139  4.9268e+21
-19.2966  5.07799e+21
-19.1793  5.24685e+21
-19.062  5.42956e+21
-18.9447  5.62155e+21
-18.8274  5.81774e+21
-18.71  6.013e+21
-18.5927  6.20275e+21
-18.4754  6.38385e+21
-18.3581  6.55419e+21
-18.2408  6.71443e+21
-18.1235  6.86581e+21
-18.0062  7.01121e+21
-17.8889  7.15417e+21
-17.7716  7.29867e+21
-17.6543  7.44808e+21
-17.537  7.60485e+21
-17.4197  7.77063e+21
-17.3024  7.94565e+21
-17.1851  8.1297e+21
-17.0678  8.3212e+21
-16.9505  8.51881e+21
-16.8332  8.72059e+21
-16.7159  8.92533e+21
-16.5986  9.13173e+21
-16.4813  9.33959e+21
-16.364  9.54895e+21
-16.2466  9.76006e+21
-16.1293  9.97387e+21
-16.012  1.01914e+22
-15.8947  1.04134e+22
-15.7774  1.06405e+22
-15.6601  1.08731e+22
-15.5428  1.11104e+22
-15.4255  1.13516e+22
-15.3082  1.15948e+22
-15.1909  1.18377e+22
-15.0736  1.20777e+22
-14.9563  1.23124e+22
-14.839  1.25398e+22
-14.7217  1.27581e+22
-14.6044  1.29659e+22
-14.4871  1.31643e+22
-14.3698  1.3353e+22
-14.2525  1.35337e+22
-14.1352  1.37084e+22
-14.0178  1.38794e+22
-13.9005  1.40488e+22
-13.7832  1.4219e+22
-13.6659  1.43913e+22
-13.5486  1.45684e+22
-13.4313  1.47497e+22
-13.314  1.49361e+22
-13.1967  1.51271e+22
-13.0794  1.53219e+22
-12.9621  1.552e+22
-12.8448  1.57203e+22
-12.7275  1.59219e+22
-12.6102  1.61252e+22
-12.4929  1.63309e+22
-12.3756  1.65397e+22
-12.2583  1.67539e+22
-12.141  1.69755e+22
-12.0237  1.72069e+22
-11.9064  1.74496e+22
-11.7891  1.7706e+22
-11.6718  1.79763e+22
-11.5544  1.82605e+22
-11.4371  1.85575e+22
-11.3198  1.88649e+22
-11.2025  1.91797e+22
-11.0852  1.94987e+22
-10.9679  1.98175e+22
-10.8506  2.01324e+22
-10.7333  2.04394e+22
-10.616  2.07354e+22
-10.4987  2.10179e+22
-10.3814  2.12856e+22
-10.2641  2.15382e+22
-10.1468  2.17766e+22
-10.0295  2.20029e+22
-9.91217  2.22194e+22
-9.79487  2.24294e+22
-9.67756  2.26357e+22
-9.56026  2.28402e+22
-9.44295  2.30448e+22
-9.32565  2.32501e+22
-9.20834  2.34552e+22
-9.09104  2.36586e+22
-8.97373  2.38579e+22
-8.85643  2.40515e+22
-8.73913  2.42358e+22
-8.62182  2.44101e+22
-8.50452  2.45732e+22
-8.38721  2.4725e+22
-8.26991  2.48669e+22
-8.1526  2.50009e+22
-8.03529  2.51288e+22
-7.91799  2.52542e+22
-7.80069  2.53803e+22
-7.68338  2.55094e+22
-7.56608  2.5644e+22
-7.44877  2.57859e+22
-7.33146  2.59356e+22
-7.21416  2.60929e+22
-7.09685  2.62572e+22
-6.97955  2.64265e+22
-6.86224  2.65995e+22
-6.74494  2.67745e+22
-6.62763  2.6949e+22
-6.51033  2.71224e+22
-6.39302  2.72943e+22
-6.27572  2.74644e+22
-6.15842  2.76343e+22
-6.04111  2.78051e+22
-5.92381  2.79789e+22
-5.8065  2.8158e+22
-5.68919  2.83445e+22
-5.57189  2.854e+22
-5.45458  2.8745e+22
-5.33728  2.89605e+22
-5.21997  2.91846e+22
-5.10267  2.94156e+22
-4.98536  2.96501e+22
-4.86806  2.98845e+22
-4.75075  3.01144e+22
-4.63345  3.03361e+22
-4.51614  3.05463e+22
-4.39884  3.07429e+22
-4.28154  3.09254e+22
-4.16423  3.10951e+22
-4.04692  3.12543e+22
-3.92962  3.14072e+22
-3.81231  3.15581e+22
-3.69501  3.17111e+22
-3.5777  3.18699e+22
-3.4604  3.20362e+22
-3.34309  3.22106e+22
-3.22579  3.23915e+22
-3.10849  3.25762e+22
-2.99118  3.27597e+22
-2.87387  3.29361e+22
-2.75657  3.30992e+22
-2.63926  3.32416e+22
-2.52196  3.33573e+22
-2.40465  3.34403e+22
-2.28735  3.34859e+22
-2.17005  3.34924e+22
-2.05274  3.346e+22
-1.93544  3.33909e+22
-1.81813  3.32911e+22
-1.70083  3.31678e+22
-1.58352  3.30304e+22
-1.46622  3.28886e+22
-1.34891  3.27518e+22
-1.2316  3.26277e+22
-1.1143  3.25224e+22
-0.996995  3.24389e+22
-0.87969  3.23784e+22
-0.762385  3.23381e+22
-0.64508  3.23158e+22
-0.527775  3.23066e+22
-0.41047  3.23059e+22
-0.293165  3.23094e+22
-0.17586  3.23136e+22
-0.058555  3.23163e+22
0.05875  3.23157e+22
0.176055  3.23122e+22
0.29336  3.23067e+22
0.410665  3.23022e+22
0.52797  3.23013e+22
0.645275  3.23089e+22
0.76258  3.23295e+22
0.879885  3.23677e+22
0.99719  3.24262e+22
1.1145  3.25074e+22
1.2318  3.26101e+22
1.3491  3.27316e+22
1.46641  3.28654e+22
1.58371  3.30039e+22
1.70102  3.3138e+22
1.81832  3.32577e+22
1.93563  3.3354e+22
2.05294  3.34192e+22
2.17024  3.34484e+22
2.28754  3.34388e+22
2.40485  3.33898e+22
2.52216  3.33039e+22
2.63946  3.31855e+22
2.75677  3.30403e+22
2.87407  3.28748e+22
2.99137  3.26958e+22
3.10868  3.25099e+22
3.22599  3.23229e+22
3.34329  3.21393e+22
3.4606  3.19625e+22
3.5779  3.17935e+22
3.69521  3.16322e+22
3.81251  3.14767e+22
3.92982  3.13227e+22
4.04712  3.11668e+22
4.16443  3.10047e+22
4.28173  3.08321e+22
4.39903  3.06467e+22
4.51634  3.04474e+22
4.63364  3.02351e+22
4.75095  3.0011e+22
4.86825  2.97791e+22
4.98556  2.95429e+22
5.10286  2.93072e+22
5.22017  2.90747e+22
5.33748  2.88494e+22
5.45478  2.86331e+22
5.57209  2.8427e+22
5.68939  2.82304e+22
5.8067  2.8043e+22
5.924  2.78626e+22
6.0413  2.76877e+22
6.15861  2.75157e+22
6.27591  2.73444e+22
6.39322  2.71728e+22
6.51052  2.69996e+22
6.62783  2.68246e+22
6.74514  2.66484e+22
6.86244  2.64725e+22
6.97975  2.62982e+22
7.09705  2.61276e+22
7.21436  2.59624e+22
7.33166  2.5804e+22
7.44897  2.56535e+22
7.56627  2.55109e+22
7.68358  2.53753e+22
7.80088  2.52452e+22
7.91819  2.51182e+22
8.03549  2.49915e+22
8.1528  2.48621e+22
8.2701  2.47268e+22
8.38741  2.45833e+22
8.50471  2.44296e+22
8.62202  2.42646e+22
8.73932  2.40881e+22
8.85662  2.39016e+22
8.97393  2.3706e+22
9.09123  2.35042e+22
9.20854  2.32987e+22
9.32584  2.30916e+22
9.44315  2.28843e+22
9.56045  2.26776e+22
9.67776  2.24712e+22
9.79506  2.22636e+22
9.91237  2.20519e+22
10.0297  2.18342e+22
10.147  2.1607e+22
10.2643  2.13675e+22
10.3816  2.11143e+22
10.4989  2.08461e+22
10.6162  2.05632e+22
10.7335  2.02672e+22
10.8508  1.99604e+22
10.9681  1.96457e+22
11.0854  1.93274e+22
11.2027  1.90089e+22
11.32  1.86946e+22
11.4373  1.83878e+22
11.5546  1.80916e+22
11.6719  1.78078e+22
11.7893  1.7538e+22
11.9066  1.72824e+22
12.0239  1.70395e+22
12.1412  1.68087e+22
12.2585  1.65875e+22
12.3758  1.63737e+22
12.4931  1.6165e+22
12.6104  1.59597e+22
12.7277  1.57567e+22
12.845  1.55553e+22
12.9623  1.53554e+22
13.0796  1.51578e+22
13.1969  1.49631e+22
13.3142  1.47728e+22
13.4315  1.45868e+22
13.5488  1.4406e+22
13.6661  1.42297e+22
13.7834  1.40576e+22
13.9007  1.38881e+22
14.018  1.37189e+22
14.1354  1.35485e+22
14.2527  1.33741e+22
14.37  1.3194e+22
14.4873  1.30057e+22
14.6046  1.28079e+22
14.7219  1.26004e+22
14.8392  1.23829e+22
14.9565  1.21562e+22
15.0738  1.19225e+22
15.1911  1.16831e+22
15.3084  1.14412e+22
15.4257  1.11991e+22
15.543  1.09594e+22
15.6603  1.07231e+22
15.7776  1.0492e+22
15.8949  1.02662e+22
16.0122  1.00458e+22
16.1295  9.82995e+21
16.2468  9.61785e+21
16.3641  9.40816e+21
16.4815  9.20071e+21
16.5988  8.9947e+21
16.7161  8.78981e+21
16.8334  8.58694e+21
16.9507  8.38699e+21
17.068  8.19136e+21
17.1853  8.00167e+21
17.3026  7.81953e+21
17.4199  7.64625e+21
17.5372  7.48204e+21
17.6545  7.32689e+21
17.7718  7.17904e+21
17.8891  7.03567e+21
18.0064  6.89407e+21
18.1237  6.74996e+21
18.241  6.59978e+21
18.3583  6.44086e+21
18.4756  6.27168e+21
18.5929  6.09219e+21
18.7102  5.90405e+21
18.8275  5.71083e+21
18.9449  5.51675e+21
19.0622  5.32713e+21
19.1795  5.14698e+21
19.2968  4.98067e+21
19.4141  4.83205e+21
19.5314  4.70307e+21
19.6487  4.59446e+21
19.766  4.50576e+21
19.8833  4.43442e+21
20.0006  4.37742e+21
20.1179  4.33008e+21
20.2352  4.28733e+21
20.3525  4.24309e+21
20.4698  4.19188e+21
20.5871  4.12851e+21
20.7044  4.04888e+21
20.8217  3.9508e+21
20.939  3.83383e+21
21.0563  3.69968e+21
21.1736  3.5524e+21
21.291  3.39696e+21
21.4083  3.23947e+21
21.5256  3.08569e+21
21.6429  2.94078e+21
21.7602  2.80834e+21
21.8775  2.69023e+21
21.9948  2.58661e+21
22.1121  2.49624e+21
22.2294  2.41651e+21
22.3467  2.34458e+21
22.464  2.27723e+21
22.5813  2.21162e+21
22.6986  2.1457e+21
22.8159  2.07806e+21
22.9332  2.00792e+21
23.0505  1.93591e+21
23.1678  1.86301e+21
23.2851  1.79129e+21
23.4024  1.72333e+21
23.5198  1.66198e+21
23.6371  1.61012e+21
23.7544  1.57015e+21
23.8717  1.54359e+21
23.989  1.53078e+21
24.1063  1.53042e+21
24.2236  1.54008e+21
24.3409  1.55604e+21
24.4582  1.57404e+21
24.5755  1.58971e+21
24.6928  1.59922e+21
24.8101  1.59971e+21
24.9274  1.58944e+21
25.0447  1.56815e+21
25.162  1.53661e+21
25.2793  1.49653e+21
25.3966  1.45004e+21
25.5139  1.39972e+21
25.6312  1.34805e+21
25.7485  1.29726e+21
25.8658  1.24908e+21
25.9832  1.20474e+21
26.1005  1.16528e+21
26.2178  1.13079e+21
26.3351  1.101e+21
26.4524  1.07512e+21
26.5697  1.05188e+21
26.687  1.02974e+21
26.8043  1.00752e+21
26.9216  9.83762e+20
27.0389  9.5768e+20
27.1562  9.29338e+20
27.2735  8.99222e+20
27.3908  8.68198e+20
27.5081  8.37849e+20
27.6254  8.09447e+20
27.7427  7.8422e+20
27.86  7.62911e+20
27.9773  7.45799e+20
28.0946  7.32819e+20
28.212  7.23044e+20
28.3293  7.15766e+20
28.4466  7.10093e+20
28.5639  7.05063e+20
28.6812  7.00474e+20
28.7985  6.95677e+20
28.9158  6.90957e+20
29.0331  6.86599e+20
29.1504  6.82596e+20
29.2677  6.79742e+20
29.385  6.77972e+20
29.5023  6.77491e+20
29.6196  6.78171e+20
29.7369  6.7978e+20
29.8542  6.81857e+20
29.9715  6.83749e+20
30.0888  6.84785e+20
30.2061  6.84605e+20
30.3234  6.82915e+20
30.4407  6.79695e+20
30.558  6.75274e+20
30.6754  6.70146e+20
30.7927  6.65181e+20
30.91  6.61432e+20
31.0273  6.59863e+20
31.1446  6.61479e+20
31.2619  6.66904e+20
31.3792  6.76655e+20
31.4965  6.90707e+20
31.6138  7.08585e+20
31.7311  7.29102e+20
31.8484  7.51148e+20
31.9657  7.72764e+20
32.083  7.91723e+20
32.2003  8.06025e+20
32.3176  8.13636e+20
32.4349  8.12807e+20
32.5522  8.02643e+20
32.6695  7.82919e+20
32.7868  7.54396e+20
32.9042  7.18403e+20
33.0215  6.77466e+20
33.1388  6.34026e+20
33.2561  5.90838e+20
33.3734  5.50447e+20
33.4907  5.14636e+20
33.608  4.84714e+20
33.7253  4.61084e+20
33.8426  4.43163e+20
33.9599  4.30245e+20
34.0772  4.20856e+20
34.1945  4.13667e+20
34.3118  4.0726e+20
34.4291  4.0076e+20
34.5464  3.9367e+20
34.6637  3.85984e+20
34.781  3.78227e+20
34.8983  3.71332e+20
35.0156  3.66514e+20
35.1329  3.65082e+20
35.2503  3.68207e+20
35.3676  3.76699e+20
35.4849  3.90793e+20
35.6022  4.1011e+20
35.7195  4.33432e+20
35.8368  4.58977e+20
35.9541  4.84509e+20
36.0714  5.0765e+20
36.1887  5.26034e+20
36.306  5.38036e+20
36.4233  5.4238e+20
36.5406  5.38901e+20
36.6579  5.28009e+20
36.7752  5.10941e+20
36.8925  4.89272e+20
37.0098  4.64902e+20
37.1271  4.39593e+20
37.2444  4.14893e+20
37.3617  3.92041e+20
37.479  3.7181e+20
37.5964  3.54551e+20
37.7137  3.40387e+20
37.831  3.29043e+20
37.9483  3.20194e+20
38.0656  3.13249e+20
38.1829  3.07771e+20
38.3002  3.03134e+20
38.4175  2.98927e+20
38.5348  2.9487e+20
38.6521  2.9087e+20
38.7694  2.87076e+20
38.8867  2.83811e+20
39.004  2.81477e+20
39.1213  2.80536e+20
39.2386  2.81357e+20
39.3559  2.83989e+20
39.4732  2.88153e+20
39.5905  2.93356e+20
39.7078  2.98917e+20
39.8251  3.04023e+20
39.9425  3.07888e+20
40.0598  3.09982e+20
40.1771  3.10008e+20
40.2944  3.08081e+20
40.4117  3.0439e+20
40.529  2.99386e+20
40.6463  2.93644e+20
40.7636  2.87548e+20
40.8809  2.81435e+20
40.9982  2.75691e+20
41.1155  2.70458e+20
41.2328  2.65908e+20
41.3501  2.62099e+20
41.4674  2.59126e+20
41.5847  2.56925e+20
41.702  2.55212e+20
41.8193  2.53674e+20
41.9366  2.5171e+20
42.0539  2.48781e+20
42.1712  2.44411e+20
42.2885  2.38391e+20
42.4059  2.30811e+20
42.5232  2.22326e+20
42.6405  2.1399e+20
42.7578  2.0701e+20
42.8751  2.02662e+20
42.9924  2.01868e+20
43.1097  2.05081e+20
43.227  2.11991e+20
43.3443  2.21757e+20
43.4616  2.32851e+20
43.5789  2.43583e+20
43.6962  2.52301e+20
43.8135  2.57706e+20
43.9308  2.59134e+20
44.0481  2.56373e+20
44.1654  2.49999e+20
44.2827  2.41096e+20
44.4  2.30936e+20
44.5173  2.2087e+20
44.6347  2.12179e+20
44.752  2.05905e+20
44.8693  2.02747e+20
44.9866  2.03215e+20
45.1039  2.0732e+20
45.2212  2.1481e+20
45.3385  2.25091e+20
45.4558  2.37153e+20
45.5731  2.49783e+20
45.6904  2.61488e+20
45.8077  2.70708e+20
45.925  2.76148e+20
46.0423  2.76897e+20
46.1596  2.72444e+20
46.2769  2.62927e+20
46.3942  2.49179e+20
46.5115  2.32367e+20
46.6288  2.13857e+20
46.7461  1.95092e+20
46.8634  1.773e+20
46.9808  1.61259e+20
47.0981  1.47405e+20
47.2154  1.35855e+20
47.3327  1.26387e+20
47.45  1.18793e+20
47.5673  1.12825e+20
47.6846  1.08384e+20
47.8019  1.05319e+20
47.9192  1.0363e+20
48.0365  1.03234e+20
48.1538  1.03983e+20
48.2711  1.05634e+20
48.3884  1.0789e+20
48.5057  1.10459e+20
48.623  1.13098e+20
48.7403  1.15726e+20
48.8576  1.18414e+20
48.9749  1.21337e+20
49.0922  1.24744e+20
49.2095  1.28821e+20
49.3269  1.33628e+20
49.4442  1.3916e+20
49.5615  1.45161e+20
49.6788  1.51322e+20
49.7961  1.5724e+20
49.9134  1.62644e+20
50.0307  1.67198e+20
50.148  1.70759e+20
50.2653  1.73348e+20
50.3826  1.74954e+20
50.4999  1.75765e+20
50.6172  1.75938e+20
50.7345  1.75651e+20
50.8518  1.75054e+20
50.9691  1.74264e+20
51.0864  1.73423e+20
51.2037  1.72459e+20
51.321  1.71428e+20
51.4383  1.7013e+20
51.5556  1.68437e+20
51.673  1.66168e+20
51.7903  1.63141e+20
51.9076  1.5934e+20
52.0249  1.54778e+20
52.1422  1.49806e+20
52.2595  1.44836e+20
52.3768  1.40421e+20
52.4941  1.37119e+20
52.6114  1.35491e+20
52.7287  1.35792e+20
52.846  1.38051e+20
52.9633  1.41992e+20
53.0806  1.4698e+20
53.1979  1.52206e+20
53.3152  1.56736e+20
53.4325  1.597e+20
53.5498  1.60506e+20
53.6671  1.58766e+20
53.7844  1.54619e+20
53.9017  1.48683e+20
54.0191  1.41877e+20
54.1364  1.3533e+20
54.2537  1.30286e+20
54.371  1.27723e+20
54.4883  1.28369e+20
54.6056  1.32357e+20
54.7229  1.39248e+20
54.8402  1.48214e+20
54.9575  1.57911e+20
55.0748  1.66949e+20
55.1921  1.74092e+20
55.3094  1.78263e+20
55.4267  1.79047e+20
55.544  1.76427e+20
55.6613  1.70959e+20
55.7786  1.63391e+20
55.8959  1.54684e+20
56.0132  1.457e+20
56.1305  1.37038e+20
56.2478  1.29019e+20
56.3651  1.21762e+20
56.4825  1.15051e+20
56.5998  1.0875e+20
56.7171  1.02628e+20
56.8344  9.663e+19
56.9517  9.07853e+19
57.069  8.5154e+19
57.1863  8.00176e+19
57.3036  7.54288e+19
57.4209  7.15109e+19
57.5382  6.8371e+19
57.6555  6.60232e+19
57.7728  6.46462e+19
57.8901  6.44308e+19
58.0074  6.57033e+19
58.1247  6.8719e+19
58.242  7.37209e+19
58.3593  8.08005e+19
58.4766  8.97385e+19
58.5939  1.00076e+20
