#S 1 spectral density
#N 2
#UFWHM 8.32866
#L  abscissas [um]  spectral density
-58.5938  3.66575e+20
-58.4764  3.70969e+20
-58.3591  3.77609e+20
-58.2418  3.86846e+20
-58.1245  3.9851e+20
-58.0072  4.12265e+20
-57.8899  4.2765e+20
-57.7726  4.44211e+20
-57.6553  4.61151e+20
-57.538  4.77715e+20
-57.4207  4.93384e+20
-57.3034  5.07225e+20
-57.1861  5.1861e+20
-57.0688  5.26711e+20
-56.9515  5.31081e+20
-56.8342  5.31244e+20
-56.7169  5.26883e+20
-56.5996  5.1815e+20
-56.4823  5.05491e+20
-56.365  4.89695e+20
-56.2477  4.71981e+20
-56.1303  4.53687e+20
-56.013  4.3649e+20
-55.8957  4.21709e+20
-55.7784  4.10524e+20
-55.6611  4.03641e+20
-55.5438  4.011e+20
-55.4265  4.02666e+20
-55.3092  4.07248e+20
-55.1919  4.13814e+20
-55.0746  4.20838e+20
-54.9573  4.27128e+20
-54.84  4.31674e+20
-54.7227  4.33853e+20
-54.6054  4.33692e+20
-54.4881  4.31305e+20
-54.3708  4.27411e+20
-54.2535  4.22744e+20
-54.1362  4.18032e+20
-54.0189  4.13867e+20
-53.9016  4.10545e+20
-53.7842  4.08109e+20
-53.6669  4.06178e+20
-53.5496  4.04497e+20
-53.4323  4.02597e+20
-53.315  4.00132e+20
-53.1977  3.96802e+20
-53.0804  3.92534e+20
-52.9631  3.87439e+20
-52.8458  3.81485e+20
-52.7285  3.74596e+20
-52.6112  3.66628e+20
-52.4939  3.57411e+20
-52.3766  3.46585e+20
-52.2593  3.33748e+20
-52.142  3.18754e+20
-52.0247  3.01682e+20
-51.9074  2.83051e+20
-51.7901  2.63705e+20
-51.6728  2.44701e+20
-51.5555  2.27343e+20
-51.4381  2.12954e+20
-51.3208  2.02519e+20
-51.2035  1.96721e+20
-51.0862  1.95561e+20
-50.9689  1.98704e+20
-50.8516  2.05205e+20
-50.7343  2.13672e+20
-50.617  2.22699e+20
-50.4997  2.30763e+20
-50.3824  2.36466e+20
-50.2651  2.38995e+20
-50.1478  2.37644e+20
-50.0305  2.32479e+20
-49.9132  2.2398e+20
-49.7959  2.12975e+20
-49.6786  2.00632e+20
-49.5613  1.88219e+20
-49.444  1.77066e+20
-49.3267  1.68191e+20
-49.2094  1.62234e+20
-49.092  1.59596e+20
-48.9747  1.60075e+20
-48.8574  1.63197e+20
-48.7401  1.68247e+20
-48.6228  1.74349e+20
-48.5055  1.80689e+20
-48.3882  1.86845e+20
-48.2709  1.92523e+20
-48.1536  1.97904e+20
-48.0363  2.03332e+20
-47.919  2.09265e+20
-47.8017  2.16314e+20
-47.6844  2.24595e+20
-47.5671  2.34269e+20
-47.4498  2.45027e+20
-47.3325  2.56227e+20
-47.2152  2.67095e+20
-47.0979  2.76873e+20
-46.9806  2.84744e+20
-46.8633  2.90227e+20
-46.7459  2.93114e+20
-46.6286  2.93753e+20
-46.5113  2.9278e+20
-46.394  2.91157e+20
-46.2767  2.89871e+20
-46.1594  2.9011e+20
-46.0421  2.92689e+20
-45.9248  2.98109e+20
-45.8075  3.06519e+20
-45.6902  3.17386e+20
-45.5729  3.30044e+20
-45.4556  3.43267e+20
-45.3383  3.55866e+20
-45.221  3.66727e+20
-45.1037  3.74937e+20
-44.9864  3.79975e+20
-44.8691  3.81886e+20
-44.7518  3.81046e+20
-44.6345  3.78097e+20
-44.5172  3.73842e+20
-44.3998  3.69126e+20
-44.2825  3.6454e+20
-44.1652  3.60443e+20
-44.0479  3.57006e+20
-43.9306  3.54316e+20
-43.8133  3.52314e+20
-43.696  3.51164e+20
-43.5787  3.51011e+20
-43.4614  3.52157e+20
-43.3441  3.5491e+20
-43.2268  3.59717e+20
-43.1095  3.66639e+20
-42.9922  3.75555e+20
-42.8749  3.86206e+20
-42.7576  3.98023e+20
-42.6403  4.1036e+20
-42.523  4.22781e+20
-42.4057  4.34998e+20
-42.2884  4.46952e+20
-42.171  4.58828e+20
-42.0537  4.71078e+20
-41.9364  4.83901e+20
-41.8191  4.97327e+20
-41.7018  5.10962e+20
-41.5845  5.23909e+20
-41.4672  5.34954e+20
-41.3499  5.4269e+20
-41.2326  5.4576e+20
-41.1153  5.43144e+20
-40.998  5.3446e+20
-40.8807  5.20197e+20
-40.7634  5.01281e+20
-40.6461  4.7966e+20
-40.5288  4.57427e+20
-40.4115  4.36898e+20
-40.2942  4.19957e+20
-40.1769  4.07922e+20
-40.0596  4.01697e+20
-39.9423  4.01009e+20
-39.825  4.04975e+20
-39.7076  4.12235e+20
-39.5903  4.21079e+20
-39.473  4.29685e+20
-39.3557  4.36662e+20
-39.2384  4.40917e+20
-39.1211  4.42066e+20
-39.0038  4.40474e+20
-38.8865  4.37028e+20
-38.7692  4.32994e+20
-38.6519  4.29925e+20
-38.5346  4.29014e+20
-38.4173  4.31113e+20
-38.3  4.36465e+20
-38.1827  4.44339e+20
-38.0654  4.535e+20
-37.9481  4.61933e+20
-37.8308  4.67513e+20
-37.7135  4.68287e+20
-37.5962  4.6268e+20
-37.4789  4.49877e+20
-37.3615  4.29946e+20
-37.2442  4.04042e+20
-37.1269  3.73916e+20
-37.0096  3.41946e+20
-36.8923  3.10439e+20
-36.775  2.81905e+20
-36.6577  2.58095e+20
-36.5404  2.40376e+20
-36.4231  2.29152e+20
-36.3058  2.24225e+20
-36.1885  2.24887e+20
-36.0712  2.29938e+20
-35.9539  2.3812e+20
-35.8366  2.48078e+20
-35.7193  2.58736e+20
-35.602  2.69315e+20
-35.4847  2.79363e+20
-35.3674  2.88791e+20
-35.2501  2.97839e+20
-35.1328  3.06765e+20
-35.0154  3.16011e+20
-34.8981  3.26022e+20
-34.7808  3.36867e+20
-34.6635  3.48369e+20
-34.5462  3.60342e+20
-34.4289  3.72234e+20
-34.3116  3.83328e+20
-34.1943  3.9298e+20
-34.077  4.00733e+20
-33.9597  4.06159e+20
-33.8424  4.09123e+20
-33.7251  4.09804e+20
-33.6078  4.08355e+20
-33.4905  4.05188e+20
-33.3732  4.00669e+20
-33.2559  3.95171e+20
-33.1386  3.88845e+20
-33.0213  3.82031e+20
-32.904  3.74831e+20
-32.7867  3.67377e+20
-32.6693  3.60123e+20
-32.552  3.5321e+20
-32.4347  3.47066e+20
-32.3174  3.42179e+20
-32.2001  3.38747e+20
-32.0828  3.3728e+20
-31.9655  3.37906e+20
-31.8482  3.407e+20
-31.7309  3.45546e+20
-31.6136  3.52353e+20
-31.4963  3.60692e+20
-31.379  3.70302e+20
-31.2617  3.80665e+20
-31.1444  3.9148e+20
-31.0271  4.02311e+20
-30.9098  4.12916e+20
-30.7925  4.23032e+20
-30.6752  4.32682e+20
-30.5579  4.41939e+20
-30.4406  4.51207e+20
-30.3232  4.61062e+20
-30.2059  4.71982e+20
-30.0886  4.84682e+20
-29.9713  4.99771e+20
-29.854  5.1771e+20
-29.7367  5.38479e+20
-29.6194  5.62015e+20
-29.5021  5.8754e+20
-29.3848  6.13874e+20
-29.2675  6.3949e+20
-29.1502  6.6263e+20
-29.0329  6.81225e+20
-28.9156  6.93571e+20
-28.7983  6.97931e+20
-28.681  6.93162e+20
-28.5637  6.78895e+20
-28.4464  6.55355e+20
-28.3291  6.23827e+20
-28.2118  5.86213e+20
-28.0944  5.45022e+20
-27.9771  5.0312e+20
-27.8598  4.63269e+20
-27.7425  4.2786e+20
-27.6252  3.98712e+20
-27.5079  3.76855e+20
-27.3906  3.62451e+20
-27.2733  3.55131e+20
-27.156  3.53978e+20
-27.0387  3.57748e+20
-26.9214  3.65517e+20
-26.8041  3.76361e+20
-26.6868  3.89999e+20
-26.5695  4.06415e+20
-26.4522  4.25823e+20
-26.3349  4.48584e+20
-26.2176  4.74863e+20
-26.1003  5.04575e+20
-25.983  5.37169e+20
-25.8657  5.71646e+20
-25.7483  6.06566e+20
-25.631  6.40262e+20
-25.5137  6.70902e+20
-25.3964  6.96767e+20
-25.2791  7.16292e+20
-25.1618  7.2838e+20
-25.0445  7.32425e+20
-24.9272  7.2815e+20
-24.8099  7.16193e+20
-24.6926  6.97382e+20
-24.5753  6.72893e+20
-24.458  6.44368e+20
-24.3407  6.13106e+20
-24.2234  5.80584e+20
-24.1061  5.47677e+20
-23.9888  5.15176e+20
-23.8715  4.83368e+20
-23.7542  4.52107e+20
-23.6369  4.21422e+20
-23.5196  3.91255e+20
-23.4023  3.61482e+20
-23.2849  3.32802e+20
-23.1676  3.05842e+20
-23.0503  2.81737e+20
-22.933  2.61873e+20
-22.8157  2.47253e+20
-22.6984  2.39137e+20
-22.5811  2.38289e+20
-22.4638  2.45004e+20
-22.3465  2.59193e+20
-22.2292  2.80479e+20
-22.1119  3.08079e+20
-21.9946  3.41353e+20
-21.8773  3.79414e+20
-21.76  4.21783e+20
-21.6427  4.67898e+20
-21.5254  5.1764e+20
-21.4081  5.70868e+20
-21.2908  6.27712e+20
-21.1735  6.88208e+20
-21.0561  7.52265e+20
-20.9388  8.19612e+20
-20.8215  8.89511e+20
-20.7042  9.60794e+20
-20.5869  1.03132e+21
-20.4696  1.09884e+21
-20.3523  1.16048e+21
-20.235  1.21308e+21
-20.1177  1.25373e+21
-20.0004  1.28006e+21
-19.8831  1.2907e+21
-19.7658  1.28548e+21
-19.6485  1.26535e+21
-19.5312  1.23282e+21
-19.4139  1.1913e+21
-19.2966  1.14477e+21
-19.1793  1.0975e+21
-19.062  1.05337e+21
-18.9447  1.01564e+21
-18.8274  9.86736e+20
-18.71  9.6792e+20
-18.5927  9.59745e+20
-18.4754  9.61373e+20
-18.3581  9.71821e+20
-18.2408  9.89297e+20
-18.1235  1.01196e+21
-18.0062  1.03747e+21
-17.8889  1.06383e+21
-17.7716  1.08918e+21
-17.6543  1.11174e+21
-17.537  1.13076e+21
-17.4197  1.14568e+21
-17.3024  1.15726e+21
-17.1851  1.16671e+21
-17.0678  1.17628e+21
-16.9505  1.18811e+21
-16.8332  1.20481e+21
-16.7159  1.22816e+21
-16.5986  1.25935e+21
-16.4813  1.29845e+21
-16.364  1.34431e+21
-16.2466  1.39488e+21
-16.1293  1.44754e+21
-16.012  1.49911e+21
-15.8947  1.54656e+21
-15.7774  1.5878e+21
-15.6601  1.62104e+21
-15.5428  1.64577e+21
-15.4255  1.66238e+21
-15.3082  1.67155e+21
-15.1909  1.67534e+21
-15.0736  1.67493e+21
-14.9563  1.67217e+21
-14.839  1.66854e+21
-14.7217  1.66533e+21
-14.6044  1.66334e+21
-14.4871  1.66324e+21
-14.3698  1.66557e+21
-14.2525  1.67111e+21
-14.1352  1.68041e+21
-14.0178  1.69413e+21
-13.9005  1.71277e+21
-13.7832  1.7368e+21
-13.6659  1.76673e+21
-13.5486  1.80212e+21
-13.4313  1.84271e+21
-13.314  1.8872e+21
-13.1967  1.93448e+21
-13.0794  1.98253e+21
-12.9621  2.02933e+21
-12.8448  2.07307e+21
-12.7275  2.11228e+21
-12.6102  2.14537e+21
-12.4929  2.17212e+21
-12.3756  2.19261e+21
-12.2583  2.20711e+21
-12.141  2.21694e+21
-12.0237  2.22375e+21
-11.9064  2.2291e+21
-11.7891  2.2343e+21
-11.6718  2.24098e+21
-11.5544  2.25023e+21
-11.4371  2.26267e+21
-11.3198  2.27923e+21
-11.2025  2.30056e+21
-11.0852  2.32716e+21
-10.9679  2.36031e+21
-10.8506  2.40112e+21
-10.7333  2.45175e+21
-10.616  2.5148e+21
-10.4987  2.59259e+21
-10.3814  2.6884e+21
-10.2641  2.80534e+21
-10.1468  2.94621e+21
-10.0295  3.11319e+21
-9.91217  3.30847e+21
-9.79487  3.5326e+21
-9.67756  3.78563e+21
-9.56026  4.06701e+21
-9.44295  4.37467e+21
-9.32565  4.70666e+21
-9.20834  5.06044e+21
-9.09104  5.4326e+21
-8.97373  5.82003e+21
-8.85643  6.21859e+21
-8.73913  6.62493e+21
-8.62182  7.03453e+21
-8.50452  7.44252e+21
-8.38721  7.84402e+21
-8.26991  8.23364e+21
-8.1526  8.60644e+21
-8.03529  8.95808e+21
-7.91799  9.28513e+21
-7.80069  9.58481e+21
-7.68338  9.85702e+21
-7.56608  1.01025e+22
-7.44877  1.03247e+22
-7.33146  1.05272e+22
-7.21416  1.07169e+22
-7.09685  1.08996e+22
-6.97955  1.10831e+22
-6.86224  1.12738e+22
-6.74494  1.14783e+22
-6.62763  1.17025e+22
-6.51033  1.19505e+22
-6.39302  1.22258e+22
-6.27572  1.25299e+22
-6.15842  1.28639e+22
-6.04111  1.32269e+22
-5.92381  1.36169e+22
-5.8065  1.40322e+22
-5.68919  1.44698e+22
-5.57189  1.49276e+22
-5.45458  1.54043e+22
-5.33728  1.58985e+22
-5.21997  1.64104e+22
-5.10267  1.6941e+22
-4.98536  1.74928e+22
-4.86806  1.80676e+22
-4.75075  1.86691e+22
-4.63345  1.93e+22
-4.51614  1.99623e+22
-4.39884  2.06573e+22
-4.28154  2.13854e+22
-4.16423  2.21454e+22
-4.04692  2.2934e+22
-3.92962  2.3747e+22
-3.81231  2.45798e+22
-3.69501  2.54258e+22
-3.5777  2.62786e+22
-3.4604  2.71326e+22
-3.34309  2.79811e+22
-3.22579  2.88199e+22
-3.10849  2.96459e+22
-2.99118  3.04559e+22
-2.87387  3.12489e+22
-2.75657  3.20246e+22
-2.63926  3.27833e+22
-2.52196  3.35242e+22
-2.40465  3.42481e+22
-2.28735  3.49548e+22
-2.17005  3.56432e+22
-2.05274  3.63123e+22
-1.93544  3.69601e+22
-1.81813  3.75859e+22
-1.70083  3.81877e+22
-1.58352  3.87652e+22
-1.46622  3.93166e+22
-1.34891  3.98402e+22
-1.2316  4.03366e+22
-1.1143  4.08022e+22
-0.996995  4.12359e+22
-0.87969  4.16353e+22
-0.762385  4.19955e+22
-0.64508  4.23151e+22
-0.527775  4.25889e+22
-0.41047  4.2814e+22
-0.293165  4.29868e+22
-0.17586  4.31052e+22
-0.058555  4.31669e+22
0.05875  4.31714e+22
0.176055  4.31177e+22
0.29336  4.30088e+22
0.410665  4.28441e+22
0.52797  4.26274e+22
0.645275  4.23613e+22
0.76258  4.20504e+22
0.879885  4.16968e+22
0.99719  4.13054e+22
1.1145  4.08788e+22
1.2318  4.04201e+22
1.3491  3.99299e+22
1.46641  3.9412e+22
1.58371  3.88662e+22
1.70102  3.82941e+22
1.81832  3.7697e+22
1.93563  3.70754e+22
2.05294  3.64316e+22
2.17024  3.57664e+22
2.28754  3.50814e+22
2.40485  3.43772e+22
2.52216  3.36548e+22
2.63946  3.29149e+22
2.75677  3.2157e+22
2.87407  3.13811e+22
2.99137  3.05867e+22
3.10868  2.97748e+22
3.22599  2.89465e+22
3.34329  2.81047e+22
3.4606  2.72523e+22
3.5779  2.63949e+22
3.69521  2.55386e+22
3.81251  2.46884e+22
3.92982  2.38521e+22
4.04712  2.30349e+22
4.16443  2.22427e+22
4.28173  2.14794e+22
4.39903  2.07475e+22
4.51634  2.0049e+22
4.63364  1.93831e+22
4.75095  1.8749e+22
4.86825  1.81439e+22
4.98556  1.75651e+22
5.10286  1.70097e+22
5.22017  1.64748e+22
5.33748  1.59594e+22
5.45478  1.54612e+22
5.57209  1.49807e+22
5.68939  1.45192e+22
5.8067  1.40779e+22
5.924  1.36593e+22
6.0413  1.32669e+22
6.15861  1.29017e+22
6.27591  1.2566e+22
6.39322  1.22603e+22
6.51052  1.19837e+22
6.62783  1.17348e+22
6.74514  1.15097e+22
6.86244  1.13045e+22
6.97975  1.11129e+22
7.09705  1.0929e+22
7.21436  1.07457e+22
7.33166  1.05552e+22
7.44897  1.03518e+22
7.56627  1.0129e+22
7.68358  9.88274e+21
7.80088  9.60988e+21
7.91819  9.30931e+21
8.03549  8.98197e+21
8.1528  8.63007e+21
8.2701  8.25688e+21
8.38741  7.86702e+21
8.50471  7.46577e+21
8.62202  7.05803e+21
8.73932  6.64859e+21
8.85662  6.24222e+21
8.97393  5.84322e+21
9.09123  5.45587e+21
9.20854  5.08333e+21
9.32584  4.72901e+21
9.44315  4.39622e+21
9.56045  4.08762e+21
9.67776  3.80531e+21
9.79506  3.55127e+21
9.91237  3.32626e+21
10.0297  3.12996e+21
10.147  2.96177e+21
10.2643  2.81991e+21
10.3816  2.70213e+21
10.4989  2.60531e+21
10.6162  2.52672e+21
10.7335  2.46308e+21
10.8508  2.41166e+21
10.9681  2.37006e+21
11.0854  2.33649e+21
11.2027  2.30953e+21
11.32  2.28781e+21
11.4373  2.27102e+21
11.5546  2.25816e+21
11.6719  2.24895e+21
11.7893  2.24212e+21
11.9066  2.23641e+21
12.0239  2.23111e+21
12.1412  2.22397e+21
12.2585  2.2138e+21
12.3758  2.19881e+21
12.4931  2.17812e+21
12.6104  2.15114e+21
12.7277  2.11763e+21
12.845  2.07839e+21
12.9623  2.03473e+21
13.0796  1.98804e+21
13.1969  1.94042e+21
13.3142  1.89375e+21
13.4315  1.84972e+21
13.5488  1.80983e+21
13.6661  1.77504e+21
13.7834  1.74584e+21
13.9007  1.72225e+21
14.018  1.70404e+21
14.1354  1.69073e+21
14.2527  1.68169e+21
14.37  1.67601e+21
14.4873  1.6735e+21
14.6046  1.67349e+21
14.7219  1.67519e+21
14.8392  1.67799e+21
14.9565  1.68107e+21
15.0738  1.68306e+21
15.1911  1.68264e+21
15.3084  1.67807e+21
15.4257  1.66795e+21
15.543  1.65051e+21
15.6603  1.62486e+21
15.7776  1.59078e+21
15.8949  1.54896e+21
16.0122  1.50087e+21
16.1295  1.44905e+21
16.2468  1.39643e+21
16.3641  1.34596e+21
16.4815  1.30043e+21
16.5988  1.26186e+21
16.7161  1.23119e+21
16.8334  1.20836e+21
16.9507  1.19202e+21
17.068  1.18048e+21
17.1853  1.17096e+21
17.3026  1.1613e+21
17.4199  1.14942e+21
17.5372  1.13423e+21
17.6545  1.11477e+21
17.7718  1.09179e+21
17.8891  1.06633e+21
18.0064  1.03969e+21
18.1237  1.01384e+21
18.241  9.91313e+20
18.3583  9.73887e+20
18.4756  9.63603e+20
18.5929  9.62231e+20
18.7102  9.70889e+20
18.8275  9.89959e+20
18.9449  1.01911e+21
19.0622  1.05696e+21
19.1795  1.10114e+21
19.2968  1.14818e+21
19.4141  1.19438e+21
19.5314  1.23549e+21
19.6487  1.26734e+21
19.766  1.28673e+21
19.8833  1.29125e+21
20.0006  1.27978e+21
20.1179  1.2527e+21
20.2352  1.21143e+21
20.3525  1.15836e+21
20.4698  1.09645e+21
20.5871  1.0287e+21
20.7044  9.58125e+20
20.8217  8.86888e+20
20.939  8.17008e+20
21.0563  7.49738e+20
21.1736  6.85771e+20
21.291  6.25332e+20
21.4083  5.68549e+20
21.5256  5.15297e+20
21.6429  4.65569e+20
21.7602  4.19344e+20
21.8775  3.77015e+20
21.9948  3.38855e+20
22.1121  3.05657e+20
22.2294  2.78077e+20
22.3467  2.57055e+20
22.464  2.43038e+20
22.5813  2.36674e+20
22.6986  2.3788e+20
22.8159  2.46303e+20
22.9332  2.61318e+20
23.0505  2.81685e+20
23.1678  3.06049e+20
23.2851  3.33445e+20
23.4024  3.62422e+20
23.5198  3.92465e+20
23.6371  4.22984e+20
23.7544  4.53913e+20
23.8717  4.85341e+20
23.989  5.17337e+20
24.1063  5.49989e+20
24.2236  5.82918e+20
24.3409  6.15333e+20
24.4582  6.46492e+20
24.5755  6.74695e+20
24.6928  6.98762e+20
24.8101  7.17094e+20
24.9274  7.28548e+20
25.0447  7.32149e+20
25.162  7.27578e+20
25.2793  7.14967e+20
25.3966  6.94995e+20
25.5139  6.68871e+20
25.6312  6.38079e+20
25.7485  6.04299e+20
25.8658  5.69455e+20
25.9832  5.35157e+20
26.1005  5.02886e+20
26.2178  4.73436e+20
26.3351  4.47497e+20
26.4524  4.25033e+20
26.5697  4.0591e+20
26.687  3.89731e+20
26.8043  3.76268e+20
26.9216  3.65603e+20
27.0389  3.58016e+20
27.1562  3.54402e+20
27.2735  3.55907e+20
27.3908  3.63419e+20
27.5081  3.78021e+20
27.6254  4.00139e+20
27.7427  4.29502e+20
27.86  4.65057e+20
27.9773  5.05049e+20
28.0946  5.46946e+20
28.212  5.87952e+20
28.3293  6.2536e+20
28.4466  6.56465e+20
28.5639  6.79594e+20
28.6812  6.93548e+20
28.7985  6.97916e+20
28.9158  6.93227e+20
29.0331  6.80585e+20
29.1504  6.6176e+20
29.2677  6.38608e+20
29.385  6.13116e+20
29.5023  5.86918e+20
29.6196  5.61708e+20
29.7369  5.38536e+20
29.8542  5.18039e+20
29.9715  5.00432e+20
30.0888  4.85708e+20
30.2061  4.73262e+20
30.3234  4.62575e+20
30.4407  4.52935e+20
30.558  4.43677e+20
30.6754  4.34407e+20
30.7927  4.24726e+20
30.91  4.14473e+20
31.0273  4.03723e+20
31.1446  3.92749e+20
31.2619  3.81777e+20
31.3792  3.71152e+20
31.4965  3.61433e+20
31.6138  3.52982e+20
31.7311  3.46067e+20
31.8484  3.41044e+20
31.9657  3.3822e+20
32.083  3.37527e+20
32.2003  3.38926e+20
32.3176  3.4224e+20
32.4349  3.47159e+20
32.5522  3.53205e+20
32.6695  3.60106e+20
32.7868  3.67413e+20
32.9042  3.74766e+20
33.0215  3.82011e+20
33.1388  3.88908e+20
33.2561  3.95284e+20
33.3734  4.00894e+20
33.4907  4.05425e+20
33.608  4.08616e+20
33.7253  4.10012e+20
33.8426  4.09294e+20
33.9599  4.06177e+20
34.0772  4.00587e+20
34.1945  3.92652e+20
34.3118  3.82813e+20
34.4291  3.71577e+20
34.5464  3.59569e+20
34.6637  3.47514e+20
34.781  3.35975e+20
34.8983  3.25266e+20
35.0156  3.1535e+20
35.1329  3.06215e+20
35.2503  2.97398e+20
35.3676  2.88537e+20
35.4849  2.79291e+20
35.6022  2.69404e+20
35.7195  2.58927e+20
35.8368  2.48397e+20
35.9541  2.38583e+20
36.0714  2.30593e+20
36.1887  2.25695e+20
36.306  2.25248e+20
36.4233  2.30343e+20
36.5406  2.4172e+20
36.6579  2.5966e+20
36.7752  2.83427e+20
36.8925  3.11952e+20
37.0098  3.43293e+20
37.1271  3.75049e+20
37.2444  4.04736e+20
37.3617  4.3014e+20
37.479  4.49521e+20
37.5964  4.61785e+20
37.7137  4.66951e+20
37.831  4.65828e+20
37.9483  4.59982e+20
38.0656  4.51494e+20
38.1829  4.42481e+20
38.3002  4.34862e+20
38.4175  4.29803e+20
38.5348  4.28012e+20
38.6521  4.29202e+20
38.7694  4.3264e+20
38.8867  4.3677e+20
39.004  4.40296e+20
39.1213  4.41937e+20
39.2386  4.40703e+20
39.3559  4.36371e+20
39.4732  4.29345e+20
39.5905  4.20727e+20
39.7078  4.11939e+20
39.8251  4.04775e+20
39.9425  4.00914e+20
40.0598  4.01833e+20
40.1771  4.08379e+20
40.2944  4.20495e+20
40.4117  4.37618e+20
40.529  4.58258e+20
40.6463  4.80422e+20
40.7636  5.01952e+20
40.8809  5.2053e+20
40.9982  5.34668e+20
41.1155  5.43081e+20
41.2328  5.45477e+20
41.3501  5.42239e+20
41.4674  5.34471e+20
41.5847  5.23354e+20
41.702  5.10533e+20
41.8193  4.97038e+20
41.9366  4.83872e+20
42.0539  4.71228e+20
42.1712  4.59208e+20
42.2885  4.47377e+20
42.4059  4.35649e+20
42.5232  4.23474e+20
42.6405  4.11107e+20
42.7578  3.98839e+20
42.8751  3.87064e+20
42.9924  3.76425e+20
43.1097  3.67481e+20
43.227  3.60558e+20
43.3443  3.55746e+20
43.4616  3.52948e+20
43.5789  3.51669e+20
43.6962  3.51703e+20
43.8135  3.52732e+20
43.9308  3.54551e+20
44.0481  3.57068e+20
44.1654  3.60258e+20
44.2827  3.6424e+20
44.4  3.68755e+20
44.5173  3.73344e+20
44.6347  3.77501e+20
44.752  3.80379e+20
44.8693  3.81212e+20
44.9866  3.79243e+20
45.1039  3.74112e+20
45.2212  3.65934e+20
45.3385  3.55165e+20
45.4558  3.42721e+20
45.5731  3.29686e+20
45.6904  3.17243e+20
45.8077  3.06632e+20
45.925  2.98496e+20
46.0423  2.93286e+20
46.1596  2.90873e+20
46.2769  2.90751e+20
46.3942  2.91996e+20
46.5115  2.9363e+20
46.6288  2.94417e+20
46.7461  2.93527e+20
46.8634  2.90372e+20
46.9808  2.84609e+20
47.0981  2.76495e+20
47.2154  2.6658e+20
47.3327  2.55521e+20
47.45  2.44224e+20
47.5673  2.33508e+20
47.6846  2.23923e+20
47.8019  2.157e+20
47.9192  2.08882e+20
48.0365  2.03041e+20
48.1538  1.97768e+20
48.2711  1.92509e+20
48.3884  1.86883e+20
48.5057  1.80859e+20
48.623  1.74556e+20
48.7403  1.68567e+20
48.8576  1.63622e+20
48.9749  1.60567e+20
49.0922  1.60104e+20
49.2095  1.62853e+20
49.3269  1.68791e+20
49.4442  1.77675e+20
49.5615  1.88754e+20
49.6788  2.0099e+20
49.7961  2.13134e+20
49.9134  2.23899e+20
50.0307  2.32089e+20
50.148  2.36939e+20
50.2653  2.37938e+20
50.3826  2.35234e+20
50.4999  2.29284e+20
50.6172  2.21135e+20
50.7345  2.12125e+20
50.8518  2.03778e+20
50.9691  1.97489e+20
51.0864  1.94684e+20
51.2037  1.9614e+20
51.321  2.02297e+20
51.4383  2.13052e+20
51.5556  2.27802e+20
51.673  2.45293e+20
51.7903  2.64469e+20
51.9076  2.83905e+20
52.0249  3.02569e+20
52.1422  3.19544e+20
52.2595  3.34398e+20
52.3768  3.47176e+20
52.4941  3.57951e+20
52.6114  3.66997e+20
52.7287  3.74808e+20
52.846  3.81577e+20
52.9633  3.87403e+20
53.0806  3.92351e+20
53.1979  3.96518e+20
53.3152  3.99719e+20
53.4325  4.0211e+20
53.5498  4.03849e+20
53.6671  4.05579e+20
53.7844  4.07446e+20
53.9017  4.09983e+20
54.0191  4.13419e+20
54.1364  4.17712e+20
54.2537  4.22565e+20
54.371  4.27313e+20
54.4883  4.31289e+20
54.6056  4.33702e+20
54.7229  4.34e+20
54.8402  4.31844e+20
54.9575  4.27387e+20
55.0748  4.21124e+20
55.1921  4.14218e+20
55.3094  4.07749e+20
55.4267  4.03212e+20
55.544  4.01824e+20
55.6613  4.04413e+20
55.7786  4.11334e+20
55.8959  4.22586e+20
56.0132  4.37299e+20
56.1305  4.54368e+20
56.2478  4.72478e+20
56.3651  4.89943e+20
56.4825  5.05445e+20
56.5998  5.17926e+20
56.7171  5.26378e+20
56.8344  5.30503e+20
56.9517  5.30179e+20
57.069  5.25633e+20
57.1863  5.17335e+20
57.3036  5.05945e+20
57.4209  4.92092e+20
57.5382  4.76521e+20
57.6555  4.59968e+20
57.7728  4.43143e+20
57.8901  4.26821e+20
58.0074  4.11556e+20
58.1247  3.98047e+20
58.242  3.8656e+20
58.3593  3.77553e+20
58.4766  3.71045e+20
58.5939  3.66885e+20
