#S 1 spectral density
#N 2
#UFWHM 18.7688
#L  abscissas [um]  spectral density
-58.5938  1.47022e+20
-58.4764  1.54068e+20
-58.3591  1.61e+20
-58.2418  1.6742e+20
-58.1245  1.72727e+20
-58.0072  1.76577e+20
-57.8899  1.78477e+20
-57.7726  1.78404e+20
-57.6553  1.76507e+20
-57.538  1.73145e+20
-57.4207  1.68858e+20
-57.3034  1.64309e+20
-57.1861  1.60033e+20
-57.0688  1.56513e+20
-56.9515  1.53979e+20
-56.8342  1.52533e+20
-56.7169  1.51965e+20
-56.5996  1.52212e+20
-56.4823  1.52985e+20
-56.365  1.54172e+20
-56.2477  1.55716e+20
-56.1303  1.57456e+20
-56.013  1.59422e+20
-55.8957  1.61429e+20
-55.7784  1.63387e+20
-55.6611  1.64958e+20
-55.5438  1.65816e+20
-55.4265  1.65767e+20
-55.3092  1.64573e+20
-55.1919  1.62147e+20
-55.0746  1.58699e+20
-54.9573  1.54417e+20
-54.84  1.49867e+20
-54.7227  1.45417e+20
-54.6054  1.41653e+20
-54.4881  1.3896e+20
-54.3708  1.37577e+20
-54.2535  1.37622e+20
-54.1362  1.39086e+20
-54.0189  1.41813e+20
-53.9016  1.45458e+20
-53.7842  1.49724e+20
-53.6669  1.54225e+20
-53.5496  1.58721e+20
-53.4323  1.62884e+20
-53.315  1.66702e+20
-53.1977  1.69956e+20
-53.0804  1.72737e+20
-52.9631  1.75175e+20
-52.8458  1.77347e+20
-52.7285  1.79389e+20
-52.6112  1.81385e+20
-52.4939  1.83426e+20
-52.3766  1.85531e+20
-52.2593  1.8775e+20
-52.142  1.90112e+20
-52.0247  1.92626e+20
-51.9074  1.95344e+20
-51.7901  1.98279e+20
-51.6728  2.01405e+20
-51.5555  2.04611e+20
-51.4381  2.07555e+20
-51.3208  2.10041e+20
-51.2035  2.11578e+20
-51.0862  2.11916e+20
-50.9689  2.10698e+20
-50.8516  2.07791e+20
-50.7343  2.03435e+20
-50.617  1.97815e+20
-50.4997  1.91384e+20
-50.3824  1.84721e+20
-50.2651  1.78214e+20
-50.1478  1.72402e+20
-50.0305  1.67452e+20
-49.9132  1.63584e+20
-49.7959  1.60829e+20
-49.6786  1.59149e+20
-49.5613  1.58536e+20
-49.444  1.5907e+20
-49.3267  1.60815e+20
-49.2094  1.6379e+20
-49.092  1.68082e+20
-48.9747  1.73548e+20
-48.8574  1.80079e+20
-48.7401  1.874e+20
-48.6228  1.95268e+20
-48.5055  2.03256e+20
-48.3882  2.11118e+20
-48.2709  2.18736e+20
-48.1536  2.25909e+20
-48.0363  2.32628e+20
-47.919  2.38789e+20
-47.8017  2.44403e+20
-47.6844  2.49246e+20
-47.5671  2.53213e+20
-47.4498  2.56066e+20
-47.3325  2.5766e+20
-47.2152  2.57932e+20
-47.0979  2.56966e+20
-46.9806  2.54964e+20
-46.8633  2.52292e+20
-46.7459  2.49306e+20
-46.6286  2.46574e+20
-46.5113  2.44357e+20
-46.394  2.4312e+20
-46.2767  2.42998e+20
-46.1594  2.44039e+20
-46.0421  2.46361e+20
-45.9248  2.49702e+20
-45.8075  2.53842e+20
-45.6902  2.58401e+20
-45.5729  2.62846e+20
-45.4556  2.66595e+20
-45.3383  2.69034e+20
-45.221  2.69576e+20
-45.1037  2.67785e+20
-44.9864  2.63504e+20
-44.8691  2.56769e+20
-44.7518  2.48027e+20
-44.6345  2.37959e+20
-44.5172  2.27384e+20
-44.3998  2.17219e+20
-44.2825  2.08188e+20
-44.1652  2.00964e+20
-44.0479  1.96086e+20
-43.9306  1.93786e+20
-43.8133  1.94156e+20
-43.696  1.97228e+20
-43.5787  2.0307e+20
-43.4614  2.11462e+20
-43.3441  2.22301e+20
-43.2268  2.35194e+20
-43.1095  2.49703e+20
-42.9922  2.64909e+20
-42.8749  2.79907e+20
-42.7576  2.93537e+20
-42.6403  3.04724e+20
-42.523  3.12575e+20
-42.4057  3.16504e+20
-42.2884  3.16344e+20
-42.171  3.12401e+20
-42.0537  3.05351e+20
-41.9364  2.96252e+20
-41.8191  2.8604e+20
-41.7018  2.75979e+20
-41.5845  2.66931e+20
-41.4672  2.5967e+20
-41.3499  2.54832e+20
-41.2326  2.5276e+20
-41.1153  2.53672e+20
-40.998  2.57554e+20
-40.8807  2.64264e+20
-40.7634  2.73344e+20
-40.6461  2.84185e+20
-40.5288  2.95858e+20
-40.4115  3.07263e+20
-40.2942  3.17322e+20
-40.1769  3.24946e+20
-40.0596  3.29286e+20
-39.9423  3.29956e+20
-39.825  3.27029e+20
-39.7076  3.2098e+20
-39.5903  3.12682e+20
-39.473  3.03228e+20
-39.3557  2.93969e+20
-39.2384  2.85946e+20
-39.1211  2.80155e+20
-39.0038  2.7728e+20
-38.8865  2.77775e+20
-38.7692  2.81704e+20
-38.6519  2.89127e+20
-38.5346  2.99766e+20
-38.4173  3.13316e+20
-38.3  3.2914e+20
-38.1827  3.46562e+20
-38.0654  3.64664e+20
-37.9481  3.82387e+20
-37.8308  3.9861e+20
-37.7135  4.12229e+20
-37.5962  4.22309e+20
-37.4789  4.28199e+20
-37.3615  4.29685e+20
-37.2442  4.26965e+20
-37.1269  4.20505e+20
-37.0096  4.11383e+20
-36.8923  4.00574e+20
-36.775  3.8928e+20
-36.6577  3.78557e+20
-36.5404  3.69536e+20
-36.4231  3.62902e+20
-36.3058  3.59267e+20
-36.1885  3.58991e+20
-36.0712  3.622e+20
-35.9539  3.68783e+20
-35.8366  3.78388e+20
-35.7193  3.90458e+20
-35.602  4.04207e+20
-35.4847  4.18893e+20
-35.3674  4.33472e+20
-35.2501  4.47119e+20
-35.1328  4.59237e+20
-35.0154  4.6918e+20
-34.8981  4.76834e+20
-34.7808  4.82064e+20
-34.6635  4.8516e+20
-34.5462  4.86462e+20
-34.4289  4.86498e+20
-34.3116  4.85732e+20
-34.1943  4.84677e+20
-34.077  4.83707e+20
-33.9597  4.83357e+20
-33.8424  4.83863e+20
-33.7251  4.85506e+20
-33.6078  4.88402e+20
-33.4905  4.92577e+20
-33.3732  4.97927e+20
-33.2559  5.04098e+20
-33.1386  5.10704e+20
-33.0213  5.17262e+20
-32.904  5.23282e+20
-32.7867  5.28312e+20
-32.6693  5.32117e+20
-32.552  5.34587e+20
-32.4347  5.35714e+20
-32.3174  5.3586e+20
-32.2001  5.35155e+20
-32.0828  5.3392e+20
-31.9655  5.32226e+20
-31.8482  5.30439e+20
-31.7309  5.28404e+20
-31.6136  5.26192e+20
-31.4963  5.23774e+20
-31.379  5.21206e+20
-31.2617  5.1849e+20
-31.1444  5.15783e+20
-31.0271  5.1332e+20
-30.9098  5.11234e+20
-30.7925  5.10159e+20
-30.6752  5.10295e+20
-30.5579  5.12109e+20
-30.4406  5.16152e+20
-30.3232  5.22604e+20
-30.2059  5.31928e+20
-30.0886  5.44106e+20
-29.9713  5.58976e+20
-29.854  5.76283e+20
-29.7367  5.95502e+20
-29.6194  6.15857e+20
-29.5021  6.36439e+20
-29.3848  6.56413e+20
-29.2675  6.74942e+20
-29.1502  6.91293e+20
-29.0329  7.04792e+20
-28.9156  7.15087e+20
-28.7983  7.21936e+20
-28.681  7.25419e+20
-28.5637  7.25618e+20
-28.4464  7.23092e+20
-28.3291  7.18513e+20
-28.2118  7.12817e+20
-28.0944  7.07004e+20
-27.9771  7.0236e+20
-27.8598  6.99929e+20
-27.7425  7.00632e+20
-27.6252  7.05162e+20
-27.5079  7.13617e+20
-27.3906  7.25835e+20
-27.2733  7.41046e+20
-27.156  7.58531e+20
-27.0387  7.7725e+20
-26.9214  7.96306e+20
-26.8041  8.15068e+20
-26.6868  8.33176e+20
-26.5695  8.50409e+20
-26.4522  8.66822e+20
-26.3349  8.82591e+20
-26.2176  8.97637e+20
-26.1003  9.12441e+20
-25.983  9.26881e+20
-25.8657  9.41106e+20
-25.7483  9.55393e+20
-25.631  9.69735e+20
-25.5137  9.84422e+20
-25.3964  9.99698e+20
-25.2791  1.0153e+21
-25.1618  1.03124e+21
-25.0445  1.04698e+21
-24.9272  1.06189e+21
-24.8099  1.07503e+21
-24.6926  1.08587e+21
-24.5753  1.09363e+21
-24.458  1.09838e+21
-24.3407  1.10006e+21
-24.2234  1.09952e+21
-24.1061  1.0976e+21
-23.9888  1.09576e+21
-23.8715  1.0951e+21
-23.7542  1.09703e+21
-23.6369  1.10261e+21
-23.5196  1.11268e+21
-23.4023  1.12758e+21
-23.2849  1.14771e+21
-23.1676  1.17272e+21
-23.0503  1.20197e+21
-22.933  1.23456e+21
-22.8157  1.26902e+21
-22.6984  1.30377e+21
-22.5811  1.33672e+21
-22.4638  1.36608e+21
-22.3465  1.39036e+21
-22.2292  1.40826e+21
-22.1119  1.4195e+21
-21.9946  1.42448e+21
-21.8773  1.42412e+21
-21.76  1.42003e+21
-21.6427  1.41411e+21
-21.5254  1.40813e+21
-21.4081  1.40424e+21
-21.2908  1.40393e+21
-21.1735  1.40853e+21
-21.0561  1.41922e+21
-20.9388  1.43656e+21
-20.8215  1.46076e+21
-20.7042  1.49225e+21
-20.5869  1.53008e+21
-20.4696  1.5737e+21
-20.3523  1.62138e+21
-20.235  1.67137e+21
-20.1177  1.72125e+21
-20.0004  1.76906e+21
-19.8831  1.81244e+21
-19.7658  1.85058e+21
-19.6485  1.88249e+21
-19.5312  1.90893e+21
-19.4139  1.93093e+21
-19.2966  1.95074e+21
-19.1793  1.97064e+21
-19.062  1.99322e+21
-18.9447  2.02065e+21
-18.8274  2.05483e+21
-18.71  2.09681e+21
-18.5927  2.14758e+21
-18.4754  2.20731e+21
-18.3581  2.27574e+21
-18.2408  2.35281e+21
-18.1235  2.43759e+21
-18.0062  2.52946e+21
-17.8889  2.62715e+21
-17.7716  2.72914e+21
-17.6543  2.83427e+21
-17.537  2.94052e+21
-17.4197  3.04661e+21
-17.3024  3.1514e+21
-17.1851  3.25437e+21
-17.0678  3.35527e+21
-16.9505  3.45471e+21
-16.8332  3.55363e+21
-16.7159  3.65359e+21
-16.5986  3.75604e+21
-16.4813  3.86277e+21
-16.364  3.97515e+21
-16.2466  4.09434e+21
-16.1293  4.22101e+21
-16.012  4.35614e+21
-15.8947  4.49959e+21
-15.7774  4.65191e+21
-15.6601  4.81275e+21
-15.5428  4.98213e+21
-15.4255  5.15961e+21
-15.3082  5.34513e+21
-15.1909  5.53783e+21
-15.0736  5.73786e+21
-14.9563  5.94449e+21
-14.839  6.15757e+21
-14.7217  6.37681e+21
-14.6044  6.60218e+21
-14.4871  6.83381e+21
-14.3698  7.07171e+21
-14.2525  7.31579e+21
-14.1352  7.56637e+21
-14.0178  7.82304e+21
-13.9005  8.08599e+21
-13.7832  8.35488e+21
-13.6659  8.62926e+21
-13.5486  8.90978e+21
-13.4313  9.1952e+21
-13.314  9.4862e+21
-13.1967  9.78266e+21
-13.0794  1.00841e+22
-12.9621  1.03914e+22
-12.8448  1.0704e+22
-12.7275  1.10221e+22
-12.6102  1.13459e+22
-12.4929  1.1676e+22
-12.3756  1.20119e+22
-12.2583  1.2354e+22
-12.141  1.27022e+22
-12.0237  1.3056e+22
-11.9064  1.34149e+22
-11.7891  1.37783e+22
-11.6718  1.41449e+22
-11.5544  1.45135e+22
-11.4371  1.48829e+22
-11.3198  1.5252e+22
-11.2025  1.56194e+22
-11.0852  1.59848e+22
-10.9679  1.63474e+22
-10.8506  1.67075e+22
-10.7333  1.70651e+22
-10.616  1.74215e+22
-10.4987  1.77772e+22
-10.3814  1.81344e+22
-10.2641  1.84946e+22
-10.1468  1.88599e+22
-10.0295  1.92327e+22
-9.91217  1.9615e+22
-9.79487  2.00093e+22
-9.67756  2.04167e+22
-9.56026  2.08384e+22
-9.44295  2.12748e+22
-9.32565  2.17251e+22
-9.20834  2.21881e+22
-9.09104  2.26613e+22
-8.97373  2.31417e+22
-8.85643  2.36266e+22
-8.73913  2.4111e+22
-8.62182  2.45919e+22
-8.50452  2.50656e+22
-8.38721  2.5528e+22
-8.26991  2.59772e+22
-8.1526  2.64104e+22
-8.03529  2.68262e+22
-7.91799  2.72241e+22
-7.80069  2.76051e+22
-7.68338  2.79702e+22
-7.56608  2.83221e+22
-7.44877  2.86637e+22
-7.33146  2.89981e+22
-7.21416  2.93289e+22
-7.09685  2.96599e+22
-6.97955  2.99935e+22
-6.86224  3.03326e+22
-6.74494  3.06791e+22
-6.62763  3.10336e+22
-6.51033  3.13968e+22
-6.39302  3.17682e+22
-6.27572  3.21467e+22
-6.15842  3.25306e+22
-6.04111  3.29177e+22
-5.92381  3.33059e+22
-5.8065  3.36923e+22
-5.68919  3.40748e+22
-5.57189  3.44513e+22
-5.45458  3.48197e+22
-5.33728  3.51792e+22
-5.21997  3.55288e+22
-5.10267  3.58685e+22
-4.98536  3.61979e+22
-4.86806  3.6517e+22
-4.75075  3.68264e+22
-4.63345  3.71258e+22
-4.51614  3.74156e+22
-4.39884  3.76956e+22
-4.28154  3.79663e+22
-4.16423  3.82283e+22
-4.04692  3.84811e+22
-3.92962  3.8726e+22
-3.81231  3.89635e+22
-3.69501  3.91937e+22
-3.5777  3.94173e+22
-3.4604  3.96344e+22
-3.34309  3.9845e+22
-3.22579  4.00492e+22
-3.10849  4.02472e+22
-2.99118  4.04393e+22
-2.87387  4.06262e+22
-2.75657  4.08084e+22
-2.63926  4.09863e+22
-2.52196  4.11601e+22
-2.40465  4.13299e+22
-2.28735  4.14943e+22
-2.17005  4.16523e+22
-2.05274  4.18023e+22
-1.93544  4.19417e+22
-1.81813  4.2069e+22
-1.70083  4.21822e+22
-1.58352  4.22799e+22
-1.46622  4.23614e+22
-1.34891  4.24265e+22
-1.2316  4.24756e+22
-1.1143  4.25094e+22
-0.996995  4.2529e+22
-0.87969  4.25366e+22
-0.762385  4.25337e+22
-0.64508  4.25235e+22
-0.527775  4.25085e+22
-0.41047  4.24919e+22
-0.293165  4.24769e+22
-0.17586  4.24659e+22
-0.058555  4.24611e+22
0.05875  4.24636e+22
0.176055  4.24733e+22
0.29336  4.2489e+22
0.410665  4.25089e+22
0.52797  4.25301e+22
0.645275  4.25496e+22
0.76258  4.25641e+22
0.879885  4.25711e+22
0.99719  4.25677e+22
1.1145  4.25519e+22
1.2318  4.2522e+22
1.3491  4.24768e+22
1.46641  4.24153e+22
1.58371  4.23372e+22
1.70102  4.2243e+22
1.81832  4.21334e+22
1.93563  4.20096e+22
2.05294  4.18735e+22
2.17024  4.17273e+22
2.28754  4.15729e+22
2.40485  4.14119e+22
2.52216  4.1246e+22
2.63946  4.10759e+22
2.75677  4.09018e+22
2.87407  4.07237e+22
2.99137  4.05408e+22
3.10868  4.03525e+22
3.22599  4.01585e+22
3.34329  3.99585e+22
3.4606  3.97522e+22
3.5779  3.95394e+22
3.69521  3.93199e+22
3.81251  3.90939e+22
3.92982  3.88604e+22
4.04712  3.86195e+22
4.16443  3.83705e+22
4.28173  3.81124e+22
4.39903  3.78452e+22
4.51634  3.75685e+22
4.63364  3.72819e+22
4.75095  3.69855e+22
4.86825  3.6679e+22
4.98556  3.63623e+22
5.10286  3.60358e+22
5.22017  3.56982e+22
5.33748  3.5351e+22
5.45478  3.49937e+22
5.57209  3.46273e+22
5.68939  3.42533e+22
5.8067  3.38729e+22
5.924  3.34887e+22
6.0413  3.31032e+22
6.15861  3.27187e+22
6.27591  3.23372e+22
6.39322  3.19614e+22
6.51052  3.15927e+22
6.62783  3.12322e+22
6.74514  3.08801e+22
6.86244  3.05365e+22
6.97975  3.01999e+22
7.09705  2.98684e+22
7.21436  2.95398e+22
7.33166  2.92106e+22
7.44897  2.88778e+22
7.56627  2.85378e+22
7.68358  2.8187e+22
7.80088  2.78227e+22
7.91819  2.74424e+22
8.03549  2.70449e+22
8.1528  2.66294e+22
8.2701  2.61966e+22
8.38741  2.57478e+22
8.50471  2.52852e+22
8.62202  2.48117e+22
8.73932  2.43307e+22
8.85662  2.38463e+22
8.97393  2.33616e+22
9.09123  2.28809e+22
9.20854  2.24078e+22
9.32584  2.19448e+22
9.44315  2.14942e+22
9.56045  2.10576e+22
9.67776  2.06354e+22
9.79506  2.02278e+22
9.91237  1.98325e+22
10.0297  1.94495e+22
10.147  1.90758e+22
10.2643  1.87091e+22
10.3816  1.83478e+22
10.4989  1.79891e+22
10.6162  1.76315e+22
10.7335  1.72735e+22
10.8508  1.69141e+22
10.9681  1.65519e+22
11.0854  1.61872e+22
11.2027  1.58197e+22
11.32  1.54499e+22
11.4373  1.50786e+22
11.5546  1.47069e+22
11.6719  1.43359e+22
11.7893  1.39669e+22
11.9066  1.36012e+22
12.0239  1.32396e+22
12.1412  1.28834e+22
12.2585  1.25328e+22
12.3758  1.2188e+22
12.4931  1.18495e+22
12.6104  1.1517e+22
12.7277  1.11903e+22
12.845  1.08692e+22
12.9623  1.05538e+22
13.0796  1.02438e+22
13.1969  9.93914e+21
13.3142  9.63984e+21
13.4315  9.34561e+21
13.5488  9.05686e+21
13.6661  8.77322e+21
13.7834  8.49528e+21
13.9007  8.22313e+21
14.018  7.95677e+21
14.1354  7.69658e+21
14.2527  7.44272e+21
14.37  7.19506e+21
14.4873  6.95399e+21
14.6046  6.71867e+21
14.7219  6.49002e+21
14.8392  6.26753e+21
14.9565  6.0511e+21
15.0738  5.84148e+21
15.1911  5.63838e+21
15.3084  5.44242e+21
15.4257  5.25403e+21
15.543  5.07373e+21
15.6603  4.90148e+21
15.7776  4.7379e+21
15.8949  4.58295e+21
16.0122  4.43672e+21
16.1295  4.2991e+21
16.2468  4.16975e+21
16.3641  4.048e+21
16.4815  3.93306e+21
16.5988  3.82374e+21
16.7161  3.71855e+21
16.8334  3.6161e+21
16.9507  3.51445e+21
17.068  3.41246e+21
17.1853  3.30904e+21
17.3026  3.2037e+21
17.4199  3.0963e+21
17.5372  2.98769e+21
17.6545  2.87914e+21
17.7718  2.7721e+21
17.8891  2.6679e+21
18.0064  2.56842e+21
18.1237  2.47474e+21
18.241  2.38814e+21
18.3583  2.30939e+21
18.4756  2.23933e+21
18.5929  2.17818e+21
18.7102  2.12591e+21
18.8275  2.08253e+21
18.9449  2.04716e+21
19.0622  2.01836e+21
19.1795  1.99455e+21
19.2968  1.97317e+21
19.4141  1.95206e+21
19.5314  1.92871e+21
19.6487  1.90088e+21
19.766  1.86773e+21
19.8833  1.82844e+21
20.0006  1.78376e+21
20.1179  1.73492e+21
20.2352  1.68415e+21
20.3525  1.63344e+21
20.4698  1.58508e+21
20.5871  1.54103e+21
20.7044  1.50268e+21
20.8217  1.47105e+21
20.939  1.44645e+21
21.0563  1.42888e+21
21.1736  1.41801e+21
21.291  1.41307e+21
21.4083  1.41319e+21
21.5256  1.41697e+21
21.6429  1.42249e+21
21.7602  1.42819e+21
21.8775  1.43198e+21
21.9948  1.43204e+21
22.1121  1.42657e+21
22.2294  1.41473e+21
22.3467  1.3964e+21
22.464  1.37193e+21
22.5813  1.34218e+21
22.6986  1.30908e+21
22.8159  1.27427e+21
22.9332  1.23969e+21
23.0505  1.20707e+21
23.1678  1.1779e+21
23.2851  1.15309e+21
23.4024  1.13315e+21
23.5198  1.11844e+21
23.6371  1.10871e+21
23.7544  1.10333e+21
23.8717  1.10163e+21
23.989  1.10236e+21
24.1063  1.10435e+21
24.2236  1.10634e+21
24.3409  1.10686e+21
24.4582  1.10522e+21
24.5755  1.10048e+21
24.6928  1.09261e+21
24.8101  1.08168e+21
24.9274  1.06849e+21
25.0447  1.0536e+21
25.162  1.03784e+21
25.2793  1.02196e+21
25.3966  1.00628e+21
25.5139  9.91165e+20
25.6312  9.76495e+20
25.7485  9.6211e+20
25.8658  9.4789e+20
25.9832  9.33512e+20
26.1005  9.19105e+20
26.2178  9.04388e+20
26.3351  8.89092e+20
26.4524  8.73348e+20
26.5697  8.56855e+20
26.687  8.39568e+20
26.8043  8.21324e+20
26.9216  8.02338e+20
27.0389  7.83185e+20
27.1562  7.64472e+20
27.2735  7.46933e+20
27.3908  7.31686e+20
27.5081  7.19537e+20
27.6254  7.11104e+20
27.7427  7.06611e+20
27.86  7.05908e+20
27.9773  7.08377e+20
28.0946  7.13028e+20
28.212  7.18805e+20
28.3293  7.24464e+20
28.4466  7.28895e+20
28.5639  7.31267e+20
28.6812  7.30817e+20
28.7985  7.2712e+20
28.9158  7.20013e+20
29.0331  7.094e+20
29.1504  6.95703e+20
29.2677  6.79086e+20
29.385  6.60329e+20
29.5023  6.40061e+20
29.6196  6.19304e+20
29.7369  5.98809e+20
29.8542  5.79464e+20
29.9715  5.6207e+20
30.0888  5.47025e+20
30.2061  5.34866e+20
30.3234  5.25566e+20
30.4407  5.19003e+20
30.558  5.15007e+20
30.6754  5.13029e+20
30.7927  5.1289e+20
30.91  5.13995e+20
31.0273  5.15856e+20
31.1446  5.18297e+20
31.2619  5.20907e+20
31.3792  5.23512e+20
31.4965  5.25973e+20
31.6138  5.28205e+20
31.7311  5.30311e+20
31.8484  5.32248e+20
31.9657  5.33983e+20
32.083  5.35519e+20
32.2003  5.36717e+20
32.3176  5.37352e+20
32.4349  5.37156e+20
32.5522  5.35878e+20
32.6695  5.33339e+20
32.7868  5.29484e+20
32.9042  5.24441e+20
33.0215  5.18391e+20
33.1388  5.11823e+20
33.2561  5.05207e+20
33.3734  4.99059e+20
33.4907  4.93732e+20
33.608  4.89582e+20
33.7253  4.86685e+20
33.8426  4.85133e+20
33.9599  4.84633e+20
34.0772  4.85037e+20
34.1945  4.85938e+20
34.3118  4.87067e+20
34.4291  4.87845e+20
34.5464  4.87821e+20
34.6637  4.86502e+20
34.781  4.83312e+20
34.8983  4.78042e+20
35.0156  4.70407e+20
35.1329  4.60406e+20
35.2503  4.48323e+20
35.3676  4.34569e+20
35.4849  4.20005e+20
35.6022  4.05443e+20
35.7195  3.9168e+20
35.8368  3.79725e+20
35.9541  3.70254e+20
36.0714  3.63784e+20
36.1887  3.60701e+20
36.306  3.61095e+20
36.4233  3.64869e+20
36.5406  3.71624e+20
36.6579  3.80758e+20
36.7752  3.91523e+20
36.8925  4.02874e+20
37.0098  4.1369e+20
37.1271  4.22797e+20
37.2444  4.29077e+20
37.3617  4.31653e+20
37.479  4.30008e+20
37.5964  4.23971e+20
37.7137  4.13712e+20
37.831  3.99944e+20
37.9483  3.83612e+20
38.0656  3.6581e+20
38.1829  3.4766e+20
38.3002  3.30229e+20
38.4175  3.144e+20
38.5348  3.00962e+20
38.6521  2.90369e+20
38.7694  2.83064e+20
38.8867  2.79204e+20
39.004  2.78893e+20
39.1213  2.81889e+20
39.2386  2.8781e+20
39.3559  2.9592e+20
39.4732  3.05216e+20
39.5905  3.14615e+20
39.7078  3.22883e+20
39.8251  3.28859e+20
39.9425  3.31659e+20
40.0598  3.3079e+20
40.1771  3.26231e+20
40.2944  3.18478e+20
40.4117  3.08288e+20
40.529  2.96735e+20
40.6463  2.8503e+20
40.7636  2.74166e+20
40.8809  2.65076e+20
40.9982  2.58422e+20
41.1155  2.54607e+20
41.2328  2.53787e+20
41.3501  2.55924e+20
41.4674  2.60867e+20
41.5847  2.6819e+20
41.702  2.77303e+20
41.8193  2.87444e+20
41.9366  2.97565e+20
42.0539  3.06622e+20
42.1712  3.13536e+20
42.2885  3.17368e+20
42.4059  3.17325e+20
42.5232  3.13201e+20
42.6405  3.05174e+20
42.7578  2.93816e+20
42.8751  2.80066e+20
42.9924  2.64946e+20
43.1097  2.49644e+20
43.227  2.35177e+20
43.3443  2.2225e+20
43.4616  2.11479e+20
43.5789  2.03119e+20
43.6962  1.97422e+20
43.8135  1.94392e+20
43.9308  1.94145e+20
44.0481  1.96592e+20
44.1654  2.01572e+20
44.2827  2.08859e+20
44.4  2.17975e+20
44.5173  2.28236e+20
44.6347  2.38828e+20
44.752  2.48884e+20
44.8693  2.57545e+20
44.9866  2.64183e+20
45.1039  2.68419e+20
45.2212  2.70064e+20
45.3385  2.69471e+20
45.4558  2.66994e+20
45.5731  2.63182e+20
45.6904  2.58722e+20
45.8077  2.54226e+20
45.925  2.50133e+20
46.0423  2.4682e+20
46.1596  2.44593e+20
46.2769  2.43593e+20
46.3942  2.43787e+20
46.5115  2.45146e+20
46.6288  2.47368e+20
46.7461  2.50161e+20
46.8634  2.53131e+20
46.9808  2.55866e+20
47.0981  2.57825e+20
47.2154  2.58766e+20
47.3327  2.58434e+20
47.45  2.56811e+20
47.5673  2.53938e+20
47.6846  2.49877e+20
47.8019  2.44959e+20
47.9192  2.39355e+20
48.0365  2.33125e+20
48.1538  2.26409e+20
48.2711  2.19186e+20
48.3884  2.11602e+20
48.5057  2.03643e+20
48.623  1.95671e+20
48.7403  1.87874e+20
48.8576  1.80553e+20
48.9749  1.74054e+20
49.0922  1.68616e+20
49.2095  1.64396e+20
49.3269  1.61443e+20
49.4442  1.5977e+20
49.5615  1.59266e+20
49.6788  1.59868e+20
49.7961  1.61599e+20
49.9134  1.64385e+20
50.0307  1.68296e+20
50.148  1.7327e+20
50.2653  1.79113e+20
50.3826  1.85577e+20
50.4999  1.92296e+20
50.6172  1.98691e+20
50.7345  2.04264e+20
50.8518  2.08593e+20
50.9691  2.11386e+20
51.0864  2.1256e+20
51.2037  2.1221e+20
51.321  2.10624e+20
51.4383  2.08121e+20
51.5556  2.05119e+20
51.673  2.01975e+20
51.7903  1.98822e+20
51.9076  1.95876e+20
52.0249  1.93113e+20
52.1422  1.9061e+20
52.2595  1.88271e+20
52.3768  1.85997e+20
52.4941  1.83835e+20
52.6114  1.81796e+20
52.7287  1.79753e+20
52.846  1.77701e+20
52.9633  1.75472e+20
53.0806  1.73036e+20
53.1979  1.70126e+20
53.3152  1.66825e+20
53.4325  1.63041e+20
53.5498  1.58804e+20
53.6671  1.54312e+20
53.7844  1.49795e+20
53.9017  1.45543e+20
54.0191  1.419e+20
54.1364  1.39238e+20
54.2537  1.37833e+20
54.371  1.37814e+20
54.4883  1.39248e+20
54.6056  1.42014e+20
54.7229  1.4582e+20
54.8402  1.50274e+20
54.9575  1.54839e+20
55.0748  1.59053e+20
55.1921  1.62523e+20
55.3094  1.64895e+20
55.4267  1.66048e+20
55.544  1.66067e+20
55.6613  1.6513e+20
55.7786  1.63544e+20
55.8959  1.61609e+20
56.0132  1.59577e+20
56.1305  1.5762e+20
56.2478  1.55876e+20
56.3651  1.54384e+20
56.4825  1.53202e+20
56.5998  1.52444e+20
56.7171  1.52245e+20
56.8344  1.52849e+20
56.9517  1.54379e+20
57.069  1.56984e+20
57.1863  1.60525e+20
57.3036  1.64856e+20
57.4209  1.69423e+20
57.5382  1.73697e+20
57.6555  1.77022e+20
57.7728  1.78905e+20
57.8901  1.7884e+20
58.0074  1.76835e+20
58.1247  1.72981e+20
58.242  1.67595e+20
58.3593  1.61159e+20
58.4766  1.54208e+20
58.5939  1.47141e+20
