#S 1 spectral density
#N 2
#UFWHM 24.1648
#L  abscissas [um]  spectral density
-58.5938  1.45678e+20
-58.4764  1.43092e+20
-58.3591  1.40377e+20
-58.2418  1.37227e+20
-58.1245  1.33448e+20
-58.0072  1.29149e+20
-57.8899  1.24654e+20
-57.7726  1.20571e+20
-57.6553  1.17757e+20
-57.538  1.17079e+20
-57.4207  1.19213e+20
-57.3034  1.24524e+20
-57.1861  1.32901e+20
-57.0688  1.43648e+20
-56.9515  1.55695e+20
-56.8342  1.67537e+20
-56.7169  1.77757e+20
-56.5996  1.85146e+20
-56.4823  1.89033e+20
-56.365  1.89235e+20
-56.2477  1.86381e+20
-56.1303  1.81396e+20
-56.013  1.75652e+20
-55.8957  1.70412e+20
-55.7784  1.66798e+20
-55.6611  1.6533e+20
-55.5438  1.66098e+20
-55.4265  1.68804e+20
-55.3092  1.72663e+20
-55.1919  1.7676e+20
-55.0746  1.80279e+20
-54.9573  1.82437e+20
-54.84  1.8285e+20
-54.7227  1.81334e+20
-54.6054  1.78049e+20
-54.4881  1.73339e+20
-54.3708  1.67568e+20
-54.2535  1.61252e+20
-54.1362  1.54768e+20
-54.0189  1.48442e+20
-53.9016  1.4245e+20
-53.7842  1.36958e+20
-53.6669  1.32009e+20
-53.5496  1.27666e+20
-53.4323  1.23957e+20
-53.315  1.2097e+20
-53.1977  1.18802e+20
-53.0804  1.17515e+20
-52.9631  1.17223e+20
-52.8458  1.17962e+20
-52.7285  1.19696e+20
-52.6112  1.22306e+20
-52.4939  1.25578e+20
-52.3766  1.29329e+20
-52.2593  1.3335e+20
-52.142  1.37541e+20
-52.0247  1.41911e+20
-51.9074  1.46561e+20
-51.7901  1.51723e+20
-51.6728  1.5777e+20
-51.5555  1.64933e+20
-51.4381  1.73365e+20
-51.3208  1.831e+20
-51.2035  1.93852e+20
-51.0862  2.05243e+20
-50.9689  2.1654e+20
-50.8516  2.2701e+20
-50.7343  2.35791e+20
-50.617  2.42078e+20
-50.4997  2.45218e+20
-50.3824  2.44662e+20
-50.2651  2.40155e+20
-50.1478  2.31808e+20
-50.0305  2.19864e+20
-49.9132  2.05123e+20
-49.7959  1.88411e+20
-49.6786  1.7087e+20
-49.5613  1.53676e+20
-49.444  1.37972e+20
-49.3267  1.24619e+20
-49.2094  1.14241e+20
-49.092  1.0705e+20
-48.9747  1.02937e+20
-48.8574  1.01542e+20
-48.7401  1.02301e+20
-48.6228  1.04712e+20
-48.5055  1.08368e+20
-48.3882  1.13046e+20
-48.2709  1.18653e+20
-48.1536  1.25239e+20
-48.0363  1.32697e+20
-47.919  1.40914e+20
-47.8017  1.4945e+20
-47.6844  1.57751e+20
-47.5671  1.64995e+20
-47.4498  1.70529e+20
-47.3325  1.73721e+20
-47.2152  1.74339e+20
-47.0979  1.72521e+20
-46.9806  1.68794e+20
-46.8633  1.6404e+20
-46.7459  1.59327e+20
-46.6286  1.55794e+20
-46.5113  1.54409e+20
-46.394  1.56045e+20
-46.2767  1.61149e+20
-46.1594  1.69868e+20
-46.0421  1.81888e+20
-45.9248  1.96629e+20
-45.8075  2.13039e+20
-45.6902  2.29692e+20
-45.5729  2.45127e+20
-45.4556  2.57634e+20
-45.3383  2.65768e+20
-45.221  2.68295e+20
-45.1037  2.64542e+20
-44.9864  2.5467e+20
-44.8691  2.3951e+20
-44.7518  2.20495e+20
-44.6345  1.99632e+20
-44.5172  1.79e+20
-44.3998  1.60523e+20
-44.2825  1.45474e+20
-44.1652  1.347e+20
-44.0479  1.28287e+20
-43.9306  1.25668e+20
-43.8133  1.26062e+20
-43.696  1.28548e+20
-43.5787  1.32413e+20
-43.4614  1.37127e+20
-43.3441  1.42666e+20
-43.2268  1.49159e+20
-43.1095  1.56963e+20
-42.9922  1.66216e+20
-42.8749  1.77061e+20
-42.7576  1.89296e+20
-42.6403  2.02631e+20
-42.523  2.16616e+20
-42.4057  2.30851e+20
-42.2884  2.45014e+20
-42.171  2.58917e+20
-42.0537  2.72473e+20
-41.9364  2.85609e+20
-41.8191  2.97977e+20
-41.7018  3.09189e+20
-41.5845  3.18551e+20
-41.4672  3.25249e+20
-41.3499  3.28604e+20
-41.2326  3.27854e+20
-41.1153  3.22813e+20
-40.998  3.13599e+20
-40.8807  3.00708e+20
-40.7634  2.85116e+20
-40.6461  2.67934e+20
-40.5288  2.50255e+20
-40.4115  2.33037e+20
-40.2942  2.17198e+20
-40.1769  2.03056e+20
-40.0596  1.90936e+20
-39.9423  1.80896e+20
-39.825  1.72902e+20
-39.7076  1.66908e+20
-39.5903  1.62752e+20
-39.473  1.60359e+20
-39.3557  1.59732e+20
-39.2384  1.60728e+20
-39.1211  1.63254e+20
-39.0038  1.67432e+20
-38.8865  1.73368e+20
-38.7692  1.81336e+20
-38.6519  1.91887e+20
-38.5346  2.05533e+20
-38.4173  2.22795e+20
-38.3  2.4393e+20
-38.1827  2.68882e+20
-38.0654  2.97036e+20
-37.9481  3.27272e+20
-37.8308  3.58007e+20
-37.7135  3.8738e+20
-37.5962  4.13452e+20
-37.4789  4.34562e+20
-37.3615  4.49644e+20
-37.2442  4.5814e+20
-37.1269  4.60472e+20
-37.0096  4.57358e+20
-36.8923  4.50382e+20
-36.775  4.41301e+20
-36.6577  4.31936e+20
-36.5404  4.23823e+20
-36.4231  4.18126e+20
-36.3058  4.1564e+20
-36.1885  4.16514e+20
-36.0712  4.205e+20
-35.9539  4.26804e+20
-35.8366  4.34535e+20
-35.7193  4.42697e+20
-35.602  4.5024e+20
-35.4847  4.56272e+20
-35.3674  4.60393e+20
-35.2501  4.624e+20
-35.1328  4.625e+20
-35.0154  4.61328e+20
-34.8981  4.59685e+20
-34.7808  4.58335e+20
-34.6635  4.57773e+20
-34.5462  4.58482e+20
-34.4289  4.60217e+20
-34.3116  4.62554e+20
-34.1943  4.64594e+20
-34.077  4.65561e+20
-33.9597  4.64575e+20
-33.8424  4.61141e+20
-33.7251  4.54996e+20
-33.6078  4.46661e+20
-33.4905  4.36917e+20
-33.3732  4.26975e+20
-33.2559  4.18276e+20
-33.1386  4.12339e+20
-33.0213  4.10451e+20
-32.904  4.13574e+20
-32.7867  4.22496e+20
-32.6693  4.37363e+20
-32.552  4.57812e+20
-32.4347  4.83387e+20
-32.3174  5.12609e+20
-32.2001  5.44261e+20
-32.0828  5.76473e+20
-31.9655  6.07304e+20
-31.8482  6.3499e+20
-31.7309  6.57628e+20
-31.6136  6.73929e+20
-31.4963  6.82965e+20
-31.379  6.8448e+20
-31.2617  6.78704e+20
-31.1444  6.66466e+20
-31.0271  6.49245e+20
-30.9098  6.28603e+20
-30.7925  6.06562e+20
-30.6752  5.84908e+20
-30.5579  5.65273e+20
-30.4406  5.49033e+20
-30.3232  5.37299e+20
-30.2059  5.30714e+20
-30.0886  5.2931e+20
-29.9713  5.3279e+20
-29.854  5.40582e+20
-29.7367  5.51869e+20
-29.6194  5.65548e+20
-29.5021  5.80424e+20
-29.3848  5.95529e+20
-29.2675  6.10113e+20
-29.1502  6.23179e+20
-29.0329  6.34326e+20
-28.9156  6.43134e+20
-28.7983  6.49361e+20
-28.681  6.5286e+20
-28.5637  6.53544e+20
-28.4464  6.51531e+20
-28.3291  6.46981e+20
-28.2118  6.40259e+20
-28.0944  6.3222e+20
-27.9771  6.23492e+20
-27.8598  6.15209e+20
-27.7425  6.08841e+20
-27.6252  6.05641e+20
-27.5079  6.07332e+20
-27.3906  6.153e+20
-27.2733  6.3105e+20
-27.156  6.56092e+20
-27.0387  6.91069e+20
-26.9214  7.36667e+20
-26.8041  7.92574e+20
-26.6868  8.57788e+20
-26.5695  9.30135e+20
-26.4522  1.00672e+21
-26.3349  1.08393e+21
-26.2176  1.1577e+21
-26.1003  1.22419e+21
-25.983  1.2799e+21
-25.8657  1.32248e+21
-25.7483  1.35107e+21
-25.631  1.36624e+21
-25.5137  1.37014e+21
-25.3964  1.36537e+21
-25.2791  1.35587e+21
-25.1618  1.3449e+21
-25.0445  1.33565e+21
-24.9272  1.3302e+21
-24.8099  1.32964e+21
-24.6926  1.33388e+21
-24.5753  1.34248e+21
-24.458  1.35348e+21
-24.3407  1.36552e+21
-24.2234  1.37666e+21
-24.1061  1.38545e+21
-23.9888  1.39075e+21
-23.8715  1.39199e+21
-23.7542  1.38937e+21
-23.6369  1.38378e+21
-23.5196  1.37681e+21
-23.4023  1.37085e+21
-23.2849  1.36843e+21
-23.1676  1.37243e+21
-23.0503  1.38534e+21
-22.933  1.40888e+21
-22.8157  1.44392e+21
-22.6984  1.48987e+21
-22.5811  1.54539e+21
-22.4638  1.6083e+21
-22.3465  1.67578e+21
-22.2292  1.74558e+21
-22.1119  1.81581e+21
-21.9946  1.88534e+21
-21.8773  1.95431e+21
-21.76  2.02364e+21
-21.6427  2.09502e+21
-21.5254  2.17045e+21
-21.4081  2.25205e+21
-21.2908  2.34157e+21
-21.1735  2.44038e+21
-21.0561  2.54954e+21
-20.9388  2.66912e+21
-20.8215  2.79911e+21
-20.7042  2.93835e+21
-20.5869  3.08528e+21
-20.4696  3.23716e+21
-20.3523  3.39094e+21
-20.235  3.54234e+21
-20.1177  3.68738e+21
-20.0004  3.82205e+21
-19.8831  3.94309e+21
-19.7658  4.04851e+21
-19.6485  4.13855e+21
-19.5312  4.21536e+21
-19.4139  4.28251e+21
-19.2966  4.34526e+21
-19.1793  4.40973e+21
-19.062  4.48156e+21
-18.9447  4.56579e+21
-18.8274  4.66599e+21
-18.71  4.784e+21
-18.5927  4.91977e+21
-18.4754  5.0719e+21
-18.3581  5.2375e+21
-18.2408  5.41379e+21
-18.1235  5.59696e+21
-18.0062  5.7838e+21
-17.8889  5.97181e+21
-17.7716  6.1592e+21
-17.6543  6.34514e+21
-17.537  6.52965e+21
-17.4197  6.71344e+21
-17.3024  6.89784e+21
-17.1851  7.08481e+21
-17.0678  7.27605e+21
-16.9505  7.47347e+21
-16.8332  7.67807e+21
-16.7159  7.89064e+21
-16.5986  8.11085e+21
-16.4813  8.33801e+21
-16.364  8.57077e+21
-16.2466  8.80689e+21
-16.1293  9.04478e+21
-16.012  9.28292e+21
-15.8947  9.5203e+21
-15.7774  9.75671e+21
-15.6601  9.99289e+21
-15.5428  1.02297e+22
-15.4255  1.04687e+22
-15.3082  1.07115e+22
-15.1909  1.09591e+22
-15.0736  1.12119e+22
-14.9563  1.14697e+22
-14.839  1.17318e+22
-14.7217  1.19962e+22
-14.6044  1.22604e+22
-14.4871  1.25222e+22
-14.3698  1.27787e+22
-14.2525  1.30275e+22
-14.1352  1.32672e+22
-14.0178  1.3497e+22
-13.9005  1.3717e+22
-13.7832  1.39287e+22
-13.6659  1.41342e+22
-13.5486  1.43376e+22
-13.4313  1.45414e+22
-13.314  1.47498e+22
-13.1967  1.49662e+22
-13.0794  1.51932e+22
-12.9621  1.54327e+22
-12.8448  1.56852e+22
-12.7275  1.59492e+22
-12.6102  1.62232e+22
-12.4929  1.65041e+22
-12.3756  1.67876e+22
-12.2583  1.70702e+22
-12.141  1.73476e+22
-12.0237  1.76162e+22
-11.9064  1.78736e+22
-11.7891  1.81189e+22
-11.6718  1.83523e+22
-11.5544  1.85757e+22
-11.4371  1.87926e+22
-11.3198  1.90071e+22
-11.2025  1.92243e+22
-11.0852  1.94495e+22
-10.9679  1.96868e+22
-10.8506  1.99395e+22
-10.7333  2.02082e+22
-10.616  2.04926e+22
-10.4987  2.07895e+22
-10.3814  2.10944e+22
-10.2641  2.14011e+22
-10.1468  2.17036e+22
-10.0295  2.19955e+22
-9.91217  2.22716e+22
-9.79487  2.25289e+22
-9.67756  2.27657e+22
-9.56026  2.29823e+22
-9.44295  2.31819e+22
-9.32565  2.33689e+22
-9.20834  2.35484e+22
-9.09104  2.37264e+22
-8.97373  2.39081e+22
-8.85643  2.40995e+22
-8.73913  2.43022e+22
-8.62182  2.45188e+22
-8.50452  2.47487e+22
-8.38721  2.49895e+22
-8.26991  2.52376e+22
-8.1526  2.54879e+22
-8.03529  2.57345e+22
-7.91799  2.59723e+22
-7.80069  2.61972e+22
-7.68338  2.64051e+22
-7.56608  2.65948e+22
-7.44877  2.67668e+22
-7.33146  2.69228e+22
-7.21416  2.70663e+22
-7.09685  2.72023e+22
-6.97955  2.73351e+22
-6.86224  2.74703e+22
-6.74494  2.76122e+22
-6.62763  2.77631e+22
-6.51033  2.79247e+22
-6.39302  2.80968e+22
-6.27572  2.82773e+22
-6.15842  2.8463e+22
-6.04111  2.86493e+22
-5.92381  2.88316e+22
-5.8065  2.90058e+22
-5.68919  2.91687e+22
-5.57189  2.93191e+22
-5.45458  2.94567e+22
-5.33728  2.95851e+22
-5.21997  2.97087e+22
-5.10267  2.98344e+22
-4.98536  2.99697e+22
-4.86806  3.01225e+22
-4.75075  3.03004e+22
-4.63345  3.05092e+22
-4.51614  3.07535e+22
-4.39884  3.10342e+22
-4.28154  3.13498e+22
-4.16423  3.16961e+22
-4.04692  3.2065e+22
-3.92962  3.24471e+22
-3.81231  3.28306e+22
-3.69501  3.32023e+22
-3.5777  3.35496e+22
-3.4604  3.38607e+22
-3.34309  3.41259e+22
-3.22579  3.43385e+22
-3.10849  3.44967e+22
-2.99118  3.46012e+22
-2.87387  3.46573e+22
-2.75657  3.46734e+22
-2.63926  3.46595e+22
-2.52196  3.46267e+22
-2.40465  3.45857e+22
-2.28735  3.45449e+22
-2.17005  3.45114e+22
-2.05274  3.44894e+22
-1.93544  3.44792e+22
-1.81813  3.44802e+22
-1.70083  3.44887e+22
-1.58352  3.45002e+22
-1.46622  3.45094e+22
-1.34891  3.45109e+22
-1.2316  3.45001e+22
-1.1143  3.44738e+22
-0.996995  3.443e+22
-0.87969  3.43696e+22
-0.762385  3.4294e+22
-0.64508  3.42088e+22
-0.527775  3.41202e+22
-0.41047  3.40357e+22
-0.293165  3.39631e+22
-0.17586  3.39097e+22
-0.058555  3.3881e+22
0.05875  3.38795e+22
0.176055  3.39058e+22
0.29336  3.39565e+22
0.410665  3.40267e+22
0.52797  3.41084e+22
0.645275  3.41945e+22
0.76258  3.42772e+22
0.879885  3.43503e+22
0.99719  3.44088e+22
1.1145  3.44506e+22
1.2318  3.44749e+22
1.3491  3.44839e+22
1.46641  3.44805e+22
1.58371  3.44694e+22
1.70102  3.4456e+22
1.81832  3.44454e+22
1.93563  3.44422e+22
2.05294  3.44495e+22
2.17024  3.44691e+22
2.28754  3.44996e+22
2.40485  3.45369e+22
2.52216  3.45742e+22
2.63946  3.46031e+22
2.75677  3.46126e+22
2.87407  3.45923e+22
2.99137  3.45316e+22
3.10868  3.44225e+22
3.22599  3.42602e+22
3.34329  3.40431e+22
3.4606  3.37742e+22
3.5779  3.34598e+22
3.69521  3.31097e+22
3.81251  3.27357e+22
3.92982  3.23501e+22
4.04712  3.19661e+22
4.16443  3.15957e+22
4.28173  3.12481e+22
4.39903  3.09311e+22
4.51634  3.06492e+22
4.63364  3.04038e+22
4.75095  3.01932e+22
4.86825  3.00135e+22
4.98556  2.98584e+22
5.10286  2.97213e+22
5.22017  2.95929e+22
5.33748  2.94667e+22
5.45478  2.93359e+22
5.57209  2.91956e+22
5.68939  2.9043e+22
5.8067  2.88779e+22
5.924  2.87015e+22
6.0413  2.85176e+22
6.15861  2.833e+22
6.27591  2.81433e+22
6.39322  2.79621e+22
6.51052  2.77894e+22
6.62783  2.76273e+22
6.74514  2.7476e+22
6.86244  2.73341e+22
6.97975  2.71986e+22
7.09705  2.70651e+22
7.21436  2.69288e+22
7.33166  2.67843e+22
7.44897  2.66273e+22
7.56627  2.64542e+22
7.68358  2.6263e+22
7.80088  2.60536e+22
7.91819  2.58272e+22
8.03549  2.55875e+22
8.1528  2.53392e+22
8.2701  2.50873e+22
8.38741  2.48378e+22
8.50471  2.45954e+22
8.62202  2.43641e+22
8.73932  2.4146e+22
8.85662  2.3942e+22
8.97393  2.37496e+22
9.09123  2.35662e+22
9.20854  2.33871e+22
9.32584  2.32062e+22
9.44315  2.30179e+22
9.56045  2.28166e+22
9.67776  2.25982e+22
9.79506  2.236e+22
9.91237  2.21008e+22
10.0297  2.1823e+22
10.147  2.15297e+22
10.2643  2.12255e+22
10.3816  2.09174e+22
10.4989  2.06111e+22
10.6162  2.03127e+22
10.7335  2.00271e+22
10.8508  1.97574e+22
10.9681  1.95039e+22
11.0854  1.92658e+22
11.2027  1.90399e+22
11.32  1.8822e+22
11.4373  1.86072e+22
11.5546  1.83904e+22
11.6719  1.81669e+22
11.7893  1.79338e+22
11.9066  1.76892e+22
12.0239  1.74323e+22
12.1412  1.71647e+22
12.2585  1.68885e+22
12.3758  1.66073e+22
12.4931  1.6325e+22
12.6104  1.60456e+22
12.7277  1.57731e+22
12.845  1.55102e+22
12.9623  1.52593e+22
13.0796  1.5021e+22
13.1969  1.47948e+22
13.3142  1.45795e+22
13.4315  1.4372e+22
13.5488  1.4169e+22
13.6661  1.39667e+22
13.7834  1.37618e+22
13.9007  1.3551e+22
14.018  1.33316e+22
14.1354  1.31027e+22
14.2527  1.28639e+22
14.37  1.26161e+22
14.4873  1.23608e+22
14.6046  1.21e+22
14.7219  1.18371e+22
14.8392  1.15742e+22
14.9565  1.13133e+22
15.0738  1.10571e+22
15.1911  1.08054e+22
15.3084  1.05594e+22
15.4257  1.03181e+22
15.543  1.00807e+22
15.6603  9.84517e+21
15.7776  9.61061e+21
15.8949  9.37567e+21
16.0122  9.13988e+21
16.1295  8.90357e+21
16.2468  8.66757e+21
16.3641  8.43308e+21
16.4815  8.20255e+21
16.5988  7.97745e+21
16.7161  7.75919e+21
16.8334  7.54885e+21
16.9507  7.3465e+21
17.068  7.15143e+21
17.1853  6.96239e+21
17.3026  6.77771e+21
17.4199  6.5955e+21
17.5372  6.41387e+21
17.6545  6.23172e+21
17.7718  6.04803e+21
17.8891  5.86261e+21
18.0064  5.67704e+21
18.1237  5.49251e+21
18.241  5.31164e+21
18.3583  5.13782e+21
18.4756  4.97443e+21
18.5929  4.82469e+21
18.7102  4.69109e+21
18.8275  4.57539e+21
18.9449  4.47727e+21
19.0622  4.395e+21
19.1795  4.32496e+21
19.2968  4.26213e+21
19.4141  4.20085e+21
19.5314  4.13508e+21
19.6487  4.05963e+21
19.766  3.97099e+21
19.8833  3.86681e+21
20.0006  3.74754e+21
20.1179  3.61476e+21
20.2352  3.47183e+21
20.3525  3.32255e+21
20.4698  3.17126e+21
20.5871  3.02182e+21
20.7044  2.87743e+21
20.8217  2.74072e+21
20.939  2.61328e+21
21.0563  2.49597e+21
21.1736  2.38923e+21
21.291  2.29253e+21
21.4083  2.20513e+21
21.5256  2.12553e+21
21.6429  2.05197e+21
21.7602  1.9823e+21
21.8775  1.91465e+21
21.9948  1.84721e+21
22.1121  1.77925e+21
22.2294  1.71059e+21
22.3467  1.64232e+21
22.464  1.57626e+21
22.5813  1.51488e+21
22.6986  1.46083e+21
22.8159  1.41642e+21
22.9332  1.38286e+21
23.0505  1.36069e+21
23.1678  1.34896e+21
23.2851  1.34597e+21
23.4024  1.34932e+21
23.5198  1.35614e+21
23.6371  1.36373e+21
23.7544  1.36997e+21
23.8717  1.37311e+21
23.989  1.37253e+21
24.1063  1.36779e+21
24.2236  1.35965e+21
24.3409  1.34924e+21
24.4582  1.33794e+21
24.5755  1.32768e+21
24.6928  1.3201e+21
24.8101  1.31666e+21
24.9274  1.31807e+21
25.0447  1.32435e+21
25.162  1.33439e+21
25.2793  1.34598e+21
25.3966  1.35596e+21
25.5139  1.36089e+21
25.6312  1.35726e+21
25.7485  1.34218e+21
25.8658  1.31361e+21
25.9832  1.27097e+21
26.1005  1.21533e+21
26.2178  1.14901e+21
26.3351  1.07541e+21
26.4524  9.98516e+20
26.5697  9.22358e+20
26.687  8.50485e+20
26.8043  7.86058e+20
26.9216  7.30824e+20
27.0389  6.8579e+20
27.1562  6.51381e+20
27.2735  6.27046e+20
27.3908  6.11664e+20
27.5081  6.04127e+20
27.6254  6.02873e+20
27.7427  6.06347e+20
27.86  6.12978e+20
27.9773  6.21303e+20
28.0946  6.30192e+20
28.212  6.38294e+20
28.3293  6.44879e+20
28.4466  6.49392e+20
28.5639  6.51237e+20
28.6812  6.50514e+20
28.7985  6.46828e+20
28.9158  6.40455e+20
29.0331  6.31642e+20
29.1504  6.20273e+20
29.2677  6.0721e+20
29.385  5.9267e+20
29.5023  5.77516e+20
29.6196  5.62624e+20
29.7369  5.49105e+20
29.8542  5.38046e+20
29.9715  5.304e+20
30.0888  5.27039e+20
30.2061  5.28615e+20
30.3234  5.35386e+20
30.4407  5.47188e+20
30.558  5.63473e+20
30.6754  5.83129e+20
30.7927  6.04757e+20
30.91  6.26737e+20
31.0273  6.47116e+20
31.1446  6.64143e+20
31.2619  6.76002e+20
31.3792  6.81534e+20
31.4965  6.79792e+20
31.6138  6.70548e+20
31.7311  6.53927e+20
31.8484  6.31168e+20
31.9657  6.03492e+20
32.083  5.72573e+20
32.2003  5.40404e+20
32.3176  5.08902e+20
32.4349  4.79723e+20
32.5522  4.54431e+20
32.6695  4.3413e+20
32.7868  4.19564e+20
32.9042  4.10773e+20
33.0215  4.07826e+20
33.1388  4.09849e+20
33.2561  4.15901e+20
33.3734  4.24621e+20
33.4907  4.34522e+20
33.608  4.4424e+20
33.7253  4.52589e+20
33.8426  4.58544e+20
33.9599  4.61966e+20
34.0772  4.62843e+20
34.1945  4.61854e+20
34.3118  4.59699e+20
34.4291  4.57351e+20
34.5464  4.55626e+20
34.6637  4.55004e+20
34.781  4.55509e+20
34.8983  4.56892e+20
35.0156  4.58512e+20
35.1329  4.59616e+20
35.2503  4.59425e+20
35.3676  4.57384e+20
35.4849  4.53239e+20
35.6022  4.47203e+20
35.7195  4.39697e+20
35.8368  4.31595e+20
35.9541  4.23915e+20
36.0714  4.17716e+20
36.1887  4.13853e+20
36.306  4.13172e+20
36.4233  4.15781e+20
36.5406  4.21563e+20
36.6579  4.29727e+20
36.7752  4.39137e+20
36.8925  4.48086e+20
37.0098  4.54922e+20
37.1271  4.57813e+20
37.2444  4.55348e+20
37.3617  4.46627e+20
37.479  4.31397e+20
37.5964  4.10132e+20
37.7137  3.84037e+20
37.831  3.54663e+20
37.9483  3.24043e+20
38.0656  2.93917e+20
38.1829  2.65998e+20
38.3002  2.41277e+20
38.4175  2.20345e+20
38.5348  2.03318e+20
38.6521  1.8987e+20
38.7694  1.79503e+20
38.8867  1.71642e+20
39.004  1.65831e+20
39.1213  1.61763e+20
39.2386  1.59333e+20
39.3559  1.58473e+20
39.4732  1.59234e+20
39.5905  1.61676e+20
39.7078  1.65939e+20
39.8251  1.72087e+20
39.9425  1.80175e+20
40.0598  1.90312e+20
40.1771  2.02508e+20
40.2944  2.16734e+20
40.4117  2.32702e+20
40.529  2.49868e+20
40.6463  2.67609e+20
40.7636  2.848e+20
40.8809  3.00296e+20
40.9982  3.13075e+20
41.1155  3.22224e+20
41.2328  3.27157e+20
41.3501  3.27754e+20
41.4674  3.24342e+20
41.5847  3.17565e+20
41.702  3.08163e+20
41.8193  2.96993e+20
41.9366  2.84613e+20
42.0539  2.7153e+20
42.1712  2.57979e+20
42.2885  2.44103e+20
42.4059  2.29945e+20
42.5232  2.15732e+20
42.6405  2.0179e+20
42.7578  1.88509e+20
42.8751  1.76316e+20
42.9924  1.65531e+20
43.1097  1.56325e+20
43.227  1.4859e+20
43.3443  1.42141e+20
43.4616  1.36636e+20
43.5789  1.31922e+20
43.6962  1.28114e+20
43.8135  1.25683e+20
43.9308  1.25395e+20
44.0481  1.28081e+20
44.1654  1.34627e+20
44.2827  1.45517e+20
44.4  1.60665e+20
44.5173  1.79283e+20
44.6347  1.99952e+20
44.752  2.20758e+20
44.8693  2.39607e+20
44.9866  2.54609e+20
45.1039  2.64283e+20
45.2212  2.67751e+20
45.3385  2.65038e+20
45.4558  2.56738e+20
45.5731  2.44106e+20
45.6904  2.28617e+20
45.8077  2.1191e+20
45.925  1.95566e+20
46.0423  1.80953e+20
46.1596  1.69037e+20
46.2769  1.60443e+20
46.3942  1.55485e+20
46.5115  1.5398e+20
46.6288  1.55417e+20
46.7461  1.59016e+20
46.8634  1.63757e+20
46.9808  1.68482e+20
47.0981  1.72129e+20
47.2154  1.73899e+20
47.3327  1.73162e+20
47.45  1.69867e+20
47.5673  1.64241e+20
47.6846  1.56942e+20
47.8019  1.48623e+20
47.9192  1.40067e+20
48.0365  1.31858e+20
48.1538  1.244e+20
48.2711  1.17869e+20
48.3884  1.12298e+20
48.5057  1.07682e+20
48.623  1.04063e+20
48.7403  1.01709e+20
48.8576  1.01063e+20
48.9749  1.02576e+20
49.0922  1.06799e+20
49.2095  1.14142e+20
49.3269  1.24645e+20
49.4442  1.38119e+20
49.5615  1.53923e+20
49.6788  1.71163e+20
49.7961  1.88667e+20
49.9134  2.05348e+20
50.0307  2.20019e+20
50.148  2.31758e+20
50.2653  2.39993e+20
50.3826  2.44293e+20
50.4999  2.44678e+20
50.6172  2.41394e+20
50.7345  2.34982e+20
50.8518  2.26108e+20
50.9691  2.15574e+20
51.0864  2.04278e+20
51.2037  1.92894e+20
51.321  1.82178e+20
51.4383  1.72492e+20
51.5556  1.64077e+20
51.673  1.56986e+20
51.7903  1.50968e+20
51.9076  1.45802e+20
52.0249  1.41145e+20
52.1422  1.36807e+20
52.2595  1.32639e+20
52.3768  1.28607e+20
52.4941  1.2488e+20
52.6114  1.21628e+20
52.7287  1.1907e+20
52.846  1.17394e+20
52.9633  1.16706e+20
53.0806  1.17026e+20
53.1979  1.18324e+20
53.3152  1.20533e+20
53.4325  1.23529e+20
53.5498  1.27257e+20
53.6671  1.31618e+20
53.7844  1.36543e+20
53.9017  1.42024e+20
54.0191  1.48008e+20
54.1364  1.54346e+20
54.2537  1.60822e+20
54.371  1.67084e+20
54.4883  1.72819e+20
54.6056  1.7751e+20
54.7229  1.80729e+20
54.8402  1.82223e+20
54.9575  1.81792e+20
55.0748  1.79601e+20
55.1921  1.76144e+20
55.3094  1.72062e+20
55.4267  1.68276e+20
55.544  1.65658e+20
55.6613  1.64993e+20
55.7786  1.66561e+20
55.8959  1.70296e+20
56.0132  1.75575e+20
56.1305  1.81322e+20
56.2478  1.86209e+20
56.3651  1.89012e+20
56.4825  1.88628e+20
56.5998  1.8464e+20
56.7171  1.77112e+20
56.8344  1.668e+20
56.9517  1.54901e+20
57.069  1.42821e+20
57.1863  1.32142e+20
57.3036  1.23827e+20
57.4209  1.1858e+20
57.5382  1.16568e+20
57.6555  1.17318e+20
57.7728  1.20198e+20
57.8901  1.24282e+20
58.0074  1.28786e+20
58.1247  1.33082e+20
58.242  1.3682e+20
58.3593  1.39981e+20
58.4766  1.42704e+20
58.5939  1.45289e+20
