#S 1 spectral density
#N 2
#UFWHM 24.1648
#L  abscissas [um]  spectral density
-58.5938  1.48663e+20
-58.4764  1.46692e+20
-58.3591  1.44631e+20
-58.2418  1.42123e+20
-58.1245  1.38919e+20
-58.0072  1.35058e+20
-57.8899  1.308e+20
-57.7726  1.267e+20
-57.6553  1.23585e+20
-57.538  1.22312e+20
-57.4207  1.23581e+20
-57.3034  1.27805e+20
-57.1861  1.34941e+20
-57.0688  1.44374e+20
-56.9515  1.55111e+20
-56.8342  1.65718e+20
-56.7169  1.74824e+20
-56.5996  1.81251e+20
-56.4823  1.84332e+20
-56.365  1.8387e+20
-56.2477  1.80472e+20
-56.1303  1.75046e+20
-56.013  1.6895e+20
-55.8957  1.63453e+20
-55.7784  1.59697e+20
-55.6611  1.58242e+20
-55.5438  1.59221e+20
-55.4265  1.62373e+20
-55.3092  1.66935e+20
-55.1919  1.71989e+20
-55.0746  1.7668e+20
-54.9573  1.80161e+20
-54.84  1.81945e+20
-54.7227  1.81736e+20
-54.6054  1.79575e+20
-54.4881  1.75703e+20
-54.3708  1.70406e+20
-54.2535  1.64161e+20
-54.1362  1.57345e+20
-54.0189  1.5033e+20
-53.9016  1.43369e+20
-53.7842  1.36741e+20
-53.6669  1.30593e+20
-53.5496  1.25106e+20
-53.4323  1.20405e+20
-53.315  1.16651e+20
-53.1977  1.13985e+20
-53.0804  1.12483e+20
-52.9631  1.12243e+20
-52.8458  1.13272e+20
-52.7285  1.15485e+20
-52.6112  1.18709e+20
-52.4939  1.22683e+20
-52.3766  1.27175e+20
-52.2593  1.31938e+20
-52.142  1.36835e+20
-52.0247  1.41852e+20
-51.9074  1.47058e+20
-51.7901  1.52659e+20
-51.6728  1.58997e+20
-51.5555  1.66273e+20
-51.4381  1.74609e+20
-51.3208  1.8402e+20
-51.2035  1.94211e+20
-51.0862  2.04815e+20
-50.9689  2.15131e+20
-50.8516  2.24478e+20
-50.7343  2.3207e+20
-50.617  2.3719e+20
-50.4997  2.39279e+20
-50.3824  2.37877e+20
-50.2651  2.32807e+20
-50.1478  2.24234e+20
-50.0305  2.12432e+20
-49.9132  1.98202e+20
-49.7959  1.82348e+20
-49.6786  1.6596e+20
-49.5613  1.50152e+20
-49.444  1.35989e+20
-49.3267  1.2425e+20
-49.2094  1.15474e+20
-49.092  1.09796e+20
-48.9747  1.0703e+20
-48.8574  1.06751e+20
-48.7401  1.0834e+20
-48.6228  1.11259e+20
-48.5055  1.15076e+20
-48.3882  1.19577e+20
-48.2709  1.2469e+20
-48.1536  1.3052e+20
-48.0363  1.3703e+20
-47.919  1.44196e+20
-47.8017  1.51669e+20
-47.6844  1.58985e+20
-47.5671  1.65389e+20
-47.4498  1.70275e+20
-47.3325  1.73018e+20
-47.2152  1.73367e+20
-47.0979  1.714e+20
-46.9806  1.67571e+20
-46.8633  1.6268e+20
-46.7459  1.5772e+20
-46.6286  1.53777e+20
-46.5113  1.51802e+20
-46.394  1.52687e+20
-46.2767  1.56939e+20
-46.1594  1.64795e+20
-46.0421  1.76052e+20
-45.9248  1.90239e+20
-45.8075  2.064e+20
-45.6902  2.23175e+20
-45.5729  2.3912e+20
-45.4556  2.52504e+20
-45.3383  2.61803e+20
-45.221  2.65672e+20
-45.1037  2.63301e+20
-44.9864  2.54706e+20
-44.8691  2.40583e+20
-44.7518  2.22262e+20
-44.6345  2.01686e+20
-44.5172  1.80918e+20
-44.3998  1.61923e+20
-44.2825  1.46058e+20
-44.1652  1.34285e+20
-44.0479  1.26828e+20
-43.9306  1.2325e+20
-43.8133  1.22889e+20
-43.696  1.24905e+20
-43.5787  1.2862e+20
-43.4614  1.33494e+20
-43.3441  1.39446e+20
-43.2268  1.46515e+20
-43.1095  1.54945e+20
-42.9922  1.64759e+20
-42.8749  1.75997e+20
-42.7576  1.8838e+20
-42.6403  2.0158e+20
-42.523  2.15151e+20
-42.4057  2.28733e+20
-42.2884  2.42077e+20
-42.171  2.55087e+20
-42.0537  2.6777e+20
-41.9364  2.8014e+20
-41.8191  2.91916e+20
-41.7018  3.02757e+20
-41.5845  3.11975e+20
-41.4672  3.18745e+20
-41.3499  3.2235e+20
-41.2326  3.21979e+20
-41.1153  3.17389e+20
-40.998  3.08644e+20
-40.8807  2.96194e+20
-40.7634  2.80983e+20
-40.6461  2.64107e+20
-40.5288  2.4666e+20
-40.4115  2.29619e+20
-40.2942  2.13928e+20
-40.1769  1.99948e+20
-40.0596  1.88043e+20
-39.9423  1.78317e+20
-39.825  1.70766e+20
-39.7076  1.6536e+20
-39.5903  1.6193e+20
-39.473  1.60373e+20
-39.3557  1.6064e+20
-39.2384  1.62508e+20
-39.1211  1.65792e+20
-39.0038  1.70516e+20
-38.8865  1.76702e+20
-38.7692  1.84551e+20
-38.6519  1.94586e+20
-38.5346  2.07331e+20
-38.4173  2.23362e+20
-38.3  2.43034e+20
-38.1827  2.66418e+20
-38.0654  2.93039e+20
-37.9481  3.21911e+20
-37.8308  3.51563e+20
-37.7135  3.80206e+20
-37.5962  4.05925e+20
-37.4789  4.27036e+20
-37.3615  4.42402e+20
-37.2442  4.51372e+20
-37.1269  4.54255e+20
-37.0096  4.51668e+20
-36.8923  4.45116e+20
-36.775  4.36314e+20
-36.6577  4.27084e+20
-36.5404  4.19006e+20
-36.4231  4.13313e+20
-36.3058  4.1089e+20
-36.1885  4.11976e+20
-36.0712  4.16387e+20
-35.9539  4.23366e+20
-35.8366  4.32006e+20
-35.7193  4.41261e+20
-35.602  4.49974e+20
-35.4847  4.57131e+20
-35.3674  4.62194e+20
-35.2501  4.64832e+20
-35.1328  4.65155e+20
-35.0154  4.63751e+20
-34.8981  4.6143e+20
-34.7808  4.5902e+20
-34.6635  4.57139e+20
-34.5462  4.56426e+20
-34.4289  4.56809e+20
-34.3116  4.58029e+20
-34.1943  4.59313e+20
-34.077  4.59961e+20
-33.9597  4.59099e+20
-33.8424  4.5617e+20
-33.7251  4.5078e+20
-33.6078  4.43279e+20
-33.4905  4.34249e+20
-33.3732  4.24706e+20
-33.2559  4.15933e+20
-33.1386  4.09342e+20
-33.0213  4.06195e+20
-32.904  4.07504e+20
-32.7867  4.14176e+20
-32.6693  4.26562e+20
-32.552  4.44523e+20
-32.4347  4.67855e+20
-32.3174  4.95315e+20
-32.2001  5.2588e+20
-32.0828  5.5782e+20
-31.9655  5.89255e+20
-31.8482  6.18394e+20
-31.7309  6.43242e+20
-31.6136  6.62337e+20
-31.4963  6.74541e+20
-31.379  6.79356e+20
-31.2617  6.76775e+20
-31.1444  6.67406e+20
-31.0271  6.52555e+20
-30.9098  6.33667e+20
-30.7925  6.12712e+20
-30.6752  5.91491e+20
-30.5579  5.71705e+20
-30.4406  5.54843e+20
-30.3232  5.42153e+20
-30.2059  5.34418e+20
-30.0886  5.31797e+20
-29.9713  5.34083e+20
-29.854  5.40762e+20
-29.7367  5.51029e+20
-29.6194  5.63758e+20
-29.5021  5.77701e+20
-29.3848  5.91831e+20
-29.2675  6.05346e+20
-29.1502  6.17218e+20
-29.0329  6.27048e+20
-28.9156  6.34464e+20
-28.7983  6.39309e+20
-28.681  6.41555e+20
-28.5637  6.41252e+20
-28.4464  6.38652e+20
-28.3291  6.34035e+20
-28.2118  6.27841e+20
-28.0944  6.20935e+20
-27.9771  6.13905e+20
-27.8598  6.07765e+20
-27.7425  6.03817e+20
-27.6252  6.03095e+20
-27.5079  6.07088e+20
-27.3906  6.16958e+20
-27.2733  6.34006e+20
-27.156  6.59615e+20
-27.0387  6.94353e+20
-26.9214  7.38925e+20
-26.8041  7.93105e+20
-26.6868  8.56045e+20
-26.5695  9.25761e+20
-26.4522  9.9957e+20
-26.3349  1.07404e+21
-26.2176  1.14529e+21
-26.1003  1.20956e+21
-25.983  1.26342e+21
-25.8657  1.30449e+21
-25.7483  1.33189e+21
-25.631  1.34611e+21
-25.5137  1.34923e+21
-25.3964  1.34382e+21
-25.2791  1.33378e+21
-25.1618  1.32244e+21
-25.0445  1.31305e+21
-24.9272  1.30779e+21
-24.8099  1.30785e+21
-24.6926  1.31321e+21
-24.5753  1.32347e+21
-24.458  1.33663e+21
-24.3407  1.35122e+21
-24.2234  1.3651e+21
-24.1061  1.37656e+21
-23.9888  1.38417e+21
-23.8715  1.38708e+21
-23.7542  1.38522e+21
-23.6369  1.37927e+21
-23.5196  1.37075e+21
-23.4023  1.36205e+21
-23.2849  1.35583e+21
-23.1676  1.35525e+21
-23.0503  1.36309e+21
-22.933  1.38147e+21
-22.8157  1.41166e+21
-22.6984  1.45339e+21
-22.5811  1.50561e+21
-22.4638  1.56628e+21
-22.3465  1.63257e+21
-22.2292  1.70211e+21
-22.1119  1.77275e+21
-21.9946  1.843e+21
-21.8773  1.91261e+21
-21.76  1.98208e+21
-21.6427  2.0528e+21
-21.5254  2.12652e+21
-21.4081  2.20534e+21
-21.2908  2.2911e+21
-21.1735  2.38549e+21
-21.0561  2.48999e+21
-20.9388  2.60522e+21
-20.8215  2.73174e+21
-20.7042  2.86892e+21
-20.5869  3.0156e+21
-20.4696  3.16929e+21
-20.3523  3.32695e+21
-20.235  3.48407e+21
-20.1177  3.63622e+21
-20.0004  3.77874e+21
-19.8831  3.90759e+21
-19.7658  4.01995e+21
-19.6485  4.1153e+21
-19.5312  4.19513e+21
-19.4139  4.2626e+21
-19.2966  4.32281e+21
-19.1793  4.38202e+21
-19.062  4.44631e+21
-18.9447  4.52138e+21
-18.8274  4.6117e+21
-18.71  4.72006e+21
-18.5927  4.84738e+21
-18.4754  4.99312e+21
-18.3581  5.15504e+21
-18.2408  5.33072e+21
-18.1235  5.51645e+21
-18.0062  5.70874e+21
-17.8889  5.90457e+21
-17.7716  6.10139e+21
-17.6543  6.29743e+21
-17.537  6.49182e+21
-17.4197  6.68438e+21
-17.3024  6.87575e+21
-17.1851  7.06739e+21
-17.0678  7.26081e+21
-16.9505  7.45801e+21
-16.8332  7.66031e+21
-16.7159  7.86901e+21
-16.5986  8.08442e+21
-16.4813  8.30649e+21
-16.364  8.53449e+21
-16.2466  8.7666e+21
-16.1293  9.00153e+21
-16.012  9.2378e+21
-15.8947  9.47429e+21
-15.7774  9.71046e+21
-15.6601  9.94663e+21
-15.5428  1.01832e+22
-15.4255  1.04213e+22
-15.3082  1.06622e+22
-15.1909  1.09066e+22
-15.0736  1.11551e+22
-14.9563  1.14076e+22
-14.839  1.16638e+22
-14.7217  1.19221e+22
-14.6044  1.21807e+22
-14.4871  1.2438e+22
-14.3698  1.26917e+22
-14.2525  1.29397e+22
-14.1352  1.31811e+22
-14.0178  1.34152e+22
-13.9005  1.36417e+22
-13.7832  1.38623e+22
-13.6659  1.40783e+22
-13.5486  1.42935e+22
-13.4313  1.45096e+22
-13.314  1.47305e+22
-13.1967  1.49589e+22
-13.0794  1.51971e+22
-12.9621  1.54466e+22
-12.8448  1.57077e+22
-12.7275  1.59791e+22
-12.6102  1.62591e+22
-12.4929  1.65447e+22
-12.3756  1.68317e+22
-12.2583  1.71167e+22
-12.141  1.73953e+22
-12.0237  1.76638e+22
-11.9064  1.79199e+22
-11.7891  1.81624e+22
-11.6718  1.83914e+22
-11.5544  1.86087e+22
-11.4371  1.88176e+22
-11.3198  1.90227e+22
-11.2025  1.92291e+22
-11.0852  1.94425e+22
-10.9679  1.96675e+22
-10.8506  1.99081e+22
-10.7333  2.01658e+22
-10.616  2.04407e+22
-10.4987  2.07304e+22
-10.3814  2.1031e+22
-10.2641  2.13367e+22
-10.1468  2.16416e+22
-10.0295  2.19392e+22
-9.91217  2.2224e+22
-9.79487  2.24924e+22
-9.67756  2.2742e+22
-9.56026  2.29725e+22
-9.44295  2.31862e+22
-9.32565  2.33864e+22
-9.20834  2.35781e+22
-9.09104  2.37663e+22
-8.97373  2.39562e+22
-8.85643  2.41536e+22
-8.73913  2.43601e+22
-8.62182  2.45786e+22
-8.50452  2.48089e+22
-8.38721  2.5049e+22
-8.26991  2.52957e+22
-8.1526  2.55443e+22
-8.03529  2.57892e+22
-7.91799  2.60256e+22
-7.80069  2.62492e+22
-7.68338  2.64561e+22
-7.56608  2.66449e+22
-7.44877  2.68158e+22
-7.33146  2.69703e+22
-7.21416  2.71118e+22
-7.09685  2.72448e+22
-6.97955  2.73739e+22
-6.86224  2.75045e+22
-6.74494  2.7641e+22
-6.62763  2.7786e+22
-6.51033  2.79417e+22
-6.39302  2.8108e+22
-6.27572  2.82835e+22
-6.15842  2.84653e+22
-6.04111  2.86494e+22
-5.92381  2.88313e+22
-5.8065  2.90072e+22
-5.68919  2.9174e+22
-5.57189  2.93303e+22
-5.45458  2.94758e+22
-5.33728  2.96138e+22
-5.21997  2.97481e+22
-5.10267  2.98853e+22
-4.98536  3.00321e+22
-4.86806  3.01962e+22
-4.75075  3.03844e+22
-4.63345  3.06021e+22
-4.51614  3.08535e+22
-4.39884  3.1139e+22
-4.28154  3.14572e+22
-4.16423  3.18034e+22
-4.04692  3.21699e+22
-3.92962  3.25473e+22
-3.81231  3.2924e+22
-3.69501  3.32874e+22
-3.5777  3.36251e+22
-3.4604  3.3926e+22
-3.34309  3.41809e+22
-3.22579  3.43837e+22
-3.10849  3.45329e+22
-2.99118  3.46301e+22
-2.87387  3.46806e+22
-2.75657  3.46932e+22
-2.63926  3.46782e+22
-2.52196  3.46467e+22
-2.40465  3.46094e+22
-2.28735  3.45743e+22
-2.17005  3.45485e+22
-2.05274  3.45356e+22
-1.93544  3.45356e+22
-1.81813  3.45473e+22
-1.70083  3.45664e+22
-1.58352  3.45881e+22
-1.46622  3.46066e+22
-1.34891  3.46162e+22
-1.2316  3.4612e+22
-1.1143  3.45907e+22
-0.996995  3.45505e+22
-0.87969  3.44921e+22
-0.762385  3.44172e+22
-0.64508  3.43318e+22
-0.527775  3.42425e+22
-0.41047  3.41568e+22
-0.293165  3.4083e+22
-0.17586  3.40287e+22
-0.058555  3.39995e+22
0.05875  3.39979e+22
0.176055  3.40247e+22
0.29336  3.40762e+22
0.410665  3.41475e+22
0.52797  3.42303e+22
0.645275  3.43172e+22
0.76258  3.43999e+22
0.879885  3.44723e+22
0.99719  3.45287e+22
1.1145  3.4567e+22
1.2318  3.45863e+22
1.3491  3.45887e+22
1.46641  3.45773e+22
1.58371  3.45569e+22
1.70102  3.45333e+22
1.81832  3.45121e+22
1.93563  3.44983e+22
2.05294  3.44955e+22
2.17024  3.4506e+22
2.28754  3.45289e+22
2.40485  3.45605e+22
2.52216  3.45942e+22
2.63946  3.46219e+22
2.75677  3.46325e+22
2.87407  3.46157e+22
2.99137  3.45606e+22
3.10868  3.44589e+22
3.22599  3.43054e+22
3.34329  3.40982e+22
3.4606  3.38395e+22
3.5779  3.35353e+22
3.69521  3.31946e+22
3.81251  3.28289e+22
3.92982  3.245e+22
4.04712  3.20706e+22
4.16443  3.17026e+22
4.28173  3.1355e+22
4.39903  3.10353e+22
4.51634  3.07484e+22
4.63364  3.04959e+22
4.75095  3.02763e+22
4.86825  3.00863e+22
4.98556  2.99199e+22
5.10286  2.97712e+22
5.22017  2.96314e+22
5.33748  2.94945e+22
5.45478  2.93541e+22
5.57209  2.9206e+22
5.68939  2.90475e+22
5.8067  2.88786e+22
5.924  2.87006e+22
6.0413  2.85171e+22
6.15861  2.83319e+22
6.27591  2.81491e+22
6.39322  2.79729e+22
6.51052  2.7806e+22
6.62783  2.76499e+22
6.74514  2.75045e+22
6.86244  2.7368e+22
6.97975  2.72371e+22
7.09705  2.71073e+22
7.21436  2.69738e+22
7.33166  2.68313e+22
7.44897  2.66758e+22
7.56627  2.65037e+22
7.68358  2.63134e+22
7.80088  2.61048e+22
7.91819  2.58797e+22
8.03549  2.56414e+22
8.1528  2.53948e+22
8.2701  2.51445e+22
8.38741  2.48965e+22
8.50471  2.46548e+22
8.62202  2.44232e+22
8.73932  2.42031e+22
8.85662  2.39953e+22
8.97393  2.3797e+22
9.09123  2.36055e+22
9.20854  2.34161e+22
9.32584  2.32232e+22
9.44315  2.30215e+22
9.56045  2.28063e+22
9.67776  2.25742e+22
9.79506  2.23232e+22
9.91237  2.20529e+22
10.0297  2.17665e+22
10.147  2.14675e+22
10.2643  2.1161e+22
10.3816  2.08539e+22
10.4989  2.05519e+22
10.6162  2.02607e+22
10.7335  1.99846e+22
10.8508  1.9726e+22
10.9681  1.94844e+22
11.0854  1.92585e+22
11.2027  1.90444e+22
11.32  1.88373e+22
11.4373  1.86319e+22
11.5546  1.84228e+22
11.6719  1.82054e+22
11.7893  1.79767e+22
11.9066  1.77349e+22
12.0239  1.74792e+22
12.1412  1.72116e+22
12.2585  1.69343e+22
12.3758  1.66507e+22
12.4931  1.63649e+22
12.6104  1.60808e+22
12.7277  1.58023e+22
12.845  1.55321e+22
12.9623  1.52725e+22
13.0796  1.50243e+22
13.1969  1.4787e+22
13.3142  1.45598e+22
13.4315  1.43399e+22
13.5488  1.41246e+22
13.6661  1.39106e+22
13.7834  1.36952e+22
13.9007  1.34756e+22
14.018  1.32496e+22
14.1354  1.30167e+22
14.2527  1.27761e+22
14.37  1.25291e+22
14.4873  1.22767e+22
14.6046  1.20204e+22
14.7219  1.17632e+22
14.8392  1.15063e+22
14.9565  1.12514e+22
15.0738  1.10004e+22
15.1911  1.07531e+22
15.3084  1.05102e+22
15.4257  1.02709e+22
15.543  1.00344e+22
15.6603  9.79915e+21
15.7776  9.56465e+21
15.8949  9.33e+21
16.0122  9.09516e+21
16.1295  8.86074e+21
16.2468  8.62772e+21
16.3641  8.39723e+21
16.4815  8.17145e+21
16.5988  7.95138e+21
16.7161  7.73787e+21
16.8334  7.5313e+21
16.9507  7.33117e+21
17.068  7.13624e+21
17.1853  6.94494e+21
17.3026  6.75554e+21
17.4199  6.56636e+21
17.5372  6.37598e+21
17.6545  6.18402e+21
17.7718  5.9903e+21
17.8891  5.79559e+21
18.0064  5.60235e+21
18.1237  5.41251e+21
18.241  5.22924e+21
18.3583  5.05616e+21
18.4756  4.89657e+21
18.5929  4.7533e+21
18.7102  4.62819e+21
18.8275  4.52214e+21
18.9449  4.43387e+21
19.0622  4.3607e+21
19.1795  4.29813e+21
19.2968  4.24047e+21
19.4141  4.18165e+21
19.5314  4.11548e+21
19.6487  4.03694e+21
19.766  3.94298e+21
19.8833  3.83185e+21
20.0006  3.70479e+21
20.1179  3.56421e+21
20.2352  3.41423e+21
20.3525  3.2593e+21
20.4698  3.1042e+21
20.5871  2.95301e+21
20.7044  2.80892e+21
20.8217  2.67431e+21
20.939  2.55035e+21
21.0563  2.4374e+21
21.1736  2.33529e+21
21.291  2.24298e+21
21.4083  2.15929e+21
21.5256  2.08244e+21
21.6429  2.01053e+21
21.7602  1.9415e+21
21.8775  1.87368e+21
21.9948  1.80561e+21
22.1121  1.73692e+21
22.2294  1.66787e+21
22.3467  1.59986e+21
22.464  1.53501e+21
22.5813  1.4759e+21
22.6986  1.42515e+21
22.8159  1.38494e+21
22.9332  1.35622e+21
23.0505  1.33917e+21
23.1678  1.33246e+21
23.2851  1.33401e+21
23.4024  1.3411e+21
23.5198  1.3506e+21
23.6371  1.35969e+21
23.7544  1.36622e+21
23.8717  1.36857e+21
23.989  1.36629e+21
24.1063  1.35922e+21
24.2236  1.3484e+21
24.3409  1.33526e+21
24.4582  1.32142e+21
24.5755  1.30902e+21
24.6928  1.29979e+21
24.8101  1.29524e+21
24.9274  1.29604e+21
25.0447  1.30214e+21
25.162  1.31234e+21
25.2793  1.32429e+21
25.3966  1.3348e+21
25.5139  1.34038e+21
25.6312  1.33752e+21
25.7485  1.32339e+21
25.8658  1.296e+21
25.9832  1.25485e+21
26.1005  1.20106e+21
26.2178  1.13694e+21
26.3351  1.06585e+21
26.4524  9.9167e+20
26.5697  9.18261e+20
26.687  8.48985e+20
26.8043  7.86793e+20
26.9216  7.33243e+20
27.0389  6.89193e+20
27.1562  6.54983e+20
27.2735  6.3005e+20
27.3908  6.1334e+20
27.5081  6.03884e+20
27.6254  6.00319e+20
27.7427  6.01315e+20
27.86  6.05534e+20
27.9773  6.11728e+20
28.0946  6.18935e+20
28.212  6.25918e+20
28.3293  6.31992e+20
28.4466  6.36585e+20
28.5639  6.39025e+20
28.6812  6.3929e+20
28.7985  6.36857e+20
28.9158  6.31863e+20
29.0331  6.24435e+20
29.1504  6.14375e+20
29.2677  6.02499e+20
29.385  5.89019e+20
29.5023  5.74833e+20
29.6196  5.60868e+20
29.7369  5.48293e+20
29.8542  5.38247e+20
29.9715  5.31706e+20
30.0888  5.29529e+20
30.2061  5.32312e+20
30.3234  5.40218e+20
30.4407  5.52957e+20
30.558  5.69843e+20
30.6754  5.89629e+20
30.7927  6.10804e+20
30.91  6.31684e+20
31.0273  6.50296e+20
31.1446  6.64947e+20
31.2619  6.73938e+20
31.3792  6.76283e+20
31.4965  6.71255e+20
31.6138  6.58862e+20
31.7311  6.3947e+20
31.8484  6.14532e+20
31.9657  5.85426e+20
32.083  5.53933e+20
32.2003  5.22057e+20
32.3176  4.91653e+20
32.4349  4.64246e+20
32.5522  4.41198e+20
32.6695  4.23379e+20
32.7868  4.11285e+20
32.9042  4.04725e+20
33.0215  4.03578e+20
33.1388  4.06842e+20
33.2561  4.13535e+20
33.3734  4.22318e+20
33.4907  4.31817e+20
33.608  4.40827e+20
33.7253  4.48352e+20
33.8426  4.53568e+20
33.9599  4.56505e+20
34.0772  4.57278e+20
34.1945  4.56628e+20
34.3118  4.55245e+20
34.4291  4.54027e+20
34.5464  4.53658e+20
34.6637  4.54458e+20
34.781  4.56273e+20
34.8983  4.58705e+20
35.0156  4.60991e+20
35.1329  4.62311e+20
35.2503  4.61883e+20
35.3676  4.592e+20
35.4849  4.54106e+20
35.6022  4.46942e+20
35.7195  4.38266e+20
35.8368  4.29075e+20
35.9541  4.2049e+20
36.0714  4.13622e+20
36.1887  4.09338e+20
36.306  4.08449e+20
36.4233  4.10997e+20
36.5406  4.16773e+20
36.6579  4.24902e+20
36.7752  4.34176e+20
36.8925  4.42844e+20
37.0098  4.49259e+20
37.1271  4.51627e+20
37.2444  4.48618e+20
37.3617  4.39434e+20
37.479  4.2393e+20
37.5964  4.02676e+20
37.7137  3.76945e+20
37.831  3.48309e+20
37.9483  3.18775e+20
38.0656  2.90012e+20
38.1829  2.63621e+20
38.3002  2.40454e+20
38.4175  2.20967e+20
38.5348  2.05154e+20
38.6521  1.92589e+20
38.7694  1.82722e+20
38.8867  1.74964e+20
39.004  1.68899e+20
39.1213  1.64278e+20
39.2386  1.61091e+20
39.3559  1.59362e+20
39.4732  1.59236e+20
39.5905  1.60849e+20
39.7078  1.64393e+20
39.8251  1.69962e+20
39.9425  1.77614e+20
40.0598  1.87442e+20
40.1771  1.99424e+20
40.2944  2.13487e+20
40.4117  2.29306e+20
40.529  2.46294e+20
40.6463  2.63802e+20
40.7636  2.80686e+20
40.8809  2.95799e+20
40.9982  3.08138e+20
41.1155  3.16821e+20
41.2328  3.21306e+20
41.3501  3.21528e+20
41.4674  3.17872e+20
41.5847  3.11029e+20
41.702  3.01776e+20
41.8193  2.90985e+20
41.9366  2.792e+20
42.0539  2.66885e+20
42.1712  2.54206e+20
42.2885  2.41218e+20
42.4059  2.27871e+20
42.5232  2.143e+20
42.6405  2.00759e+20
42.7578  1.87599e+20
42.8751  1.75247e+20
42.9924  1.6406e+20
43.1097  1.54287e+20
43.227  1.45923e+20
43.3443  1.389e+20
43.4616  1.32988e+20
43.5789  1.28122e+20
43.6962  1.24475e+20
43.8135  1.22529e+20
43.9308  1.23002e+20
44.0481  1.26649e+20
44.1654  1.34245e+20
44.2827  1.46132e+20
44.4  1.6209e+20
44.5173  1.81216e+20
44.6347  2.02008e+20
44.752  2.22516e+20
44.8693  2.40661e+20
44.9866  2.54615e+20
45.1039  2.63007e+20
45.2212  2.65091e+20
45.3385  2.61038e+20
45.4558  2.5158e+20
45.5731  2.38082e+20
45.6904  2.22093e+20
45.8077  2.05278e+20
45.925  1.89193e+20
46.0423  1.75142e+20
46.1596  1.63996e+20
46.2769  1.56267e+20
46.3942  1.5216e+20
46.5115  1.51403e+20
46.6288  1.53426e+20
46.7461  1.5743e+20
46.8634  1.62414e+20
46.9808  1.67273e+20
47.0981  1.71021e+20
47.2154  1.7294e+20
47.3327  1.72476e+20
47.45  1.69634e+20
47.5673  1.6466e+20
47.6846  1.58203e+20
47.8019  1.50872e+20
47.9192  1.43378e+20
48.0365  1.36217e+20
48.1538  1.29701e+20
48.2711  1.23918e+20
48.3884  1.18831e+20
48.5057  1.14381e+20
48.623  1.10587e+20
48.7403  1.07715e+20
48.8576  1.06229e+20
48.9749  1.06615e+20
49.0922  1.09483e+20
49.2095  1.15308e+20
49.3269  1.24205e+20
49.4442  1.36065e+20
49.5615  1.50332e+20
49.6788  1.66193e+20
49.7961  1.82555e+20
49.9134  1.98394e+20
50.0307  2.12571e+20
50.148  2.24187e+20
50.2653  2.32665e+20
50.3826  2.37546e+20
50.4999  2.38792e+20
50.6172  2.36568e+20
50.7345  2.31328e+20
50.8518  2.23642e+20
50.9691  2.14226e+20
51.0864  2.03904e+20
51.2037  1.93295e+20
51.321  1.83127e+20
51.4383  1.73753e+20
51.5556  1.65421e+20
51.673  1.58208e+20
51.7903  1.5189e+20
51.9076  1.46279e+20
52.0249  1.41061e+20
52.1422  1.36074e+20
52.2595  1.31197e+20
52.3768  1.26424e+20
52.4941  1.2196e+20
52.6114  1.18011e+20
52.7287  1.14844e+20
52.846  1.12697e+20
52.9633  1.11727e+20
53.0806  1.12003e+20
53.1979  1.13526e+20
53.3152  1.16244e+20
53.4325  1.20015e+20
53.5498  1.2474e+20
53.6671  1.30246e+20
53.7844  1.36368e+20
53.9017  1.42984e+20
54.0191  1.49927e+20
54.1364  1.56943e+20
54.2537  1.63738e+20
54.371  1.69916e+20
54.4883  1.75165e+20
54.6056  1.79006e+20
54.7229  1.81093e+20
54.8402  1.81277e+20
54.9575  1.79476e+20
55.0748  1.75969e+20
55.1921  1.71344e+20
55.3094  1.66315e+20
55.4267  1.61835e+20
55.544  1.58782e+20
55.6613  1.57915e+20
55.7786  1.59477e+20
55.8959  1.63359e+20
56.0132  1.68899e+20
56.1305  1.75002e+20
56.2478  1.80335e+20
56.3651  1.83685e+20
56.4825  1.83971e+20
56.5998  1.80795e+20
56.7171  1.74235e+20
56.8344  1.65039e+20
56.9517  1.54377e+20
57.069  1.43607e+20
57.1863  1.34239e+20
57.3036  1.27157e+20
57.4209  1.22989e+20
57.5382  1.2183e+20
57.6555  1.23164e+20
57.7728  1.26334e+20
57.8901  1.30424e+20
58.0074  1.34681e+20
58.1247  1.38533e+20
58.242  1.41692e+20
58.3593  1.44209e+20
58.4766  1.46282e+20
58.5939  1.48254e+20
