#S 1 spectral density
#N 2
#UFWHM 24.7514
#L  abscissas [um]  spectral density
-58.5938  6.09048e+19
-58.4764  6.77569e+19
-58.3591  7.67127e+19
-58.2418  8.73793e+19
-58.1245  9.9254e+19
-58.0072  1.11813e+20
-57.8899  1.24521e+20
-57.7726  1.3683e+20
-57.6553  1.48148e+20
-57.538  1.57901e+20
-57.4207  1.65463e+20
-57.3034  1.70294e+20
-57.1861  1.72048e+20
-57.0688  1.70675e+20
-56.9515  1.66474e+20
-56.8342  1.60053e+20
-56.7169  1.52348e+20
-56.5996  1.44212e+20
-56.4823  1.36542e+20
-56.365  1.2985e+20
-56.2477  1.24287e+20
-56.1303  1.19635e+20
-56.013  1.15527e+20
-55.8957  1.1139e+20
-55.7784  1.069e+20
-55.6611  1.01846e+20
-55.5438  9.63833e+19
-55.4265  9.09691e+19
-55.3092  8.60691e+19
-55.1919  8.21301e+19
-55.0746  7.94579e+19
-54.9573  7.80421e+19
-54.84  7.76945e+19
-54.7227  7.79719e+19
-54.6054  7.85126e+19
-54.4881  7.905e+19
-54.3708  7.95605e+19
-54.2535  8.01851e+19
-54.1362  8.1251e+19
-54.0189  8.325e+19
-53.9016  8.65505e+19
-53.7842  9.13773e+19
-53.6669  9.78566e+19
-53.5496  1.05843e+20
-53.4323  1.15142e+20
-53.315  1.25409e+20
-53.1977  1.36268e+20
-53.0804  1.47402e+20
-52.9631  1.58383e+20
-52.8458  1.68737e+20
-52.7285  1.78013e+20
-52.6112  1.85646e+20
-52.4939  1.91146e+20
-52.3766  1.94082e+20
-52.2593  1.9426e+20
-52.142  1.91809e+20
-52.0247  1.87041e+20
-51.9074  1.80633e+20
-51.7901  1.73285e+20
-51.6728  1.65841e+20
-51.5555  1.58918e+20
-51.4381  1.53067e+20
-51.3208  1.48497e+20
-51.2035  1.45218e+20
-51.0862  1.43142e+20
-50.9689  1.42109e+20
-50.8516  1.4201e+20
-50.7343  1.42763e+20
-50.617  1.44398e+20
-50.4997  1.47006e+20
-50.3824  1.50603e+20
-50.2651  1.55234e+20
-50.1478  1.60687e+20
-50.0305  1.66837e+20
-49.9132  1.73298e+20
-49.7959  1.79807e+20
-49.6786  1.86083e+20
-49.5613  1.91999e+20
-49.444  1.97536e+20
-49.3267  2.02814e+20
-49.2094  2.08102e+20
-49.092  2.13648e+20
-48.9747  2.19762e+20
-48.8574  2.26618e+20
-48.7401  2.34289e+20
-48.6228  2.42615e+20
-48.5055  2.51275e+20
-48.3882  2.59675e+20
-48.2709  2.67145e+20
-48.1536  2.72969e+20
-48.0363  2.7644e+20
-47.919  2.77141e+20
-47.8017  2.74907e+20
-47.6844  2.70023e+20
-47.5671  2.63071e+20
-47.4498  2.54945e+20
-47.3325  2.46759e+20
-47.2152  2.39434e+20
-47.0979  2.33835e+20
-46.9806  2.30237e+20
-46.8633  2.28574e+20
-46.7459  2.28433e+20
-46.6286  2.28982e+20
-46.5113  2.29415e+20
-46.394  2.28853e+20
-46.2767  2.2676e+20
-46.1594  2.22859e+20
-46.0421  2.17164e+20
-45.9248  2.09974e+20
-45.8075  2.01737e+20
-45.6902  1.929e+20
-45.5729  1.83907e+20
-45.4556  1.75069e+20
-45.3383  1.66725e+20
-45.221  1.59125e+20
-45.1037  1.52679e+20
-44.9864  1.47741e+20
-44.8691  1.44866e+20
-44.7518  1.44512e+20
-44.6345  1.47099e+20
-44.5172  1.52771e+20
-44.3998  1.61407e+20
-44.2825  1.72625e+20
-44.1652  1.8575e+20
-44.0479  1.9987e+20
-43.9306  2.14132e+20
-43.8133  2.27696e+20
-43.696  2.39824e+20
-43.5787  2.50133e+20
-43.4614  2.5847e+20
-43.3441  2.64844e+20
-43.2268  2.69514e+20
-43.1095  2.72776e+20
-42.9922  2.75115e+20
-42.8749  2.77038e+20
-42.7576  2.78988e+20
-42.6403  2.81555e+20
-42.523  2.85059e+20
-42.4057  2.89863e+20
-42.2884  2.96069e+20
-42.171  3.03473e+20
-42.0537  3.11758e+20
-41.9364  3.2028e+20
-41.8191  3.2844e+20
-41.7018  3.35592e+20
-41.5845  3.41298e+20
-41.4672  3.45492e+20
-41.3499  3.48396e+20
-41.2326  3.50661e+20
-41.1153  3.53221e+20
-40.998  3.57082e+20
-40.8807  3.63114e+20
-40.7634  3.72024e+20
-40.6461  3.84006e+20
-40.5288  3.98839e+20
-40.4115  4.15728e+20
-40.2942  4.33379e+20
-40.1769  4.50413e+20
-40.0596  4.65292e+20
-39.9423  4.76588e+20
-39.825  4.83067e+20
-39.7076  4.84049e+20
-39.5903  4.79407e+20
-39.473  4.69735e+20
-39.3557  4.55924e+20
-39.2384  4.39629e+20
-39.1211  4.22754e+20
-39.0038  4.07063e+20
-38.8865  3.94218e+20
-38.7692  3.85395e+20
-38.6519  3.80826e+20
-38.5346  3.80187e+20
-38.4173  3.82136e+20
-38.3  3.851e+20
-38.1827  3.86986e+20
-38.0654  3.86026e+20
-37.9481  3.80879e+20
-37.8308  3.70852e+20
-37.7135  3.56117e+20
-37.5962  3.37644e+20
-37.4789  3.16872e+20
-37.3615  2.95432e+20
-37.2442  2.75009e+20
-37.1269  2.57039e+20
-37.0096  2.42652e+20
-36.8923  2.32454e+20
-36.775  2.26875e+20
-36.6577  2.26002e+20
-36.5404  2.29967e+20
-36.4231  2.38696e+20
-36.3058  2.51898e+20
-36.1885  2.69296e+20
-36.0712  2.90302e+20
-35.9539  3.14073e+20
-35.8366  3.39618e+20
-35.7193  3.65753e+20
-35.602  3.91537e+20
-35.4847  4.16265e+20
-35.3674  4.39691e+20
-35.2501  4.62016e+20
-35.1328  4.83752e+20
-35.0154  5.05716e+20
-34.8981  5.28409e+20
-34.7808  5.52331e+20
-34.6635  5.77389e+20
-34.5462  6.0287e+20
-34.4289  6.27873e+20
-34.3116  6.50955e+20
-34.1943  6.70614e+20
-34.077  6.8532e+20
-33.9597  6.9389e+20
-33.8424  6.95437e+20
-33.7251  6.89607e+20
-33.6078  6.76298e+20
-33.4905  6.56046e+20
-33.3732  6.29811e+20
-33.2559  5.99007e+20
-33.1386  5.65447e+20
-33.0213  5.31273e+20
-32.904  4.98873e+20
-32.7867  4.70498e+20
-32.6693  4.48106e+20
-32.552  4.33177e+20
-32.4347  4.26196e+20
-32.3174  4.27156e+20
-32.2001  4.35032e+20
-32.0828  4.48302e+20
-31.9655  4.65125e+20
-31.8482  4.83687e+20
-31.7309  5.02413e+20
-31.6136  5.20266e+20
-31.4963  5.36761e+20
-31.379  5.52015e+20
-31.2617  5.66674e+20
-31.1444  5.81523e+20
-31.0271  5.97396e+20
-30.9098  6.15371e+20
-30.7925  6.3564e+20
-30.6752  6.58393e+20
-30.5579  6.83402e+20
-30.4406  7.09894e+20
-30.3232  7.36909e+20
-30.2059  7.62935e+20
-30.0886  7.86635e+20
-29.9713  8.06937e+20
-29.854  8.22627e+20
-29.7367  8.3312e+20
-29.6194  8.38542e+20
-29.5021  8.39418e+20
-29.3848  8.36742e+20
-29.2675  8.32014e+20
-29.1502  8.26729e+20
-29.0329  8.22371e+20
-28.9156  8.20016e+20
-28.7983  8.20274e+20
-28.681  8.23348e+20
-28.5637  8.28965e+20
-28.4464  8.36565e+20
-28.3291  8.45485e+20
-28.2118  8.54966e+20
-28.0944  8.64569e+20
-27.9771  8.74066e+20
-27.8598  8.83434e+20
-27.7425  8.92893e+20
-27.6252  9.02716e+20
-27.5079  9.135e+20
-27.3906  9.25733e+20
-27.2733  9.40153e+20
-27.156  9.5712e+20
-27.0387  9.7729e+20
-26.9214  1.00099e+21
-26.8041  1.02847e+21
-26.6868  1.0596e+21
-26.5695  1.09409e+21
-26.4522  1.13123e+21
-26.3349  1.17039e+21
-26.2176  1.2106e+21
-26.1003  1.25082e+21
-25.983  1.29025e+21
-25.8657  1.3281e+21
-25.7483  1.36373e+21
-25.631  1.3968e+21
-25.5137  1.42688e+21
-25.3964  1.45382e+21
-25.2791  1.47731e+21
-25.1618  1.49728e+21
-25.0445  1.51342e+21
-24.9272  1.52575e+21
-24.8099  1.53424e+21
-24.6926  1.5392e+21
-24.5753  1.54089e+21
-24.458  1.53996e+21
-24.3407  1.53707e+21
-24.2234  1.53353e+21
-24.1061  1.53051e+21
-23.9888  1.52976e+21
-23.8715  1.53327e+21
-23.7542  1.54344e+21
-23.6369  1.56248e+21
-23.5196  1.59285e+21
-23.4023  1.63642e+21
-23.2849  1.69448e+21
-23.1676  1.76739e+21
-23.0503  1.85428e+21
-22.933  1.95318e+21
-22.8157  2.06093e+21
-22.6984  2.17358e+21
-22.5811  2.28656e+21
-22.4638  2.39541e+21
-22.3465  2.49621e+21
-22.2292  2.5857e+21
-22.1119  2.66194e+21
-21.9946  2.72453e+21
-21.8773  2.77423e+21
-21.76  2.81324e+21
-21.6427  2.84462e+21
-21.5254  2.87205e+21
-21.4081  2.89969e+21
-21.2908  2.93115e+21
-21.1735  2.96972e+21
-21.0561  3.01754e+21
-20.9388  3.07557e+21
-20.8215  3.14318e+21
-20.7042  3.21887e+21
-20.5869  3.29944e+21
-20.4696  3.38148e+21
-20.3523  3.46099e+21
-20.235  3.53433e+21
-20.1177  3.59819e+21
-20.0004  3.65095e+21
-19.8831  3.69189e+21
-19.7658  3.72207e+21
-19.6485  3.74338e+21
-19.5312  3.75939e+21
-19.4139  3.7736e+21
-19.2966  3.79019e+21
-19.1793  3.81287e+21
-19.062  3.84483e+21
-18.9447  3.88793e+21
-18.8274  3.94307e+21
-18.71  4.01043e+21
-18.5927  4.08852e+21
-18.4754  4.17531e+21
-18.3581  4.26813e+21
-18.2408  4.36426e+21
-18.1235  4.46089e+21
-18.0062  4.55582e+21
-17.8889  4.64733e+21
-17.7716  4.73515e+21
-17.6543  4.81953e+21
-17.537  4.90183e+21
-17.4197  4.9842e+21
-17.3024  5.06953e+21
-17.1851  5.16058e+21
-17.0678  5.25984e+21
-16.9505  5.36949e+21
-16.8332  5.49084e+21
-16.7159  5.62389e+21
-16.5986  5.76743e+21
-16.4813  5.9196e+21
-16.364  6.07752e+21
-16.2466  6.2381e+21
-16.1293  6.39742e+21
-16.012  6.55246e+21
-15.8947  6.70037e+21
-15.7774  6.83952e+21
-15.6601  6.96921e+21
-15.5428  7.08991e+21
-15.4255  7.20287e+21
-15.3082  7.31066e+21
-15.1909  7.41678e+21
-15.0736  7.52385e+21
-14.9563  7.63515e+21
-14.839  7.75296e+21
-14.7217  7.87788e+21
-14.6044  8.00937e+21
-14.4871  8.14569e+21
-14.3698  8.2832e+21
-14.2525  8.41716e+21
-14.1352  8.54214e+21
-14.0178  8.6541e+21
-13.9005  8.74821e+21
-13.7832  8.82189e+21
-13.6659  8.87425e+21
-13.5486  8.90622e+21
-13.4313  8.92058e+21
-13.314  8.92155e+21
-13.1967  8.91447e+21
-13.0794  8.90598e+21
-12.9621  8.90099e+21
-12.8448  8.90575e+21
-12.7275  8.92368e+21
-12.6102  8.95809e+21
-12.4929  9.01017e+21
-12.3756  9.07919e+21
-12.2583  9.16363e+21
-12.141  9.26033e+21
-12.0237  9.36487e+21
-11.9064  9.47243e+21
-11.7891  9.57831e+21
-11.6718  9.67821e+21
-11.5544  9.76926e+21
-11.4371  9.85017e+21
-11.3198  9.92047e+21
-11.2025  9.98257e+21
-11.0852  1.00403e+22
-10.9679  1.0099e+22
-10.8506  1.01648e+22
-10.7333  1.02443e+22
-10.616  1.03439e+22
-10.4987  1.04703e+22
-10.3814  1.06268e+22
-10.2641  1.08169e+22
-10.1468  1.10415e+22
-10.0295  1.12991e+22
-9.91217  1.15858e+22
-9.79487  1.18962e+22
-9.67756  1.22224e+22
-9.56026  1.25551e+22
-9.44295  1.28842e+22
-9.32565  1.32004e+22
-9.20834  1.34937e+22
-9.09104  1.37559e+22
-8.97373  1.39815e+22
-8.85643  1.41666e+22
-8.73913  1.43098e+22
-8.62182  1.44126e+22
-8.50452  1.44791e+22
-8.38721  1.45151e+22
-8.26991  1.45265e+22
-8.1526  1.45221e+22
-8.03529  1.45085e+22
-7.91799  1.44931e+22
-7.80069  1.44819e+22
-7.68338  1.44795e+22
-7.56608  1.44899e+22
-7.44877  1.45149e+22
-7.33146  1.45551e+22
-7.21416  1.46098e+22
-7.09685  1.46775e+22
-6.97955  1.47558e+22
-6.86224  1.48422e+22
-6.74494  1.4935e+22
-6.62763  1.50302e+22
-6.51033  1.51264e+22
-6.39302  1.52219e+22
-6.27572  1.53152e+22
-6.15842  1.54056e+22
-6.04111  1.5493e+22
-5.92381  1.55775e+22
-5.8065  1.56611e+22
-5.68919  1.5744e+22
-5.57189  1.58287e+22
-5.45458  1.59169e+22
-5.33728  1.60112e+22
-5.21997  1.61127e+22
-5.10267  1.62229e+22
-4.98536  1.63423e+22
-4.86806  1.64706e+22
-4.75075  1.66066e+22
-4.63345  1.67489e+22
-4.51614  1.68944e+22
-4.39884  1.70402e+22
-4.28154  1.71839e+22
-4.16423  1.73216e+22
-4.04692  1.74506e+22
-3.92962  1.75685e+22
-3.81231  1.76733e+22
-3.69501  1.77642e+22
-3.5777  1.78399e+22
-3.4604  1.79008e+22
-3.34309  1.79475e+22
-3.22579  1.7981e+22
-3.10849  1.8003e+22
-2.99118  1.80153e+22
-2.87387  1.80203e+22
-2.75657  1.802e+22
-2.63926  1.80164e+22
-2.52196  1.80108e+22
-2.40465  1.80043e+22
-2.28735  1.79965e+22
-2.17005  1.79867e+22
-2.05274  1.79746e+22
-1.93544  1.79566e+22
-1.81813  1.79311e+22
-1.70083  1.7895e+22
-1.58352  1.7846e+22
-1.46622  1.7782e+22
-1.34891  1.77022e+22
-1.2316  1.76061e+22
-1.1143  1.74963e+22
-0.996995  1.73746e+22
-0.87969  1.72457e+22
-0.762385  1.71142e+22
-0.64508  1.69867e+22
-0.527775  1.68688e+22
-0.41047  1.6766e+22
-0.293165  1.66839e+22
-0.17586  1.66265e+22
-0.058555  1.65971e+22
0.05875  1.65969e+22
0.176055  1.66258e+22
0.29336  1.66824e+22
0.410665  1.6764e+22
0.52797  1.6866e+22
0.645275  1.69832e+22
0.76258  1.71099e+22
0.879885  1.72403e+22
0.99719  1.73681e+22
1.1145  1.74886e+22
1.2318  1.75974e+22
1.3491  1.76921e+22
1.46641  1.77708e+22
1.58371  1.78336e+22
1.70102  1.78814e+22
1.81832  1.79163e+22
1.93563  1.79405e+22
2.05294  1.79572e+22
2.17024  1.79687e+22
2.28754  1.79772e+22
2.40485  1.7984e+22
2.52216  1.79894e+22
2.63946  1.79941e+22
2.75677  1.79962e+22
2.87407  1.79952e+22
2.99137  1.79887e+22
3.10868  1.79747e+22
3.22599  1.79509e+22
3.34329  1.79158e+22
3.4606  1.78676e+22
3.5779  1.78049e+22
3.69521  1.7727e+22
3.81251  1.76348e+22
3.92982  1.75277e+22
4.04712  1.74079e+22
4.16443  1.72775e+22
4.28173  1.71382e+22
4.39903  1.69932e+22
4.51634  1.68459e+22
4.63364  1.66996e+22
4.75095  1.65564e+22
4.86825  1.64194e+22
4.98556  1.62903e+22
5.10286  1.61703e+22
5.22017  1.60596e+22
5.33748  1.59576e+22
5.45478  1.58629e+22
5.57209  1.57742e+22
5.68939  1.56888e+22
5.8067  1.56051e+22
5.924  1.55212e+22
6.0413  1.54358e+22
6.15861  1.53477e+22
6.27591  1.52565e+22
6.39322  1.51627e+22
6.51052  1.50669e+22
6.62783  1.49698e+22
6.74514  1.48739e+22
6.86244  1.47813e+22
6.97975  1.46944e+22
7.09705  1.46159e+22
7.21436  1.45483e+22
7.33166  1.44935e+22
7.44897  1.44534e+22
7.56627  1.44285e+22
7.68358  1.44179e+22
7.80088  1.44198e+22
7.91819  1.44303e+22
8.03549  1.44452e+22
8.1528  1.44582e+22
8.2701  1.44614e+22
8.38741  1.4448e+22
8.50471  1.44106e+22
8.62202  1.43422e+22
8.73932  1.4237e+22
8.85662  1.4092e+22
8.97393  1.39053e+22
9.09123  1.3678e+22
9.20854  1.34143e+22
9.32584  1.31204e+22
9.44315  1.28036e+22
9.56045  1.24741e+22
9.67776  1.21418e+22
9.79506  1.18162e+22
9.91237  1.15068e+22
10.0297  1.12212e+22
10.147  1.09649e+22
10.2643  1.07418e+22
10.3816  1.05527e+22
10.4989  1.03973e+22
10.6162  1.02723e+22
10.7335  1.01732e+22
10.8508  1.0094e+22
10.9681  1.00283e+22
11.0854  9.96988e+21
11.2027  9.91201e+21
11.32  9.84939e+21
11.4373  9.77853e+21
11.5546  9.69741e+21
11.6719  9.60579e+21
11.7893  9.50569e+21
11.9066  9.39987e+21
12.0239  9.29222e+21
12.1412  9.18824e+21
12.2585  9.09219e+21
12.3758  9.00839e+21
12.4931  8.94005e+21
12.6104  8.88881e+21
12.7277  8.85529e+21
12.845  8.83831e+21
12.9623  8.83418e+21
13.0796  8.83962e+21
13.1969  8.8486e+21
13.3142  8.85558e+21
13.4315  8.85439e+21
13.5488  8.83977e+21
13.6661  8.80735e+21
13.7834  8.75423e+21
13.9007  8.67973e+21
14.018  8.58508e+21
14.1354  8.47244e+21
14.2527  8.34656e+21
14.37  8.21237e+21
14.4873  8.07453e+21
14.6046  7.93806e+21
14.7219  7.80624e+21
14.8392  7.68148e+21
14.9565  7.56404e+21
15.0738  7.45272e+21
15.1911  7.34599e+21
15.3084  7.24027e+21
15.4257  7.13259e+21
15.543  7.01996e+21
15.6603  6.89986e+21
15.7776  6.77095e+21
15.8949  6.63243e+21
16.0122  6.4853e+21
16.1295  6.33112e+21
16.2468  6.17266e+21
16.3641  6.01329e+21
16.4815  5.85654e+21
16.5988  5.70558e+21
16.7161  5.56293e+21
16.8334  5.43134e+21
16.9507  5.31112e+21
17.068  5.20249e+21
17.1853  5.10411e+21
17.3026  5.01403e+21
17.4199  4.92954e+21
17.5372  4.84793e+21
17.6545  4.76613e+21
17.7718  4.68265e+21
17.8891  4.59548e+21
18.0064  4.50467e+21
18.1237  4.4105e+21
18.241  4.31461e+21
18.3583  4.21936e+21
18.4756  4.12727e+21
18.5929  4.04128e+21
18.7102  3.964e+21
18.8275  3.8974e+21
18.9449  3.84273e+21
19.0622  3.80029e+21
19.1795  3.7688e+21
19.2968  3.74632e+21
19.4141  3.72982e+21
19.5314  3.7157e+21
19.6487  3.69972e+21
19.766  3.67821e+21
19.8833  3.64811e+21
20.0006  3.60695e+21
20.1179  3.55422e+21
20.2352  3.49046e+21
20.3525  3.41749e+21
20.4698  3.33855e+21
20.5871  3.25716e+21
20.7044  3.17733e+21
20.8217  3.10257e+21
20.939  3.03583e+21
21.0563  2.97876e+21
21.1736  2.9318e+21
21.291  2.89409e+21
21.4083  2.86312e+21
21.5256  2.83614e+21
21.6429  2.80902e+21
21.7602  2.77804e+21
21.8775  2.73928e+21
21.9948  2.68978e+21
22.1121  2.62746e+21
22.2294  2.5514e+21
22.3467  2.46231e+21
22.464  2.36219e+21
22.5813  2.25396e+21
22.6986  2.14197e+21
22.8159  2.0304e+21
22.9332  1.92381e+21
23.0505  1.8261e+21
23.1678  1.74049e+21
23.2851  1.66886e+21
23.4024  1.61191e+21
23.5198  1.56941e+21
23.6371  1.54004e+21
23.7544  1.52176e+21
23.8717  1.51231e+21
23.989  1.50928e+21
24.1063  1.51047e+21
24.2236  1.51388e+21
24.3409  1.51775e+21
24.4582  1.52086e+21
24.5755  1.52204e+21
24.6928  1.5206e+21
24.8101  1.5159e+21
24.9274  1.50759e+21
25.0447  1.49547e+21
25.162  1.47963e+21
25.2793  1.46006e+21
25.3966  1.43688e+21
25.5139  1.41031e+21
25.6312  1.38055e+21
25.7485  1.34787e+21
25.8658  1.31263e+21
25.9832  1.27516e+21
26.1005  1.23619e+21
26.2178  1.19645e+21
26.3351  1.15676e+21
26.4524  1.11805e+21
26.5697  1.08136e+21
26.687  1.04741e+21
26.8043  1.01675e+21
26.9216  9.89794e+20
27.0389  9.66508e+20
27.1562  9.46779e+20
27.2735  9.30101e+20
27.3908  9.16104e+20
27.5081  9.04134e+20
27.6254  8.93606e+20
27.7427  8.84056e+20
27.86  8.7487e+20
27.9773  8.65769e+20
28.0946  8.5651e+20
28.212  8.47153e+20
28.3293  8.37965e+20
28.4466  8.29372e+20
28.5639  8.22129e+20
28.6812  8.16801e+20
28.7985  8.14097e+20
28.9158  8.14188e+20
29.0331  8.16842e+20
29.1504  8.21466e+20
29.2677  8.26973e+20
29.385  8.31869e+20
29.5023  8.34663e+20
29.6196  8.33839e+20
29.7369  8.28477e+20
29.8542  8.1799e+20
29.9715  8.02374e+20
30.0888  7.82217e+20
30.2061  7.58479e+20
30.3234  7.32599e+20
30.4407  7.05896e+20
30.558  6.79604e+20
30.6754  6.54864e+20
30.7927  6.32256e+20
30.91  6.12246e+20
31.0273  5.94595e+20
31.1446  5.78748e+20
31.2619  5.64074e+20
31.3792  5.49468e+20
31.4965  5.34239e+20
31.6138  5.1783e+20
31.7311  4.99972e+20
31.8484  4.81285e+20
31.9657  4.62841e+20
32.083  4.46189e+20
32.2003  4.33128e+20
32.3176  4.25531e+20
32.4349  4.24934e+20
32.5522  4.32207e+20
32.6695  4.47462e+20
32.7868  4.70106e+20
32.9042  4.98698e+20
33.0215  5.3118e+20
33.1388  5.65432e+20
33.2561  5.98894e+20
33.3734  6.2964e+20
33.4907  6.55709e+20
33.608  6.75771e+20
33.7253  6.88896e+20
33.8426  6.94478e+20
33.9599  6.92733e+20
34.0772  6.83922e+20
34.1945  6.69015e+20
34.3118  6.49235e+20
34.4291  6.26091e+20
34.5464  6.01112e+20
34.6637  5.75509e+20
34.781  5.50541e+20
34.8983  5.26612e+20
35.0156  5.03901e+20
35.1329  4.82036e+20
35.2503  4.6024e+20
35.3676  4.3799e+20
35.4849  4.14441e+20
35.6022  3.89664e+20
35.7195  3.63872e+20
35.8368  3.37806e+20
35.9541  3.12319e+20
36.0714  2.88625e+20
36.1887  2.67758e+20
36.306  2.50485e+20
36.4233  2.37366e+20
36.5406  2.28824e+20
36.6579  2.25052e+20
36.7752  2.26048e+20
36.8925  2.31775e+20
37.0098  2.42164e+20
37.1271  2.56709e+20
37.2444  2.74821e+20
37.3617  2.95349e+20
37.479  3.16843e+20
37.5964  3.37635e+20
37.7137  3.56022e+20
37.831  3.70652e+20
37.9483  3.80492e+20
38.0656  3.8552e+20
38.1829  3.86349e+20
38.3002  3.84294e+20
38.4175  3.81337e+20
38.5348  3.7932e+20
38.6521  3.80021e+20
38.7694  3.84612e+20
38.8867  3.93486e+20
39.004  4.06344e+20
39.1213  4.21974e+20
39.2386  4.38809e+20
39.3559  4.54943e+20
39.4732  4.68567e+20
39.5905  4.78135e+20
39.7078  4.82571e+20
39.8251  4.81347e+20
39.9425  4.74672e+20
40.0598  4.63367e+20
40.1771  4.48407e+20
40.2944  4.31311e+20
40.4117  4.13643e+20
40.529  3.96894e+20
40.6463  3.82123e+20
40.7636  3.70235e+20
40.8809  3.61383e+20
40.9982  3.55345e+20
41.1155  3.51526e+20
41.2328  3.48967e+20
41.3501  3.46652e+20
41.4674  3.43681e+20
41.5847  3.3943e+20
41.702  3.33657e+20
41.8193  3.26448e+20
41.9366  3.18314e+20
42.0539  3.09829e+20
42.1712  3.01601e+20
42.2885  2.94228e+20
42.4059  2.88134e+20
42.5232  2.83373e+20
42.6405  2.7992e+20
42.7578  2.77387e+20
42.8751  2.75451e+20
42.9924  2.73533e+20
43.1097  2.71181e+20
43.227  2.67911e+20
43.3443  2.63248e+20
43.4616  2.56879e+20
43.5789  2.48559e+20
43.6962  2.38257e+20
43.8135  2.26126e+20
43.9308  2.12609e+20
44.0481  1.98414e+20
44.1654  1.84364e+20
44.2827  1.7137e+20
44.4  1.60252e+20
44.5173  1.5169e+20
44.6347  1.46122e+20
44.752  1.43634e+20
44.8693  1.44059e+20
44.9866  1.46964e+20
45.1039  1.51903e+20
45.2212  1.58371e+20
45.3385  1.65949e+20
45.4558  1.74318e+20
45.5731  1.83115e+20
45.6904  1.92098e+20
45.8077  2.00935e+20
45.925  2.09165e+20
46.0423  2.16308e+20
46.1596  2.21973e+20
46.2769  2.25852e+20
46.3942  2.27876e+20
46.5115  2.284e+20
46.6288  2.27979e+20
46.7461  2.27452e+20
46.8634  2.27641e+20
46.9808  2.29322e+20
47.0981  2.32998e+20
47.2154  2.38648e+20
47.3327  2.46008e+20
47.45  2.54129e+20
47.5673  2.62174e+20
47.6846  2.69027e+20
47.8019  2.73806e+20
47.9192  2.75915e+20
48.0365  2.75074e+20
48.1538  2.71518e+20
48.2711  2.65661e+20
48.3884  2.58181e+20
48.5057  2.49813e+20
48.623  2.41204e+20
48.7403  2.3295e+20
48.8576  2.25342e+20
48.9749  2.18593e+20
49.0922  2.12587e+20
49.2095  2.07084e+20
49.3269  2.01866e+20
49.4442  1.96591e+20
49.5615  1.9109e+20
49.6788  1.85193e+20
49.7961  1.78903e+20
49.9134  1.72372e+20
50.0307  1.65907e+20
50.148  1.59796e+20
50.2653  1.54303e+20
50.3826  1.49686e+20
50.4999  1.46074e+20
50.6172  1.43484e+20
50.7345  1.41843e+20
50.8518  1.41096e+20
50.9691  1.41232e+20
51.0864  1.42276e+20
51.2037  1.44403e+20
51.321  1.47716e+20
51.4383  1.52352e+20
51.5556  1.58277e+20
51.673  1.6522e+20
51.7903  1.72728e+20
51.9076  1.80051e+20
52.0249  1.86461e+20
52.1422  1.91173e+20
52.2595  1.93569e+20
52.3768  1.93375e+20
52.4941  1.90338e+20
52.6114  1.84824e+20
52.7287  1.77158e+20
52.846  1.67853e+20
52.9633  1.5752e+20
53.0806  1.46557e+20
53.1979  1.35486e+20
53.3152  1.24629e+20
53.4325  1.14422e+20
53.5498  1.05207e+20
53.6671  9.72799e+19
53.7844  9.08759e+19
53.9017  8.6128e+19
54.0191  8.28986e+19
54.1364  8.09214e+19
54.2537  7.98692e+19
54.371  7.92637e+19
54.4883  7.8752e+19
54.6056  7.82142e+19
54.7229  7.76834e+19
54.8402  7.73892e+19
54.9575  7.77981e+19
55.0748  7.92643e+19
55.1921  8.19987e+19
55.3094  8.59792e+19
55.4267  9.09272e+19
55.544  9.6381e+19
55.6613  1.01825e+20
55.7786  1.06877e+20
55.8959  1.1137e+20
56.0132  1.15501e+20
56.1305  1.19611e+20
56.2478  1.24231e+20
56.3651  1.29874e+20
56.4825  1.36562e+20
56.5998  1.44246e+20
56.7171  1.52299e+20
56.8344  1.5997e+20
56.9517  1.66307e+20
57.069  1.70349e+20
57.1863  1.71596e+20
57.3036  1.69717e+20
57.4209  1.64784e+20
57.5382  1.5715e+20
57.6555  1.47329e+20
57.7728  1.35977e+20
57.8901  1.23666e+20
58.0074  1.1102e+20
58.1247  9.85201e+19
58.242  8.66848e+19
58.3593  7.60839e+19
58.4766  6.7203e+19
58.5939  6.04388e+19
