#S 1 spectral density
#N 2
#UFWHM 21.936
#L  abscissas [um]  spectral density
-58.5938  6.20596e+19
-58.4764  6.22535e+19
-58.3591  6.17371e+19
-58.2418  6.02017e+19
-58.1245  5.76386e+19
-58.0072  5.44723e+19
-57.8899  5.1389e+19
-57.7726  4.91754e+19
-57.6553  4.85939e+19
-57.538  5.01153e+19
-57.4207  5.37873e+19
-57.3034  5.92713e+19
-57.1861  6.59032e+19
-57.0688  7.29311e+19
-56.9515  7.95864e+19
-56.8342  8.53424e+19
-56.7169  8.98866e+19
-56.5996  9.3247e+19
-56.4823  9.55704e+19
-56.365  9.70717e+19
-56.2477  9.80495e+19
-56.1303  9.85088e+19
-56.013  9.85496e+19
-55.8957  9.80942e+19
-55.7784  9.71611e+19
-55.6611  9.57273e+19
-55.5438  9.38373e+19
-55.4265  9.16618e+19
-55.3092  8.9189e+19
-55.1919  8.64368e+19
-55.0746  8.33004e+19
-54.9573  7.96029e+19
-54.84  7.52641e+19
-54.7227  7.02094e+19
-54.6054  6.47509e+19
-54.4881  5.93387e+19
-54.3708  5.46697e+19
-54.2535  5.14758e+19
-54.1362  5.04102e+19
-54.0189  5.17904e+19
-53.9016  5.56085e+19
-53.7842  6.13788e+19
-53.6669  6.83125e+19
-53.5496  7.54376e+19
-53.4323  8.18673e+19
-53.315  8.69539e+19
-53.1977  9.04094e+19
-53.0804  9.23918e+19
-52.9631  9.33691e+19
-52.8458  9.39549e+19
-52.7285  9.4806e+19
-52.6112  9.63246e+19
-52.4939  9.87724e+19
-52.3766  1.02006e+20
-52.2593  1.05821e+20
-52.142  1.09853e+20
-52.0247  1.13776e+20
-51.9074  1.1745e+20
-51.7901  1.20793e+20
-51.6728  1.23994e+20
-51.5555  1.27255e+20
-51.4381  1.30729e+20
-51.3208  1.34635e+20
-51.2035  1.38922e+20
-51.0862  1.43527e+20
-50.9689  1.48183e+20
-50.8516  1.52613e+20
-50.7343  1.56521e+20
-50.617  1.59625e+20
-50.4997  1.61686e+20
-50.3824  1.62619e+20
-50.2651  1.62386e+20
-50.1478  1.61131e+20
-50.0305  1.59021e+20
-49.9132  1.56393e+20
-49.7959  1.53539e+20
-49.6786  1.50854e+20
-49.5613  1.48573e+20
-49.444  1.46907e+20
-49.3267  1.45901e+20
-49.2094  1.45507e+20
-49.092  1.45511e+20
-48.9747  1.45733e+20
-48.8574  1.45944e+20
-48.7401  1.46067e+20
-48.6228  1.46095e+20
-48.5055  1.46187e+20
-48.3882  1.46659e+20
-48.2709  1.47846e+20
-48.1536  1.50158e+20
-48.0363  1.53925e+20
-47.919  1.59451e+20
-47.8017  1.66898e+20
-47.6844  1.76287e+20
-47.5671  1.87443e+20
-47.4498  2.00051e+20
-47.3325  2.13495e+20
-47.2152  2.27021e+20
-47.0979  2.39655e+20
-46.9806  2.50177e+20
-46.8633  2.57453e+20
-46.7459  2.60533e+20
-46.6286  2.58638e+20
-46.5113  2.5151e+20
-46.394  2.39342e+20
-46.2767  2.22937e+20
-46.1594  2.03454e+20
-46.0421  1.82345e+20
-45.9248  1.61107e+20
-45.8075  1.41162e+20
-45.6902  1.23596e+20
-45.5729  1.09262e+20
-45.4556  9.85908e+19
-45.3383  9.18931e+19
-45.221  8.92599e+19
-45.1037  9.08094e+19
-44.9864  9.6606e+19
-44.8691  1.06726e+20
-44.7518  1.21025e+20
-44.6345  1.39137e+20
-44.5172  1.60318e+20
-44.3998  1.83378e+20
-44.2825  2.06862e+20
-44.1652  2.29104e+20
-44.0479  2.48498e+20
-43.9306  2.63802e+20
-43.8133  2.74259e+20
-43.696  2.79754e+20
-43.5787  2.80878e+20
-43.4614  2.78741e+20
-43.3441  2.74813e+20
-43.2268  2.70559e+20
-43.1095  2.67326e+20
-42.9922  2.66e+20
-42.8749  2.67083e+20
-42.7576  2.704e+20
-42.6403  2.75521e+20
-42.523  2.81556e+20
-42.4057  2.87622e+20
-42.2884  2.92807e+20
-42.171  2.96304e+20
-42.0537  2.97758e+20
-41.9364  2.96976e+20
-41.8191  2.94287e+20
-41.7018  2.90143e+20
-41.5845  2.85368e+20
-41.4672  2.80865e+20
-41.3499  2.77552e+20
-41.2326  2.76115e+20
-41.1153  2.77103e+20
-40.998  2.80676e+20
-40.8807  2.86493e+20
-40.7634  2.94008e+20
-40.6461  3.02321e+20
-40.5288  3.10537e+20
-40.4115  3.17808e+20
-40.2942  3.23346e+20
-40.1769  3.26915e+20
-40.0596  3.28557e+20
-39.9423  3.28613e+20
-39.825  3.27616e+20
-39.7076  3.26191e+20
-39.5903  3.2507e+20
-39.473  3.24854e+20
-39.3557  3.25743e+20
-39.2384  3.28013e+20
-39.1211  3.31661e+20
-39.0038  3.36396e+20
-38.8865  3.41819e+20
-38.7692  3.47478e+20
-38.6519  3.52488e+20
-38.5346  3.56146e+20
-38.4173  3.57387e+20
-38.3  3.55535e+20
-38.1827  3.49883e+20
-38.0654  3.40182e+20
-37.9481  3.26713e+20
-37.8308  3.10104e+20
-37.7135  2.91583e+20
-37.5962  2.72654e+20
-37.4789  2.54809e+20
-37.3615  2.39477e+20
-37.2442  2.27657e+20
-37.1269  2.19952e+20
-37.0096  2.16459e+20
-36.8923  2.16756e+20
-36.775  2.20264e+20
-36.6577  2.26101e+20
-36.5404  2.33647e+20
-36.4231  2.42255e+20
-36.3058  2.51404e+20
-36.1885  2.60874e+20
-36.0712  2.70573e+20
-35.9539  2.80584e+20
-35.8366  2.91174e+20
-35.7193  3.02735e+20
-35.602  3.15959e+20
-35.4847  3.31875e+20
-35.3674  3.51489e+20
-35.2501  3.75898e+20
-35.1328  4.05728e+20
-35.0154  4.41139e+20
-34.8981  4.81308e+20
-34.7808  5.24733e+20
-34.6635  5.68802e+20
-34.5462  6.10381e+20
-34.4289  6.46345e+20
-34.3116  6.73485e+20
-34.1943  6.89529e+20
-34.077  6.93238e+20
-33.9597  6.84515e+20
-33.8424  6.64732e+20
-33.7251  6.36102e+20
-33.6078  6.01593e+20
-33.4905  5.64537e+20
-33.3732  5.28106e+20
-33.2559  4.95176e+20
-33.1386  4.67774e+20
-33.0213  4.47276e+20
-32.904  4.34248e+20
-32.7867  4.28387e+20
-32.6693  4.28636e+20
-32.552  4.33565e+20
-32.4347  4.41076e+20
-32.3174  4.49422e+20
-32.2001  4.5658e+20
-32.0828  4.61149e+20
-31.9655  4.62216e+20
-31.8482  4.59553e+20
-31.7309  4.53593e+20
-31.6136  4.45226e+20
-31.4963  4.3563e+20
-31.379  4.26159e+20
-31.2617  4.17936e+20
-31.1444  4.11739e+20
-31.0271  4.07794e+20
-30.9098  4.0633e+20
-30.7925  4.0675e+20
-30.6752  4.08718e+20
-30.5579  4.11803e+20
-30.4406  4.15705e+20
-30.3232  4.2039e+20
-30.2059  4.25723e+20
-30.0886  4.31967e+20
-29.9713  4.39485e+20
-29.854  4.48373e+20
-29.7367  4.58801e+20
-29.6194  4.70992e+20
-29.5021  4.84986e+20
-29.3848  5.00647e+20
-29.2675  5.1795e+20
-29.1502  5.36625e+20
-29.0329  5.56379e+20
-28.9156  5.76583e+20
-28.7983  5.96603e+20
-28.681  6.15744e+20
-28.5637  6.33289e+20
-28.4464  6.48692e+20
-28.3291  6.61563e+20
-28.2118  6.71777e+20
-28.0944  6.79597e+20
-27.9771  6.85499e+20
-27.8598  6.90192e+20
-27.7425  6.94272e+20
-27.6252  6.98446e+20
-27.5079  7.03408e+20
-27.3906  7.0956e+20
-27.2733  7.17358e+20
-27.156  7.26722e+20
-27.0387  7.37823e+20
-26.9214  7.50396e+20
-26.8041  7.6425e+20
-26.6868  7.78971e+20
-26.5695  7.94277e+20
-26.4522  8.099e+20
-26.3349  8.25896e+20
-26.2176  8.42604e+20
-26.1003  8.60434e+20
-25.983  8.8035e+20
-25.8657  9.03304e+20
-25.7483  9.30318e+20
-25.631  9.62273e+20
-25.5137  9.99414e+20
-25.3964  1.04165e+21
-25.2791  1.08809e+21
-25.1618  1.13742e+21
-25.0445  1.18759e+21
-24.9272  1.23671e+21
-24.8099  1.28268e+21
-24.6926  1.32396e+21
-24.5753  1.35946e+21
-24.458  1.38886e+21
-24.3407  1.41242e+21
-24.2234  1.43144e+21
-24.1061  1.44735e+21
-23.9888  1.46224e+21
-23.8715  1.4782e+21
-23.7542  1.49734e+21
-23.6369  1.52109e+21
-23.5196  1.5505e+21
-23.4023  1.58568e+21
-23.2849  1.62595e+21
-23.1676  1.66968e+21
-23.0503  1.71478e+21
-22.933  1.75864e+21
-22.8157  1.79881e+21
-22.6984  1.83325e+21
-22.5811  1.86064e+21
-22.4638  1.88079e+21
-22.3465  1.89474e+21
-22.2292  1.90441e+21
-22.1119  1.91257e+21
-21.9946  1.92257e+21
-21.8773  1.93743e+21
-21.76  1.95992e+21
-21.6427  1.99193e+21
-21.5254  2.0343e+21
-21.4081  2.08702e+21
-21.2908  2.14894e+21
-21.1735  2.21838e+21
-21.0561  2.29324e+21
-20.9388  2.37116e+21
-20.8215  2.44987e+21
-20.7042  2.52791e+21
-20.5869  2.60368e+21
-20.4696  2.67679e+21
-20.3523  2.74729e+21
-20.235  2.81572e+21
-20.1177  2.88293e+21
-20.0004  2.95051e+21
-19.8831  3.01973e+21
-19.7658  3.09193e+21
-19.6485  3.16775e+21
-19.5312  3.24783e+21
-19.4139  3.33155e+21
-19.2966  3.41809e+21
-19.1793  3.50593e+21
-19.062  3.59329e+21
-18.9447  3.67791e+21
-18.8274  3.75805e+21
-18.71  3.8325e+21
-18.5927  3.90045e+21
-18.4754  3.96202e+21
-18.3581  4.01825e+21
-18.2408  4.0712e+21
-18.1235  4.12321e+21
-18.0062  4.17731e+21
-17.8889  4.23613e+21
-17.7716  4.30282e+21
-17.6543  4.37937e+21
-17.537  4.46706e+21
-17.4197  4.56627e+21
-17.3024  4.67637e+21
-17.1851  4.79557e+21
-17.0678  4.92103e+21
-16.9505  5.04953e+21
-16.8332  5.17776e+21
-16.7159  5.30235e+21
-16.5986  5.42052e+21
-16.4813  5.53107e+21
-16.364  5.63359e+21
-16.2466  5.72931e+21
-16.1293  5.82034e+21
-16.012  5.91035e+21
-15.8947  6.00286e+21
-15.7774  6.10198e+21
-15.6601  6.21113e+21
-15.5428  6.33279e+21
-15.4255  6.4677e+21
-15.3082  6.61573e+21
-15.1909  6.77555e+21
-15.0736  6.94374e+21
-14.9563  7.11659e+21
-14.839  7.29011e+21
-14.7217  7.45963e+21
-14.6044  7.62128e+21
-14.4871  7.77237e+21
-14.3698  7.91072e+21
-14.2525  8.03535e+21
-14.1352  8.14654e+21
-14.0178  8.24643e+21
-13.9005  8.337e+21
-13.7832  8.4213e+21
-13.6659  8.50226e+21
-13.5486  8.58249e+21
-13.4313  8.66381e+21
-13.314  8.74665e+21
-13.1967  8.83032e+21
-13.0794  8.91366e+21
-12.9621  8.99302e+21
-12.8448  9.06608e+21
-12.7275  9.12883e+21
-12.6102  9.17941e+21
-12.4929  9.21601e+21
-12.3756  9.23835e+21
-12.2583  9.24858e+21
-12.141  9.25009e+21
-12.0237  9.24754e+21
-11.9064  9.24698e+21
-11.7891  9.25537e+21
-11.6718  9.27982e+21
-11.5544  9.32737e+21
-11.4371  9.40429e+21
-11.3198  9.51477e+21
-11.2025  9.6618e+21
-11.0852  9.84647e+21
-10.9679  1.00669e+22
-10.8506  1.03192e+22
-10.7333  1.05972e+22
-10.616  1.08932e+22
-10.4987  1.11991e+22
-10.3814  1.15049e+22
-10.2641  1.18023e+22
-10.1468  1.20843e+22
-10.0295  1.23451e+22
-9.91217  1.2581e+22
-9.79487  1.27916e+22
-9.67756  1.29777e+22
-9.56026  1.31425e+22
-9.44295  1.329e+22
-9.32565  1.34264e+22
-9.20834  1.35566e+22
-9.09104  1.36857e+22
-8.97373  1.38179e+22
-8.85643  1.39557e+22
-8.73913  1.40994e+22
-8.62182  1.42481e+22
-8.50452  1.4399e+22
-8.38721  1.45487e+22
-8.26991  1.46909e+22
-8.1526  1.48217e+22
-8.03529  1.49357e+22
-7.91799  1.50295e+22
-7.80069  1.51008e+22
-7.68338  1.51489e+22
-7.56608  1.5176e+22
-7.44877  1.51852e+22
-7.33146  1.51815e+22
-7.21416  1.51698e+22
-7.09685  1.51564e+22
-6.97955  1.51467e+22
-6.86224  1.51457e+22
-6.74494  1.51578e+22
-6.62763  1.51839e+22
-6.51033  1.52254e+22
-6.39302  1.52812e+22
-6.27572  1.53489e+22
-6.15842  1.54254e+22
-6.04111  1.55072e+22
-5.92381  1.55903e+22
-5.8065  1.56726e+22
-5.68919  1.57511e+22
-5.57189  1.58257e+22
-5.45458  1.58969e+22
-5.33728  1.59675e+22
-5.21997  1.60404e+22
-5.10267  1.61204e+22
-4.98536  1.62119e+22
-4.86806  1.63195e+22
-4.75075  1.6447e+22
-4.63345  1.65979e+22
-4.51614  1.67728e+22
-4.39884  1.69715e+22
-4.28154  1.71925e+22
-4.16423  1.74317e+22
-4.04692  1.76837e+22
-3.92962  1.79424e+22
-3.81231  1.82008e+22
-3.69501  1.8452e+22
-3.5777  1.86891e+22
-3.4604  1.89064e+22
-3.34309  1.90996e+22
-3.22579  1.92657e+22
-3.10849  1.9404e+22
-2.99118  1.95148e+22
-2.87387  1.96005e+22
-2.75657  1.96642e+22
-2.63926  1.97097e+22
-2.52196  1.97404e+22
-2.40465  1.97597e+22
-2.28735  1.97694e+22
-2.17005  1.97704e+22
-2.05274  1.97632e+22
-1.93544  1.9745e+22
-1.81813  1.97147e+22
-1.70083  1.96689e+22
-1.58352  1.96054e+22
-1.46622  1.95223e+22
-1.34891  1.94188e+22
-1.2316  1.92955e+22
-1.1143  1.91553e+22
-0.996995  1.90016e+22
-0.87969  1.88406e+22
-0.762385  1.86775e+22
-0.64508  1.85209e+22
-0.527775  1.83771e+22
-0.41047  1.82528e+22
-0.293165  1.81541e+22
-0.17586  1.80854e+22
-0.058555  1.80505e+22
0.05875  1.80506e+22
0.176055  1.80856e+22
0.29336  1.8154e+22
0.410665  1.82528e+22
0.52797  1.83766e+22
0.645275  1.85201e+22
0.76258  1.86761e+22
0.879885  1.88381e+22
0.99719  1.89981e+22
1.1145  1.91504e+22
1.2318  1.92891e+22
1.3491  1.94107e+22
1.46641  1.95122e+22
1.58371  1.95931e+22
1.70102  1.96544e+22
1.81832  1.96979e+22
1.93563  1.97258e+22
2.05294  1.97412e+22
2.17024  1.97466e+22
2.28754  1.97431e+22
2.40485  1.9731e+22
2.52216  1.97095e+22
2.63946  1.96765e+22
2.75677  1.96286e+22
2.87407  1.95627e+22
2.99137  1.94747e+22
3.10868  1.93617e+22
3.22599  1.92215e+22
3.34329  1.90537e+22
3.4606  1.88593e+22
3.5779  1.86406e+22
3.69521  1.84024e+22
3.81251  1.81508e+22
3.92982  1.78914e+22
4.04712  1.76323e+22
4.16443  1.73803e+22
4.28173  1.7141e+22
4.39903  1.69198e+22
4.51634  1.67208e+22
4.63364  1.65459e+22
4.75095  1.63948e+22
4.86825  1.62665e+22
4.98556  1.61581e+22
5.10286  1.60658e+22
5.22017  1.59849e+22
5.33748  1.59108e+22
5.45478  1.58391e+22
5.57209  1.57669e+22
5.68939  1.5691e+22
5.8067  1.56115e+22
5.924  1.55286e+22
6.0413  1.54447e+22
6.15861  1.53624e+22
6.27591  1.52854e+22
6.39322  1.52176e+22
6.51052  1.5162e+22
6.62783  1.51203e+22
6.74514  1.50939e+22
6.86244  1.50823e+22
6.97975  1.50828e+22
7.09705  1.50922e+22
7.21436  1.51051e+22
7.33166  1.5116e+22
7.44897  1.51191e+22
7.56627  1.51089e+22
7.68358  1.50805e+22
7.80088  1.50308e+22
7.91819  1.4958e+22
8.03549  1.48631e+22
8.1528  1.47482e+22
8.2701  1.46162e+22
8.38741  1.44725e+22
8.50471  1.43225e+22
8.62202  1.41707e+22
8.73932  1.40211e+22
8.85662  1.3877e+22
8.97393  1.37389e+22
9.09123  1.36061e+22
9.20854  1.34764e+22
9.32584  1.33459e+22
9.44315  1.32087e+22
9.56045  1.30603e+22
9.67776  1.28951e+22
9.79506  1.27082e+22
9.91237  1.2497e+22
10.0297  1.22604e+22
10.147  1.19993e+22
10.2643  1.17174e+22
10.3816  1.14197e+22
10.4989  1.11144e+22
10.6162  1.08095e+22
10.7335  1.05142e+22
10.8508  1.02373e+22
10.9681  9.98614e+21
11.0854  9.76734e+21
11.2027  9.58433e+21
11.32  9.43857e+21
11.4373  9.32934e+21
11.5546  9.25389e+21
11.6719  9.20721e+21
11.7893  9.18368e+21
11.9066  9.17602e+21
12.0239  9.17674e+21
12.1412  9.17981e+21
12.2585  9.17856e+21
12.3758  9.16828e+21
12.4931  9.14564e+21
12.6104  9.10885e+21
12.7277  9.05832e+21
12.845  8.9954e+21
12.9623  8.92217e+21
13.0796  8.84264e+21
13.1969  8.75942e+21
13.3142  8.67574e+21
13.4315  8.59278e+21
13.5488  8.51161e+21
13.6661  8.43139e+21
13.7834  8.35032e+21
13.9007  8.26594e+21
14.018  8.17544e+21
14.1354  8.07546e+21
14.2527  7.96395e+21
14.37  7.83943e+21
14.4873  7.70109e+21
14.6046  7.55014e+21
14.7219  7.38852e+21
14.8392  7.21936e+21
14.9565  7.04652e+21
15.0738  6.874e+21
15.1911  6.70662e+21
15.3084  6.5476e+21
15.4257  6.40006e+21
15.543  6.26581e+21
15.6603  6.14501e+21
15.7776  6.0368e+21
15.8949  5.93824e+21
16.0122  5.84635e+21
16.1295  5.75691e+21
16.2468  5.66624e+21
16.3641  5.57109e+21
16.4815  5.46916e+21
16.5988  5.35934e+21
16.7161  5.24148e+21
16.8334  5.11792e+21
16.9507  4.99063e+21
17.068  4.86313e+21
17.1853  4.73872e+21
17.3026  4.62078e+21
17.4199  4.51184e+21
17.5372  4.41372e+21
17.6545  4.32694e+21
17.7718  4.2515e+21
17.8891  4.18565e+21
18.0064  4.12754e+21
18.1237  4.0742e+21
18.241  4.0227e+21
18.3583  3.97027e+21
18.4756  3.91442e+21
18.5929  3.8532e+21
18.7102  3.78569e+21
18.8275  3.71176e+21
18.9449  3.63206e+21
19.0622  3.54808e+21
19.1795  3.46142e+21
19.2968  3.37424e+21
19.4141  3.28837e+21
19.5314  3.20547e+21
19.6487  3.12623e+21
19.766  3.05116e+21
19.8833  2.97979e+21
20.0006  2.91119e+21
20.1179  2.84427e+21
20.2352  2.77763e+21
20.3525  2.70987e+21
20.4698  2.64013e+21
20.5871  2.56769e+21
20.7044  2.49258e+21
20.8217  2.41538e+21
20.939  2.33741e+21
21.0563  2.26041e+21
21.1736  2.18652e+21
21.291  2.11808e+21
21.4083  2.05712e+21
21.5256  2.0055e+21
21.6429  1.96404e+21
21.7602  1.93301e+21
21.8775  1.91132e+21
21.9948  1.89718e+21
22.1121  1.8878e+21
22.2294  1.87996e+21
22.3467  1.87066e+21
22.464  1.85706e+21
22.5813  1.83704e+21
22.6986  1.80997e+21
22.8159  1.77589e+21
22.9332  1.73608e+21
23.0505  1.69264e+21
23.1678  1.64819e+21
23.2851  1.60513e+21
23.4024  1.5656e+21
23.5198  1.53116e+21
23.6371  1.50258e+21
23.7544  1.47952e+21
23.8717  1.46108e+21
23.989  1.44564e+21
24.1063  1.43125e+21
24.2236  1.41572e+21
24.3409  1.39708e+21
24.4582  1.37372e+21
24.5755  1.34461e+21
24.6928  1.30936e+21
24.8101  1.26838e+21
24.9274  1.2227e+21
25.0447  1.174e+21
25.162  1.12434e+21
25.2793  1.07569e+21
25.3966  1.02982e+21
25.5139  9.88247e+20
25.6312  9.51693e+20
25.7485  9.20398e+20
25.8658  8.93952e+20
25.9832  8.7149e+20
26.1005  8.52034e+20
26.2178  8.34635e+20
26.3351  8.18368e+20
26.4524  8.02582e+20
26.5697  7.87229e+20
26.687  7.72202e+20
26.8043  7.57684e+20
26.9216  7.44189e+20
27.0389  7.31813e+20
27.1562  7.20969e+20
27.2735  7.11763e+20
27.3908  7.04267e+20
27.5081  6.98262e+20
27.6254  6.9348e+20
27.7427  6.895e+20
27.86  6.85572e+20
27.9773  6.8104e+20
28.0946  6.75252e+20
28.212  6.67535e+20
28.3293  6.57428e+20
28.4466  6.44694e+20
28.5639  6.29439e+20
28.6812  6.12013e+20
28.7985  5.93035e+20
28.9158  5.73216e+20
29.0331  5.53173e+20
29.1504  5.33619e+20
29.2677  5.15152e+20
29.385  4.98013e+20
29.5023  4.82526e+20
29.6196  4.68713e+20
29.7369  4.56692e+20
29.8542  4.4643e+20
29.9715  4.37682e+20
30.0888  4.30372e+20
30.2061  4.24146e+20
30.3234  4.18886e+20
30.4407  4.1443e+20
30.558  4.10607e+20
30.6754  4.07664e+20
30.7927  4.05728e+20
30.91  4.05438e+20
31.0273  4.07131e+20
31.1446  4.11102e+20
31.2619  4.17465e+20
31.3792  4.25725e+20
31.4965  4.35234e+20
31.6138  4.44808e+20
31.7311  4.53072e+20
31.8484  4.58912e+20
31.9657  4.61449e+20
32.083  4.60231e+20
32.2003  4.55517e+20
32.3176  4.48276e+20
32.4349  4.39933e+20
32.5522  4.32404e+20
32.6695  4.27584e+20
32.7868  4.27441e+20
32.9042  4.33512e+20
33.0215  4.46687e+20
33.1388  4.67418e+20
33.2561  4.94932e+20
33.3734  5.28034e+20
33.4907  5.64469e+20
33.608  6.01451e+20
33.7253  6.35825e+20
33.8426  6.64152e+20
33.9599  6.83657e+20
34.0772  6.91897e+20
34.1945  6.87773e+20
34.3118  6.71346e+20
34.4291  6.43884e+20
34.5464  6.07761e+20
34.6637  5.65935e+20
34.781  5.21897e+20
34.8983  4.78586e+20
35.0156  4.38547e+20
35.1329  4.03363e+20
35.2503  3.73708e+20
35.3676  3.49575e+20
35.4849  3.30052e+20
35.6022  3.14263e+20
35.7195  3.01115e+20
35.8368  2.89694e+20
35.9541  2.79183e+20
36.0714  2.69242e+20
36.1887  2.59596e+20
36.306  2.50148e+20
36.4233  2.41018e+20
36.5406  2.32475e+20
36.6579  2.25023e+20
36.7752  2.19212e+20
36.8925  2.15781e+20
37.0098  2.15589e+20
37.1271  2.19166e+20
37.2444  2.26983e+20
37.3617  2.38897e+20
37.479  2.54297e+20
37.5964  2.72171e+20
37.7137  2.91125e+20
37.831  3.09592e+20
37.9483  3.26101e+20
38.0656  3.39467e+20
38.1829  3.49037e+20
38.3002  3.54572e+20
38.4175  3.56359e+20
38.5348  3.55028e+20
38.6521  3.51338e+20
38.7694  3.46259e+20
38.8867  3.40606e+20
39.004  3.35162e+20
39.1213  3.30381e+20
39.2386  3.26733e+20
39.3559  3.24427e+20
39.4732  3.23499e+20
39.5905  3.23775e+20
39.7078  3.2487e+20
39.8251  3.26187e+20
39.9425  3.27131e+20
40.0598  3.27067e+20
40.1771  3.25399e+20
40.2944  3.21751e+20
40.4117  3.16143e+20
40.529  3.08919e+20
40.6463  3.00684e+20
40.7636  2.92434e+20
40.8809  2.84958e+20
40.9982  2.79167e+20
41.1155  2.75741e+20
41.2328  2.74823e+20
41.3501  2.76276e+20
41.4674  2.79631e+20
41.5847  2.84155e+20
41.702  2.88878e+20
41.8193  2.92959e+20
41.9366  2.95626e+20
42.0539  2.96362e+20
42.1712  2.94883e+20
42.2885  2.91308e+20
42.4059  2.86182e+20
42.5232  2.8011e+20
42.6405  2.74167e+20
42.7578  2.69092e+20
42.8751  2.65862e+20
42.9924  2.64874e+20
43.1097  2.66237e+20
43.227  2.69535e+20
43.3443  2.73769e+20
43.4616  2.7767e+20
43.5789  2.79698e+20
43.6962  2.78441e+20
43.8135  2.72773e+20
43.9308  2.62179e+20
44.0481  2.46775e+20
44.1654  2.27292e+20
44.2827  2.05082e+20
44.4  1.81654e+20
44.5173  1.58698e+20
44.6347  1.37703e+20
44.752  1.19757e+20
44.8693  1.05654e+20
44.9866  9.57158e+19
45.1039  9.00729e+19
45.2212  8.86398e+19
45.3385  9.13825e+19
45.4558  9.82007e+19
45.5731  1.0892e+20
45.6904  1.2333e+20
45.8077  1.40926e+20
45.925  1.60884e+20
46.0423  1.82078e+20
46.1596  2.03139e+20
46.2769  2.22525e+20
46.3942  2.3878e+20
46.5115  2.50789e+20
46.6288  2.57736e+20
46.7461  2.59486e+20
46.8634  2.56295e+20
46.9808  2.48904e+20
47.0981  2.38353e+20
47.2154  2.25734e+20
47.3327  2.1228e+20
47.45  1.98849e+20
47.5673  1.86324e+20
47.6846  1.75293e+20
47.8019  1.66005e+20
47.9192  1.5867e+20
48.0365  1.53227e+20
48.1538  1.49537e+20
48.2711  1.47314e+20
48.3884  1.46176e+20
48.5057  1.45768e+20
48.623  1.45658e+20
48.7403  1.45639e+20
48.8576  1.45508e+20
48.9749  1.45283e+20
49.0922  1.45082e+20
49.2095  1.45084e+20
49.3269  1.45493e+20
49.4442  1.46475e+20
49.5615  1.48167e+20
49.6788  1.50463e+20
49.7961  1.53142e+20
49.9134  1.55957e+20
50.0307  1.58588e+20
50.148  1.60624e+20
50.2653  1.61834e+20
50.3826  1.61987e+20
50.4999  1.60998e+20
50.6172  1.58866e+20
50.7345  1.55719e+20
50.8518  1.51773e+20
50.9691  1.47324e+20
51.0864  1.42674e+20
51.2037  1.38087e+20
51.321  1.33824e+20
51.4383  1.29946e+20
51.5556  1.26468e+20
51.673  1.2327e+20
51.7903  1.20076e+20
51.9076  1.1673e+20
52.0249  1.13056e+20
52.1422  1.09171e+20
52.2595  1.05176e+20
52.3768  1.01409e+20
52.4941  9.82004e+19
52.6114  9.58384e+19
52.7287  9.43557e+19
52.846  9.35468e+19
52.9633  9.29816e+19
53.0806  9.19826e+19
53.1979  8.99741e+19
53.3152  8.6463e+19
53.4325  8.1336e+19
53.5498  7.49133e+19
53.6671  6.77868e+19
53.7844  6.08773e+19
53.9017  5.52006e+19
54.0191  5.14854e+19
54.1364  5.01985e+19
54.2537  5.13653e+19
54.371  5.46349e+19
54.4883  5.93431e+19
54.6056  6.47894e+19
54.7229  7.02461e+19
54.8402  7.52607e+19
54.9575  7.96226e+19
55.0748  8.33133e+19
55.1921  8.64608e+19
55.3094  8.92207e+19
55.4267  9.16947e+19
55.544  9.39096e+19
55.6613  9.5782e+19
55.7786  9.72397e+19
55.8959  9.81734e+19
56.0132  9.86178e+19
56.1305  9.85588e+19
56.2478  9.80448e+19
56.3651  9.71079e+19
56.4825  9.55162e+19
56.5998  9.31477e+19
56.7171  8.97027e+19
56.8344  8.51016e+19
56.9517  7.92882e+19
57.069  7.25254e+19
57.1863  6.54916e+19
57.3036  5.8833e+19
57.4209  5.33952e+19
57.5382  4.97941e+19
57.6555  4.83438e+19
57.7728  4.89964e+19
57.8901  5.12517e+19
58.0074  5.43732e+19
58.1247  5.75342e+19
58.242  6.00703e+19
58.3593  6.15831e+19
58.4766  6.20781e+19
58.5939  6.18519e+19
