#S 1 spectral density
#N 2
#UFWHM 22.5226
#L  abscissas [um]  spectral density
-58.5938  7.46304e+19
-58.4764  6.96734e+19
-58.3591  6.45694e+19
-58.2418  5.93093e+19
-58.1245  5.38549e+19
-58.0072  4.83158e+19
-57.8899  4.29548e+19
-57.7726  3.80555e+19
-57.6553  3.39668e+19
-57.538  3.09467e+19
-57.4207  2.91335e+19
-57.3034  2.8561e+19
-57.1861  2.91592e+19
-57.0688  3.08591e+19
-56.9515  3.35239e+19
-56.8342  3.70683e+19
-56.7169  4.13519e+19
-56.5996  4.61697e+19
-56.4823  5.11961e+19
-56.365  5.59259e+19
-56.2477  5.98385e+19
-56.1303  6.2366e+19
-56.013  6.31827e+19
-55.8957  6.22316e+19
-55.7784  5.99237e+19
-55.6611  5.70147e+19
-55.5438  5.45025e+19
-55.4265  5.35208e+19
-55.3092  5.48704e+19
-55.1919  5.89827e+19
-55.0746  6.5658e+19
-54.9573  7.4162e+19
-54.84  8.32584e+19
-54.7227  9.15574e+19
-54.6054  9.77273e+19
-54.4881  1.00807e+20
-54.3708  1.00366e+20
-54.2535  9.64895e+19
-54.1362  8.97896e+19
-54.0189  8.10893e+19
-53.9016  7.13978e+19
-53.7842  6.16211e+19
-53.6669  5.2438e+19
-53.5496  4.43269e+19
-53.4323  3.7572e+19
-53.315  3.23418e+19
-53.1977  2.8744e+19
-53.0804  2.68805e+19
-52.9631  2.68559e+19
-52.8458  2.87167e+19
-52.7285  3.24493e+19
-52.6112  3.78953e+19
-52.4939  4.48147e+19
-52.3766  5.28393e+19
-52.2593  6.16293e+19
-52.142  7.08417e+19
-52.0247  8.02023e+19
-51.9074  8.95154e+19
-51.7901  9.85836e+19
-51.6728  1.07271e+20
-51.5555  1.15307e+20
-51.4381  1.22321e+20
-51.3208  1.27994e+20
-51.2035  1.31842e+20
-51.0862  1.33647e+20
-50.9689  1.33189e+20
-50.8516  1.30558e+20
-50.7343  1.26123e+20
-50.617  1.20398e+20
-50.4997  1.1399e+20
-50.3824  1.07598e+20
-50.2651  1.01711e+20
-50.1478  9.67938e+19
-50.0305  9.29643e+19
-49.9132  9.03063e+19
-49.7959  8.86818e+19
-49.6786  8.79969e+19
-49.5613  8.81281e+19
-49.444  8.91144e+19
-49.3267  9.11009e+19
-49.2094  9.43802e+19
-49.092  9.93132e+19
-48.9747  1.06297e+20
-48.8574  1.15572e+20
-48.7401  1.27258e+20
-48.6228  1.4113e+20
-48.5055  1.56633e+20
-48.3882  1.72967e+20
-48.2709  1.8895e+20
-48.1536  2.03317e+20
-48.0363  2.14811e+20
-47.919  2.22443e+20
-47.8017  2.2556e+20
-47.6844  2.24028e+20
-47.5671  2.18249e+20
-47.4498  2.09148e+20
-47.3325  1.97813e+20
-47.2152  1.85632e+20
-47.0979  1.73785e+20
-46.9806  1.63165e+20
-46.8633  1.54423e+20
-46.7459  1.47881e+20
-46.6286  1.43529e+20
-46.5113  1.41311e+20
-46.394  1.41093e+20
-46.2767  1.42888e+20
-46.1594  1.46669e+20
-46.0421  1.52411e+20
-45.9248  1.59926e+20
-45.8075  1.68794e+20
-45.6902  1.78184e+20
-45.5729  1.8707e+20
-45.4556  1.94076e+20
-45.3383  1.97994e+20
-45.221  1.9776e+20
-45.1037  1.92885e+20
-44.9864  1.83492e+20
-44.8691  1.70447e+20
-44.7518  1.5517e+20
-44.6345  1.39534e+20
-44.5172  1.25633e+20
-44.3998  1.15392e+20
-44.2825  1.10382e+20
-44.1652  1.1169e+20
-44.0479  1.19827e+20
-43.9306  1.34679e+20
-43.8133  1.55615e+20
-43.696  1.8155e+20
-43.5787  2.1111e+20
-43.4614  2.42688e+20
-43.3441  2.74652e+20
-43.2268  3.05322e+20
-43.1095  3.33225e+20
-42.9922  3.57101e+20
-42.8749  3.76148e+20
-42.7576  3.89883e+20
-42.6403  3.98451e+20
-42.523  4.02205e+20
-42.4057  4.02013e+20
-42.2884  3.98751e+20
-42.171  3.93268e+20
-42.0537  3.86362e+20
-41.9364  3.78445e+20
-41.8191  3.6978e+20
-41.7018  3.60236e+20
-41.5845  3.4972e+20
-41.4672  3.38109e+20
-41.3499  3.25514e+20
-41.2326  3.12134e+20
-41.1153  2.98627e+20
-40.998  2.85809e+20
-40.8807  2.74505e+20
-40.7634  2.65674e+20
-40.6461  2.59989e+20
-40.5288  2.58003e+20
-40.4115  2.59955e+20
-40.2942  2.65587e+20
-40.1769  2.74488e+20
-40.0596  2.85952e+20
-39.9423  2.9903e+20
-39.825  3.12598e+20
-39.7076  3.25455e+20
-39.5903  3.36652e+20
-39.473  3.45333e+20
-39.3557  3.50744e+20
-39.2384  3.52774e+20
-39.1211  3.51577e+20
-39.0038  3.47631e+20
-38.8865  3.41733e+20
-38.7692  3.34973e+20
-38.6519  3.28124e+20
-38.5346  3.22121e+20
-38.4173  3.17271e+20
-38.3  3.13936e+20
-38.1827  3.11931e+20
-38.0654  3.10974e+20
-37.9481  3.10706e+20
-37.8308  3.10666e+20
-37.7135  3.10509e+20
-37.5962  3.09997e+20
-37.4789  3.08794e+20
-37.3615  3.0672e+20
-37.2442  3.03455e+20
-37.1269  2.98924e+20
-37.0096  2.93083e+20
-36.8923  2.8612e+20
-36.775  2.78672e+20
-36.6577  2.71565e+20
-36.5404  2.66108e+20
-36.4231  2.63696e+20
-36.3058  2.65499e+20
-36.1885  2.72473e+20
-36.0712  2.84908e+20
-35.9539  3.02437e+20
-35.8366  3.23951e+20
-35.7193  3.47831e+20
-35.602  3.72098e+20
-35.4847  3.95077e+20
-35.3674  4.1539e+20
-35.2501  4.32294e+20
-35.1328  4.4568e+20
-35.0154  4.56129e+20
-34.8981  4.64628e+20
-34.7808  4.72544e+20
-34.6635  4.80926e+20
-34.5462  4.90745e+20
-34.4289  5.02695e+20
-34.3116  5.16721e+20
-34.1943  5.32411e+20
-34.077  5.48897e+20
-33.9597  5.64794e+20
-33.8424  5.78617e+20
-33.7251  5.88595e+20
-33.6078  5.93034e+20
-33.4905  5.90483e+20
-33.3732  5.79911e+20
-33.2559  5.6108e+20
-33.1386  5.34372e+20
-33.0213  5.01173e+20
-32.904  4.63661e+20
-32.7867  4.24401e+20
-32.6693  3.86169e+20
-32.552  3.51681e+20
-32.4347  3.22905e+20
-32.3174  3.01471e+20
-32.2001  2.87765e+20
-32.0828  2.81635e+20
-31.9655  2.82174e+20
-31.8482  2.88205e+20
-31.7309  2.98403e+20
-31.6136  3.11428e+20
-31.4963  3.26205e+20
-31.379  3.42003e+20
-31.2617  3.58315e+20
-31.1444  3.74874e+20
-31.0271  3.91372e+20
-30.9098  4.08024e+20
-30.7925  4.24523e+20
-30.6752  4.40978e+20
-30.5579  4.57372e+20
-30.4406  4.73444e+20
-30.3232  4.89092e+20
-30.2059  5.03662e+20
-30.0886  5.16689e+20
-29.9713  5.276e+20
-29.854  5.35637e+20
-29.7367  5.40159e+20
-29.6194  5.41028e+20
-29.5021  5.3824e+20
-29.3848  5.32151e+20
-29.2675  5.23676e+20
-29.1502  5.13865e+20
-29.0329  5.04032e+20
-28.9156  4.95338e+20
-28.7983  4.88793e+20
-28.681  4.85238e+20
-28.5637  4.85121e+20
-28.4464  4.88622e+20
-28.3291  4.9564e+20
-28.2118  5.05899e+20
-28.0944  5.19013e+20
-27.9771  5.34541e+20
-27.8598  5.51995e+20
-27.7425  5.70789e+20
-27.6252  5.90421e+20
-27.5079  6.10557e+20
-27.3906  6.30942e+20
-27.2733  6.51602e+20
-27.156  6.72491e+20
-27.0387  6.94059e+20
-26.9214  7.16614e+20
-26.8041  7.40622e+20
-26.6868  7.66324e+20
-26.5695  7.9384e+20
-26.4522  8.22959e+20
-26.3349  8.53249e+20
-26.2176  8.84247e+20
-26.1003  9.14853e+20
-25.983  9.44341e+20
-25.8657  9.7177e+20
-25.7483  9.96382e+20
-25.631  1.01769e+21
-25.5137  1.03516e+21
-25.3964  1.04871e+21
-25.2791  1.05844e+21
-25.1618  1.06473e+21
-25.0445  1.06799e+21
-24.9272  1.06912e+21
-24.8099  1.06886e+21
-24.6926  1.06815e+21
-24.5753  1.06775e+21
-24.458  1.0682e+21
-24.3407  1.06971e+21
-24.2234  1.07253e+21
-24.1061  1.07639e+21
-23.9888  1.08128e+21
-23.8715  1.0872e+21
-23.7542  1.09464e+21
-23.6369  1.10428e+21
-23.5196  1.11736e+21
-23.4023  1.13531e+21
-23.2849  1.1597e+21
-23.1676  1.19171e+21
-23.0503  1.23225e+21
-22.933  1.28129e+21
-22.8157  1.33818e+21
-22.6984  1.40136e+21
-22.5811  1.46858e+21
-22.4638  1.53711e+21
-22.3465  1.60416e+21
-22.2292  1.66697e+21
-22.1119  1.72326e+21
-21.9946  1.77146e+21
-21.8773  1.81073e+21
-21.76  1.84131e+21
-21.6427  1.86435e+21
-21.5254  1.88177e+21
-21.4081  1.89653e+21
-21.2908  1.9119e+21
-21.1735  1.9314e+21
-21.0561  1.95858e+21
-20.9388  1.99626e+21
-20.8215  2.04649e+21
-20.7042  2.11039e+21
-20.5869  2.18732e+21
-20.4696  2.27603e+21
-20.3523  2.37386e+21
-20.235  2.47748e+21
-20.1177  2.58296e+21
-20.0004  2.68701e+21
-19.8831  2.78643e+21
-19.7658  2.87909e+21
-19.6485  2.96363e+21
-19.5312  3.04038e+21
-19.4139  3.10998e+21
-19.2966  3.17454e+21
-19.1793  3.23647e+21
-19.062  3.29854e+21
-18.9447  3.36312e+21
-18.8274  3.43241e+21
-18.71  3.50803e+21
-18.5927  3.59033e+21
-18.4754  3.67898e+21
-18.3581  3.77261e+21
-18.2408  3.86922e+21
-18.1235  3.96602e+21
-18.0062  4.06024e+21
-17.8889  4.14878e+21
-17.7716  4.22999e+21
-17.6543  4.30235e+21
-17.537  4.36569e+21
-17.4197  4.42121e+21
-17.3024  4.47123e+21
-17.1851  4.51912e+21
-17.0678  4.56845e+21
-16.9505  4.62332e+21
-16.8332  4.68738e+21
-16.7159  4.76353e+21
-16.5986  4.85349e+21
-16.4813  4.95809e+21
-16.364  5.07661e+21
-16.2466  5.20737e+21
-16.1293  5.3474e+21
-16.012  5.4939e+21
-15.8947  5.64339e+21
-15.7774  5.79299e+21
-15.6601  5.94053e+21
-15.5428  6.08456e+21
-15.4255  6.22456e+21
-15.3082  6.36148e+21
-15.1909  6.49709e+21
-15.0736  6.63338e+21
-14.9563  6.77281e+21
-14.839  6.91772e+21
-14.7217  7.06924e+21
-14.6044  7.2277e+21
-14.4871  7.39236e+21
-14.3698  7.56076e+21
-14.2525  7.72916e+21
-14.1352  7.89314e+21
-14.0178  8.04872e+21
-13.9005  8.19128e+21
-13.7832  8.31766e+21
-13.6659  8.42574e+21
-13.5486  8.51544e+21
-13.4313  8.58792e+21
-13.314  8.64609e+21
-13.1967  8.69377e+21
-13.0794  8.73648e+21
-12.9621  8.7785e+21
-12.8448  8.82559e+21
-12.7275  8.88111e+21
-12.6102  8.94881e+21
-12.4929  9.03019e+21
-12.3756  9.12507e+21
-12.2583  9.23274e+21
-12.141  9.35062e+21
-12.0237  9.47481e+21
-11.9064  9.60095e+21
-11.7891  9.72483e+21
-11.6718  9.84227e+21
-11.5544  9.95078e+21
-11.4371  1.00491e+22
-11.3198  1.01371e+22
-11.2025  1.02173e+22
-11.0852  1.02942e+22
-10.9679  1.0373e+22
-10.8506  1.04609e+22
-10.7333  1.05645e+22
-10.616  1.0691e+22
-10.4987  1.08471e+22
-10.3814  1.10364e+22
-10.2641  1.1262e+22
-10.1468  1.15241e+22
-10.0295  1.18203e+22
-9.91217  1.21452e+22
-9.79487  1.2492e+22
-9.67756  1.28507e+22
-9.56026  1.32109e+22
-9.44295  1.35605e+22
-9.32565  1.38895e+22
-9.20834  1.41873e+22
-9.09104  1.4446e+22
-8.97373  1.46607e+22
-8.85643  1.48286e+22
-8.73913  1.49496e+22
-8.62182  1.50274e+22
-8.50452  1.50671e+22
-8.38721  1.50766e+22
-8.26991  1.50627e+22
-8.1526  1.5035e+22
-8.03529  1.50003e+22
-7.91799  1.49665e+22
-7.80069  1.49387e+22
-7.68338  1.49208e+22
-7.56608  1.49158e+22
-7.44877  1.49246e+22
-7.33146  1.49466e+22
-7.21416  1.49801e+22
-7.09685  1.50228e+22
-6.97955  1.50721e+22
-6.86224  1.51256e+22
-6.74494  1.51819e+22
-6.62763  1.52382e+22
-6.51033  1.52947e+22
-6.39302  1.53514e+22
-6.27572  1.54092e+22
-6.15842  1.54698e+22
-6.04111  1.55354e+22
-5.92381  1.56079e+22
-5.8065  1.56909e+22
-5.68919  1.57861e+22
-5.57189  1.58961e+22
-5.45458  1.60226e+22
-5.33728  1.61672e+22
-5.21997  1.63298e+22
-5.10267  1.65103e+22
-4.98536  1.67071e+22
-4.86806  1.69175e+22
-4.75075  1.71382e+22
-4.63345  1.73658e+22
-4.51614  1.75954e+22
-4.39884  1.78224e+22
-4.28154  1.80432e+22
-4.16423  1.82532e+22
-4.04692  1.84494e+22
-3.92962  1.86293e+22
-3.81231  1.87918e+22
-3.69501  1.89364e+22
-3.5777  1.90632e+22
-3.4604  1.9174e+22
-3.34309  1.92707e+22
-3.22579  1.93557e+22
-3.10849  1.94322e+22
-2.99118  1.95031e+22
-2.87387  1.95714e+22
-2.75657  1.96397e+22
-2.63926  1.97097e+22
-2.52196  1.97824e+22
-2.40465  1.98576e+22
-2.28735  1.99335e+22
-2.17005  2.00083e+22
-2.05274  2.00789e+22
-1.93544  2.01403e+22
-1.81813  2.01891e+22
-1.70083  2.02204e+22
-1.58352  2.02307e+22
-1.46622  2.02173e+22
-1.34891  2.0179e+22
-1.2316  2.01157e+22
-1.1143  2.00299e+22
-0.996995  1.9925e+22
-0.87969  1.98069e+22
-0.762385  1.96807e+22
-0.64508  1.95551e+22
-0.527775  1.94367e+22
-0.41047  1.93322e+22
-0.293165  1.92479e+22
-0.17586  1.91886e+22
-0.058555  1.91581e+22
0.05875  1.91579e+22
0.176055  1.91878e+22
0.29336  1.92462e+22
0.410665  1.933e+22
0.52797  1.94335e+22
0.645275  1.95512e+22
0.76258  1.96758e+22
0.879885  1.98006e+22
0.99719  1.99176e+22
1.1145  2.0021e+22
1.2318  2.01053e+22
1.3491  2.01673e+22
1.46641  2.0204e+22
1.58371  2.02156e+22
1.70102  2.02037e+22
1.81832  2.01707e+22
1.93563  2.01202e+22
2.05294  2.00569e+22
2.17024  1.99851e+22
2.28754  1.99088e+22
2.40485  1.9831e+22
2.52216  1.97543e+22
2.63946  1.96801e+22
2.75677  1.96082e+22
2.87407  1.95381e+22
2.99137  1.94676e+22
3.10868  1.93946e+22
3.22599  1.93157e+22
3.34329  1.92285e+22
3.4606  1.91298e+22
3.5779  1.90166e+22
3.69521  1.88872e+22
3.81251  1.87408e+22
3.92982  1.85758e+22
4.04712  1.83937e+22
4.16443  1.81958e+22
4.28173  1.7984e+22
4.39903  1.7762e+22
4.51634  1.75335e+22
4.63364  1.73034e+22
4.75095  1.70749e+22
4.86825  1.68535e+22
4.98556  1.66426e+22
5.10286  1.64458e+22
5.22017  1.62651e+22
5.33748  1.61024e+22
5.45478  1.59578e+22
5.57209  1.58315e+22
5.68939  1.57211e+22
5.8067  1.56259e+22
5.924  1.55428e+22
6.0413  1.54699e+22
6.15861  1.5404e+22
6.27591  1.5343e+22
6.39322  1.5285e+22
6.51052  1.52279e+22
6.62783  1.51708e+22
6.74514  1.51139e+22
6.86244  1.50579e+22
6.97975  1.50039e+22
7.09705  1.49544e+22
7.21436  1.49117e+22
7.33166  1.48782e+22
7.44897  1.48563e+22
7.56627  1.48477e+22
7.68358  1.48524e+22
7.80088  1.48699e+22
7.91819  1.48971e+22
8.03549  1.49305e+22
8.1528  1.49645e+22
8.2701  1.49909e+22
8.38741  1.5003e+22
8.50471  1.49921e+22
8.62202  1.49503e+22
8.73932  1.48702e+22
8.85662  1.47471e+22
8.97393  1.45776e+22
9.09123  1.4361e+22
9.20854  1.41008e+22
9.32584  1.38022e+22
9.44315  1.34724e+22
9.56045  1.31222e+22
9.67776  1.27626e+22
9.79506  1.24044e+22
9.91237  1.20588e+22
10.0297  1.1735e+22
10.147  1.14404e+22
10.2643  1.11799e+22
10.3816  1.09555e+22
10.4989  1.07676e+22
10.6162  1.06127e+22
10.7335  1.04869e+22
10.8508  1.03837e+22
10.9681  1.02961e+22
11.0854  1.02173e+22
11.2027  1.01404e+22
11.32  1.00596e+22
11.4373  9.97105e+21
11.5546  9.87246e+21
11.6719  9.76332e+21
11.7893  9.6456e+21
11.9066  9.52174e+21
12.0239  9.39537e+21
12.1412  9.27169e+21
12.2585  9.15449e+21
12.3758  9.04739e+21
12.4931  8.95311e+21
12.6104  8.87259e+21
12.7277  8.80592e+21
12.845  8.75124e+21
12.9623  8.7049e+21
13.0796  8.66343e+21
13.1969  8.62126e+21
13.3142  8.5739e+21
13.4315  8.51586e+21
13.5488  8.44346e+21
13.6661  8.35377e+21
13.7834  8.2454e+21
13.9007  8.11889e+21
14.018  7.97632e+21
14.1354  7.82068e+21
14.2527  7.65651e+21
14.37  7.48845e+21
14.4873  7.32028e+21
14.6046  7.15602e+21
14.7219  6.99781e+21
14.8392  6.84687e+21
14.9565  6.70259e+21
15.0738  6.56357e+21
15.1911  6.42805e+21
15.3084  6.29307e+21
15.4257  6.15665e+21
15.543  6.0173e+21
15.6603  5.87414e+21
15.7776  5.72766e+21
15.8949  5.57896e+21
16.0122  5.4306e+21
16.1295  5.28518e+21
16.2468  5.14618e+21
16.3641  5.01668e+21
16.4815  4.89938e+21
16.5988  4.79595e+21
16.7161  4.70668e+21
16.8334  4.63162e+21
16.9507  4.56829e+21
17.068  4.5141e+21
17.1853  4.46525e+21
17.3026  4.41792e+21
17.4199  4.36825e+21
17.5372  4.31305e+21
17.6545  4.24996e+21
17.7718  4.17818e+21
17.8891  4.09751e+21
18.0064  4.00956e+21
18.1237  3.91625e+21
18.241  3.82032e+21
18.3583  3.72472e+21
18.4756  3.63208e+21
18.5929  3.54442e+21
18.7102  3.46309e+21
18.8275  3.38851e+21
18.9449  3.32004e+21
19.0622  3.25631e+21
19.1795  3.19497e+21
19.2968  3.13361e+21
19.4141  3.06954e+21
19.5314  3.00047e+21
19.6487  2.92431e+21
19.766  2.84028e+21
19.8833  2.74831e+21
20.0006  2.64958e+21
20.1179  2.54634e+21
20.2352  2.44176e+21
20.3525  2.33933e+21
20.4698  2.24277e+21
20.5871  2.15536e+21
20.7044  2.07962e+21
20.8217  2.01704e+21
20.939  1.96796e+21
21.0563  1.93131e+21
21.1736  1.90504e+21
21.291  1.88625e+21
21.4083  1.87147e+21
21.5256  1.85724e+21
21.6429  1.84006e+21
21.7602  1.81739e+21
21.8775  1.78703e+21
21.9948  1.74801e+21
22.1121  1.70018e+21
22.2294  1.64421e+21
22.3467  1.58188e+21
22.464  1.51549e+21
22.5813  1.44759e+21
22.6986  1.38123e+21
22.8159  1.31893e+21
22.9332  1.26291e+21
23.0505  1.21473e+21
23.1678  1.17511e+21
23.2851  1.14391e+21
23.4024  1.12029e+21
23.5198  1.10295e+21
23.6371  1.0905e+21
23.7544  1.08132e+21
23.8717  1.07435e+21
23.989  1.06882e+21
24.1063  1.06434e+21
24.2236  1.06083e+21
24.3409  1.05841e+21
24.4582  1.05721e+21
24.5755  1.05713e+21
24.6928  1.05788e+21
24.8101  1.0589e+21
24.9274  1.05938e+21
25.0447  1.05849e+21
25.162  1.05548e+21
25.2793  1.04951e+21
25.3966  1.03997e+21
25.5139  1.02658e+21
25.6312  1.00927e+21
25.7485  9.88232e+20
25.8658  9.63822e+20
25.9832  9.36606e+20
26.1005  9.07367e+20
26.2178  8.77043e+20
26.3351  8.4646e+20
26.4524  8.16339e+20
26.5697  7.87532e+20
26.687  7.60324e+20
26.8043  7.34879e+20
26.9216  7.11245e+20
27.0389  6.88885e+20
27.1562  6.67574e+20
27.2735  6.46843e+20
27.3908  6.26479e+20
27.5081  6.06246e+20
27.6254  5.863e+20
27.7427  5.66889e+20
27.86  5.48313e+20
27.9773  5.31093e+20
28.0946  5.15796e+20
28.212  5.02889e+20
28.3293  4.92871e+20
28.4466  4.86112e+20
28.5639  4.8287e+20
28.6812  4.83208e+20
28.7985  4.87003e+20
28.9158  4.93739e+20
29.0331  5.02591e+20
29.1504  5.12533e+20
29.2677  5.22434e+20
29.385  5.30926e+20
29.5023  5.37005e+20
29.6196  5.39749e+20
29.7369  5.38853e+20
29.8542  5.34276e+20
29.9715  5.26213e+20
30.0888  5.15363e+20
30.2061  5.02223e+20
30.3234  4.87616e+20
30.4407  4.72117e+20
30.558  4.56006e+20
30.6754  4.39768e+20
30.7927  4.23225e+20
30.91  4.06741e+20
31.0273  3.90232e+20
31.1446  3.73676e+20
31.2619  3.57206e+20
31.3792  3.40875e+20
31.4965  3.25117e+20
31.6138  3.10377e+20
31.7311  2.97392e+20
31.8484  2.87301e+20
31.9657  2.81412e+20
32.083  2.81041e+20
32.2003  2.87376e+20
32.3176  3.01314e+20
32.4349  3.23002e+20
32.5522  3.51918e+20
32.6695  3.86552e+20
32.7868  4.24778e+20
32.9042  4.64022e+20
33.0215  5.01352e+20
33.1388  5.3435e+20
33.2561  5.60729e+20
33.3734  5.79305e+20
33.4907  5.89556e+20
33.608  5.91822e+20
33.7253  5.87214e+20
33.8426  5.77028e+20
33.9599  5.63162e+20
34.0772  5.47139e+20
34.1945  5.30662e+20
34.3118  5.15024e+20
34.4291  5.01068e+20
34.5464  4.89233e+20
34.6637  4.79345e+20
34.781  4.71016e+20
34.8983  4.63164e+20
35.0156  4.54606e+20
35.1329  4.44077e+20
35.2503  4.30573e+20
35.3676  4.13649e+20
35.4849  3.93199e+20
35.6022  3.70124e+20
35.7195  3.45809e+20
35.8368  3.22051e+20
35.9541  3.00606e+20
36.0714  2.83247e+20
36.1887  2.70938e+20
36.306  2.6407e+20
36.4233  2.62369e+20
36.5406  2.64897e+20
36.6579  2.7039e+20
36.7752  2.77488e+20
36.8925  2.8492e+20
37.0098  2.91853e+20
37.1271  2.97645e+20
37.2444  3.02187e+20
37.3617  3.05444e+20
37.479  3.07538e+20
37.5964  3.08734e+20
37.7137  3.09299e+20
37.831  3.0945e+20
37.9483  3.09496e+20
38.0656  3.09761e+20
38.1829  3.10724e+20
38.3002  3.12731e+20
38.4175  3.16096e+20
38.5348  3.20944e+20
38.6521  3.26969e+20
38.7694  3.33795e+20
38.8867  3.4057e+20
39.004  3.46401e+20
39.1213  3.50279e+20
39.2386  3.51403e+20
39.3559  3.49298e+20
39.4732  3.43793e+20
39.5905  3.35146e+20
39.7078  3.23934e+20
39.8251  3.10998e+20
39.9425  2.97459e+20
40.0598  2.84464e+20
40.1771  2.73103e+20
40.2944  2.64263e+20
40.4117  2.58705e+20
40.529  2.56897e+20
40.6463  2.58963e+20
40.7636  2.64738e+20
40.8809  2.73622e+20
40.9982  2.84919e+20
41.1155  2.97818e+20
41.2328  3.11334e+20
41.3501  3.24631e+20
41.4674  3.37228e+20
41.5847  3.4882e+20
41.702  3.59258e+20
41.8193  3.68763e+20
41.9366  3.77426e+20
42.0539  3.85308e+20
42.1712  3.92155e+20
42.2885  3.97533e+20
42.4059  4.00725e+20
42.5232  4.00758e+20
42.6405  3.96857e+20
42.7578  3.8811e+20
42.8751  3.74205e+20
42.9924  3.55018e+20
43.1097  3.31008e+20
43.227  3.03075e+20
43.3443  2.72413e+20
43.4616  2.4055e+20
43.5789  2.0911e+20
43.6962  1.79735e+20
43.8135  1.5402e+20
43.9308  1.33331e+20
44.0481  1.1873e+20
44.1654  1.1082e+20
44.2827  1.09722e+20
44.4  1.1489e+20
44.5173  1.25244e+20
44.6347  1.39195e+20
44.752  1.54757e+20
44.8693  1.69943e+20
44.9866  1.82878e+20
45.1039  1.92097e+20
45.2212  1.96787e+20
45.3385  1.96897e+20
45.4558  1.92908e+20
45.5731  1.8584e+20
45.6904  1.77009e+20
45.8077  1.67677e+20
45.925  1.58918e+20
46.0423  1.51517e+20
46.1596  1.45912e+20
46.2769  1.42261e+20
46.3942  1.40562e+20
46.5115  1.40883e+20
46.6288  1.43182e+20
46.7461  1.47612e+20
46.8634  1.54253e+20
46.9808  1.63034e+20
47.0981  1.73709e+20
47.2154  1.85579e+20
47.3327  1.97759e+20
47.45  2.08979e+20
47.5673  2.17964e+20
47.6846  2.23621e+20
47.8019  2.24959e+20
47.9192  2.21693e+20
48.0365  2.13908e+20
48.1538  2.02287e+20
48.2711  1.87874e+20
48.3884  1.71878e+20
48.5057  1.55608e+20
48.623  1.40124e+20
48.7403  1.26345e+20
48.8576  1.14751e+20
48.9749  1.05547e+20
49.0922  9.86532e+19
49.2095  9.38045e+19
49.3269  9.05597e+19
49.4442  8.8604e+19
49.5615  8.76456e+19
49.6788  8.75382e+19
49.7961  8.82485e+19
49.9134  8.99113e+19
50.0307  9.26276e+19
50.148  9.6461e+19
50.2653  1.01444e+20
50.3826  1.07334e+20
50.4999  1.13753e+20
50.6172  1.20128e+20
50.7345  1.25839e+20
50.8518  1.30214e+20
50.9691  1.32761e+20
51.0864  1.33168e+20
51.2037  1.31311e+20
51.321  1.27407e+20
51.4383  1.21692e+20
51.5556  1.14635e+20
51.673  1.06622e+20
51.7903  9.79431e+19
51.9076  8.88708e+19
52.0249  7.95608e+19
52.1422  7.02432e+19
52.2595  6.10698e+19
52.3768  5.2315e+19
52.4941  4.43331e+19
52.6114  3.74831e+19
52.7287  3.2102e+19
52.846  2.84439e+19
52.9633  2.66466e+19
53.0806  2.67335e+19
53.1979  2.86513e+19
53.3152  3.23181e+19
53.4325  3.75989e+19
53.5498  4.44066e+19
53.6671  5.25545e+19
53.7844  6.1755e+19
53.9017  7.15427e+19
54.0191  8.12154e+19
54.1364  8.98647e+19
54.2537  9.64871e+19
54.371  1.00233e+20
54.4883  1.00565e+20
54.6056  9.73605e+19
54.7229  9.1085e+19
54.8402  8.27523e+19
54.9575  7.36777e+19
55.0748  6.52447e+19
55.1921  5.86586e+19
55.3094  5.46711e+19
55.4267  5.34238e+19
55.544  5.44852e+19
55.6613  5.70235e+19
55.7786  5.99508e+19
55.8959  6.22204e+19
56.0132  6.31067e+19
56.1305  6.22266e+19
56.2478  5.96262e+19
56.3651  5.57104e+19
56.4825  5.09431e+19
56.5998  4.59331e+19
56.7171  4.11309e+19
56.8344  3.68866e+19
56.9517  3.33886e+19
57.069  3.07384e+19
57.1863  2.91069e+19
57.3036  2.85354e+19
57.4209  2.91597e+19
57.5382  3.10218e+19
57.6555  3.40774e+19
57.7728  3.82021e+19
57.8901  4.30955e+19
58.0074  4.84672e+19
58.1247  5.39805e+19
58.242  5.93943e+19
58.3593  6.46379e+19
58.4766  6.97263e+19
58.5939  7.46498e+19
