#S 1 spectral density
#N 2
#UFWHM 7.15561
#L  abscissas [um]  spectral density
-58.5938  2.18962e+20
-58.4764  2.44724e+20
-58.3591  2.65201e+20
-58.2418  2.78786e+20
-58.1245  2.84635e+20
-58.0072  2.83068e+20
-57.8899  2.75413e+20
-57.7726  2.63675e+20
-57.6553  2.50179e+20
-57.538  2.37017e+20
-57.4207  2.25846e+20
-57.3034  2.17301e+20
-57.1861  2.11247e+20
-57.0688  2.07025e+20
-56.9515  2.03741e+20
-56.8342  2.00505e+20
-56.7169  1.97215e+20
-56.5996  1.94117e+20
-56.4823  1.92136e+20
-56.365  1.92377e+20
-56.2477  1.95817e+20
-56.1303  2.02796e+20
-56.013  2.13093e+20
-55.8957  2.25555e+20
-55.7784  2.3846e+20
-55.6611  2.49952e+20
-55.5438  2.58429e+20
-55.4265  2.62739e+20
-55.3092  2.62621e+20
-55.1919  2.58572e+20
-55.0746  2.51621e+20
-54.9573  2.42945e+20
-54.84  2.33687e+20
-54.7227  2.24352e+20
-54.6054  2.15067e+20
-54.4881  2.05441e+20
-54.3708  1.94914e+20
-54.2535  1.82989e+20
-54.1362  1.69669e+20
-54.0189  1.55583e+20
-53.9016  1.41975e+20
-53.7842  1.305e+20
-53.6669  1.22861e+20
-53.5496  1.20404e+20
-53.4323  1.23921e+20
-53.315  1.33238e+20
-53.1977  1.47407e+20
-53.0804  1.64862e+20
-52.9631  1.83776e+20
-52.8458  2.02328e+20
-52.7285  2.19205e+20
-52.6112  2.33549e+20
-52.4939  2.45188e+20
-52.3766  2.54154e+20
-52.2593  2.60652e+20
-52.142  2.64694e+20
-52.0247  2.65897e+20
-51.9074  2.63585e+20
-51.7901  2.56915e+20
-51.6728  2.44993e+20
-51.5555  2.27566e+20
-51.4381  2.05104e+20
-51.3208  1.78861e+20
-51.2035  1.50951e+20
-51.0862  1.2389e+20
-50.9689  1.00156e+20
-50.8516  8.17333e+19
-50.7343  6.9601e+19
-50.617  6.37385e+19
-50.4997  6.30727e+19
-50.3824  6.59341e+19
-50.2651  7.05059e+19
-50.1478  7.5537e+19
-50.0305  8.05759e+19
-49.9132  8.62234e+19
-49.7959  9.39481e+19
-49.6786  1.05661e+20
-49.5613  1.22945e+20
-49.444  1.46582e+20
-49.3267  1.76029e+20
-49.2094  2.09305e+20
-49.092  2.43132e+20
-48.9747  2.73642e+20
-48.8574  2.97082e+20
-48.7401  3.10479e+20
-48.6228  3.12375e+20
-48.5055  3.03252e+20
-48.3882  2.85228e+20
-48.2709  2.61629e+20
-48.1536  2.36315e+20
-48.0363  2.13132e+20
-47.919  1.94937e+20
-47.8017  1.83322e+20
-47.6844  1.78558e+20
-47.5671  1.79704e+20
-47.4498  1.85106e+20
-47.3325  1.92711e+20
-47.2152  2.00787e+20
-47.0979  2.07973e+20
-46.9806  2.13636e+20
-46.8633  2.17593e+20
-46.7459  2.1995e+20
-46.6286  2.2121e+20
-46.5113  2.21574e+20
-46.394  2.21161e+20
-46.2767  2.19857e+20
-46.1594  2.17623e+20
-46.0421  2.14233e+20
-45.9248  2.09728e+20
-45.8075  2.04346e+20
-45.6902  1.98544e+20
-45.5729  1.92877e+20
-45.4556  1.87984e+20
-45.3383  1.84449e+20
-45.221  1.82576e+20
-45.1037  1.82563e+20
-44.9864  1.84346e+20
-44.8691  1.87626e+20
-44.7518  1.92039e+20
-44.6345  1.9705e+20
-44.5172  2.0205e+20
-44.3998  2.0652e+20
-44.2825  2.09906e+20
-44.1652  2.11776e+20
-44.0479  2.11767e+20
-43.9306  2.09821e+20
-43.8133  2.06059e+20
-43.696  2.0095e+20
-43.5787  1.95337e+20
-43.4614  1.90097e+20
-43.3441  1.86325e+20
-43.2268  1.84902e+20
-43.1095  1.86503e+20
-42.9922  1.91028e+20
-42.8749  1.97952e+20
-42.7576  2.06129e+20
-42.6403  2.13737e+20
-42.523  2.18894e+20
-42.4057  2.19799e+20
-42.2884  2.1502e+20
-42.171  2.03984e+20
-42.0537  1.87167e+20
-41.9364  1.65934e+20
-41.8191  1.42608e+20
-41.7018  1.19937e+20
-41.5845  1.00741e+20
-41.4672  8.75198e+19
-41.3499  8.18502e+19
-41.2326  8.43559e+19
-41.1153  9.44542e+19
-40.998  1.10626e+20
-40.8807  1.30639e+20
-40.7634  1.51986e+20
-40.6461  1.72294e+20
-40.5288  1.89667e+20
-40.4115  2.02893e+20
-40.2942  2.11462e+20
-40.1769  2.1544e+20
-40.0596  2.15377e+20
-39.9423  2.11819e+20
-39.825  2.05414e+20
-39.7076  1.9664e+20
-39.5903  1.85758e+20
-39.473  1.72976e+20
-39.3557  1.58441e+20
-39.2384  1.42458e+20
-39.1211  1.25502e+20
-39.0038  1.0811e+20
-38.8865  9.10824e+19
-38.7692  7.50611e+19
-38.6519  6.05831e+19
-38.5346  4.80478e+19
-38.4173  3.77516e+19
-38.3  2.99148e+19
-38.1827  2.48359e+19
-38.0654  2.30046e+19
-37.9481  2.50665e+19
-37.8308  3.18439e+19
-37.7135  4.39931e+19
-37.5962  6.19619e+19
-37.4789  8.55128e+19
-37.3615  1.13671e+20
-37.2442  1.44723e+20
-37.1269  1.76093e+20
-37.0096  2.049e+20
-36.8923  2.28219e+20
-36.775  2.43677e+20
-36.6577  2.49633e+20
-36.5404  2.45764e+20
-36.4231  2.3292e+20
-36.3058  2.1315e+20
-36.1885  1.89321e+20
-36.0712  1.64712e+20
-35.9539  1.4255e+20
-35.8366  1.25526e+20
-35.7193  1.15462e+20
-35.602  1.13286e+20
-35.4847  1.18856e+20
-35.3674  1.31205e+20
-35.2501  1.48767e+20
-35.1328  1.6966e+20
-35.0154  1.91967e+20
-34.8981  2.13976e+20
-34.7808  2.34343e+20
-34.6635  2.52095e+20
-34.5462  2.66804e+20
-34.4289  2.78526e+20
-34.3116  2.87452e+20
-34.1943  2.94073e+20
-34.077  2.99139e+20
-33.9597  3.03394e+20
-33.8424  3.07473e+20
-33.7251  3.12021e+20
-33.6078  3.17401e+20
-33.4905  3.2384e+20
-33.3732  3.3123e+20
-33.2559  3.38988e+20
-33.1386  3.462e+20
-33.0213  3.51677e+20
-32.904  3.53929e+20
-32.7867  3.51511e+20
-32.6693  3.43224e+20
-32.552  3.2849e+20
-32.4347  3.07829e+20
-32.3174  2.82653e+20
-32.2001  2.55681e+20
-32.0828  2.30528e+20
-31.9655  2.11303e+20
-31.8482  2.02192e+20
-31.7309  2.06385e+20
-31.6136  2.25792e+20
-31.4963  2.60158e+20
-31.379  3.07233e+20
-31.2617  3.62543e+20
-31.1444  4.20264e+20
-31.0271  4.73714e+20
-30.9098  5.16849e+20
-30.7925  5.44467e+20
-30.6752  5.5365e+20
-30.5579  5.43539e+20
-30.4406  5.16027e+20
-30.3232  4.74808e+20
-30.2059  4.24449e+20
-30.0886  3.70236e+20
-29.9713  3.16994e+20
-29.854  2.6832e+20
-29.7367  2.26624e+20
-29.6194  1.92905e+20
-29.5021  1.67232e+20
-29.3848  1.48896e+20
-29.2675  1.37029e+20
-29.1502  1.31051e+20
-29.0329  1.30639e+20
-28.9156  1.35673e+20
-28.7983  1.46175e+20
-28.681  1.61902e+20
-28.5637  1.82112e+20
-28.4464  2.05321e+20
-28.3291  2.2963e+20
-28.2118  2.52513e+20
-28.0944  2.71586e+20
-27.9771  2.84705e+20
-27.8598  2.90518e+20
-27.7425  2.88662e+20
-27.6252  2.79815e+20
-27.5079  2.65635e+20
-27.3906  2.48339e+20
-27.2733  2.30284e+20
-27.156  2.13866e+20
-27.0387  2.00538e+20
-26.9214  1.91223e+20
-26.8041  1.85763e+20
-26.6868  1.83289e+20
-26.5695  1.82181e+20
-26.4522  1.80714e+20
-26.3349  1.77097e+20
-26.2176  1.69936e+20
-26.1003  1.58539e+20
-25.983  1.43018e+20
-25.8657  1.24278e+20
-25.7483  1.03902e+20
-25.631  8.38143e+19
-25.5137  6.62515e+19
-25.3964  5.30015e+19
-25.2791  4.54018e+19
-25.1618  4.38898e+19
-25.0445  4.79975e+19
-24.9272  5.63358e+19
-24.8099  6.68176e+19
-24.6926  7.71362e+19
-24.5753  8.51611e+19
-24.458  8.93689e+19
-24.3407  8.94735e+19
-24.2234  8.62982e+19
-24.1061  8.20799e+19
-23.9888  7.98805e+19
-23.8715  8.31853e+19
-23.7542  9.51659e+19
-23.6369  1.17899e+20
-23.5196  1.51878e+20
-23.4023  1.95576e+20
-23.2849  2.45582e+20
-23.1676  2.97017e+20
-23.0503  3.44202e+20
-22.933  3.81847e+20
-22.8157  4.05446e+20
-22.6984  4.12737e+20
-22.5811  4.03808e+20
-22.4638  3.80901e+20
-22.3465  3.48433e+20
-22.2292  3.11852e+20
-22.1119  2.76811e+20
-21.9946  2.48325e+20
-21.8773  2.29805e+20
-21.76  2.22742e+20
-21.6427  2.26492e+20
-21.5254  2.38729e+20
-21.4081  2.56048e+20
-21.2908  2.74465e+20
-21.1735  2.90367e+20
-21.0561  3.01e+20
-20.9388  3.0475e+20
-20.8215  3.01397e+20
-20.7042  2.91875e+20
-20.5869  2.78163e+20
-20.4696  2.63031e+20
-20.3523  2.49667e+20
-20.235  2.41318e+20
-20.1177  2.41133e+20
-20.0004  2.52054e+20
-19.8831  2.76302e+20
-19.7658  3.15295e+20
-19.6485  3.69391e+20
-19.5312  4.37493e+20
-19.4139  5.17244e+20
-19.2966  6.04905e+20
-19.1793  6.95343e+20
-19.062  7.82902e+20
-18.9447  8.6184e+20
-18.8274  9.26496e+20
-18.71  9.72748e+20
-18.5927  9.97663e+20
-18.4754  1.00029e+21
-18.3581  9.81732e+20
-18.2408  9.44267e+20
-18.1235  8.92213e+20
-18.0062  8.30326e+20
-17.8889  7.63557e+20
-17.7716  6.96975e+20
-17.6543  6.34461e+20
-17.537  5.79502e+20
-17.4197  5.34298e+20
-17.3024  5.00224e+20
-17.1851  4.77729e+20
-17.0678  4.66673e+20
-16.9505  4.66406e+20
-16.8332  4.76014e+20
-16.7159  4.94451e+20
-16.5986  5.2057e+20
-16.4813  5.5321e+20
-16.364  5.91137e+20
-16.2466  6.33032e+20
-16.1293  6.77474e+20
-16.012  7.22842e+20
-15.8947  7.67563e+20
-15.7774  8.09852e+20
-15.6601  8.48211e+20
-15.5428  8.81218e+20
-15.4255  9.07789e+20
-15.3082  9.27132e+20
-15.1909  9.38921e+20
-15.0736  9.42891e+20
-14.9563  9.39412e+20
-14.839  9.28576e+20
-14.7217  9.11165e+20
-14.6044  8.87243e+20
-14.4871  8.57305e+20
-14.3698  8.21818e+20
-14.2525  7.81525e+20
-14.1352  7.37245e+20
-14.0178  6.89963e+20
-13.9005  6.41116e+20
-13.7832  5.92063e+20
-13.6659  5.44349e+20
-13.5486  4.99389e+20
-13.4313  4.58659e+20
-13.314  4.23202e+20
-13.1967  3.94139e+20
-13.0794  3.72253e+20
-12.9621  3.58597e+20
-12.8448  3.54017e+20
-12.7275  3.59533e+20
-12.6102  3.75881e+20
-12.4929  4.03878e+20
-12.3756  4.43758e+20
-12.2583  4.94848e+20
-12.141  5.55821e+20
-12.0237  6.24341e+20
-11.9064  6.97254e+20
-11.7891  7.70337e+20
-11.6718  8.3951e+20
-11.5544  9.00511e+20
-11.4371  9.49795e+20
-11.3198  9.84858e+20
-11.2025  1.00469e+21
-11.0852  1.00961e+21
-10.9679  1.00139e+21
-10.8506  9.83201e+20
-10.7333  9.59171e+20
-10.616  9.33831e+20
-10.4987  9.11565e+20
-10.3814  8.96802e+20
-10.2641  8.93023e+20
-10.1468  9.03136e+20
-10.0295  9.28998e+20
-9.91217  9.71908e+20
-9.79487  1.03234e+21
-9.67756  1.11043e+21
-9.56026  1.20602e+21
-9.44295  1.31882e+21
-9.32565  1.44874e+21
-9.20834  1.59551e+21
-9.09104  1.75931e+21
-8.97373  1.94032e+21
-8.85643  2.13871e+21
-8.73913  2.35525e+21
-8.62182  2.59021e+21
-8.50452  2.84416e+21
-8.38721  3.1175e+21
-8.26991  3.41055e+21
-8.1526  3.72368e+21
-8.03529  4.05696e+21
-7.91799  4.4101e+21
-7.80069  4.78188e+21
-7.68338  5.17062e+21
-7.56608  5.57356e+21
-7.44877  5.98656e+21
-7.33146  6.4041e+21
-7.21416  6.81895e+21
-7.09685  7.22315e+21
-6.97955  7.60724e+21
-6.86224  7.96086e+21
-6.74494  8.27334e+21
-6.62763  8.53609e+21
-6.51033  8.74031e+21
-6.39302  8.88029e+21
-6.27572  8.95358e+21
-6.15842  8.96096e+21
-6.04111  8.90685e+21
-5.92381  8.79976e+21
-5.8065  8.65134e+21
-5.68919  8.47671e+21
-5.57189  8.2934e+21
-5.45458  8.12088e+21
-5.33728  7.97813e+21
-5.21997  7.88546e+21
-5.10267  7.86111e+21
-4.98536  7.92184e+21
-4.86806  8.08085e+21
-4.75075  8.34884e+21
-4.63345  8.73059e+21
-4.51614  9.2276e+21
-4.39884  9.8348e+21
-4.28154  1.05428e+22
-4.16423  1.13382e+22
-4.04692  1.22022e+22
-3.92962  1.31134e+22
-3.81231  1.40496e+22
-3.69501  1.49868e+22
-3.5777  1.59044e+22
-3.4604  1.67823e+22
-3.34309  1.76045e+22
-3.22579  1.83589e+22
-3.10849  1.90405e+22
-2.99118  1.96458e+22
-2.87387  2.01789e+22
-2.75657  2.06464e+22
-2.63926  2.10594e+22
-2.52196  2.14309e+22
-2.40465  2.17756e+22
-2.28735  2.21097e+22
-2.17005  2.24487e+22
-2.05274  2.28069e+22
-1.93544  2.31958e+22
-1.81813  2.36261e+22
-1.70083  2.41038e+22
-1.58352  2.4631e+22
-1.46622  2.52064e+22
-1.34891  2.58235e+22
-1.2316  2.64743e+22
-1.1143  2.71452e+22
-0.996995  2.78208e+22
-0.87969  2.84841e+22
-0.762385  2.91164e+22
-0.64508  2.97002e+22
-0.527775  3.02172e+22
-0.41047  3.06525e+22
-0.293165  3.09917e+22
-0.17586  3.12252e+22
-0.058555  3.13448e+22
0.05875  3.13474e+22
0.176055  3.12329e+22
0.29336  3.10051e+22
0.410665  3.06708e+22
0.52797  3.0241e+22
0.645275  2.97285e+22
0.76258  2.91505e+22
0.879885  2.85229e+22
0.99719  2.7865e+22
1.1145  2.71942e+22
1.2318  2.65284e+22
1.3491  2.58821e+22
1.46641  2.52694e+22
1.58371  2.46986e+22
1.70102  2.41754e+22
1.81832  2.37018e+22
1.93563  2.32747e+22
2.05294  2.28889e+22
2.17024  2.25337e+22
2.28754  2.21972e+22
2.40485  2.1865e+22
2.52216  2.15215e+22
2.63946  2.1151e+22
2.75677  2.07377e+22
2.87407  2.02697e+22
2.99137  1.97349e+22
3.10868  1.91268e+22
3.22599  1.84423e+22
3.34329  1.76841e+22
3.4606  1.68575e+22
3.5779  1.59749e+22
3.69521  1.50528e+22
3.81251  1.411e+22
3.92982  1.3169e+22
4.04712  1.22534e+22
4.16443  1.13856e+22
4.28173  1.0587e+22
4.39903  9.87595e+21
4.51634  9.26686e+21
4.63364  8.76877e+21
4.75095  8.38647e+21
4.86825  8.1187e+21
4.98556  7.95996e+21
5.10286  7.90046e+21
5.22017  7.92557e+21
5.33748  8.01962e+21
5.45478  8.16332e+21
5.57209  8.33692e+21
5.68939  8.52089e+21
5.8067  8.69552e+21
5.924  8.84345e+21
6.0413  8.94988e+21
6.15861  9.00293e+21
6.27591  8.99428e+21
6.39322  8.9194e+21
6.51052  8.77767e+21
6.62783  8.57162e+21
6.74514  8.30742e+21
6.86244  7.99321e+21
6.97975  7.63865e+21
7.09705  7.25365e+21
7.21436  6.84862e+21
7.33166  6.43281e+21
7.44897  6.01496e+21
7.56627  5.60142e+21
7.68358  5.19806e+21
7.80088  4.8087e+21
7.91819  4.43608e+21
8.03549  4.08217e+21
8.1528  3.74782e+21
8.2701  3.43337e+21
8.38741  3.13903e+21
8.50471  2.86423e+21
8.62202  2.60911e+21
8.73932  2.37277e+21
8.85662  2.15471e+21
8.97393  1.95492e+21
9.09123  1.77286e+21
9.20854  1.60786e+21
9.32584  1.46007e+21
9.44315  1.3294e+21
9.56045  1.216e+21
9.67776  1.11989e+21
9.79506  1.04144e+21
9.91237  9.80999e+20
10.0297  9.38189e+20
10.147  9.12436e+20
10.2643  9.02602e+20
10.3816  9.06708e+20
10.4989  9.21732e+20
10.6162  9.44181e+20
10.7335  9.69609e+20
10.8508  9.93441e+20
10.9681  1.01119e+21
11.0854  1.0188e+21
11.2027  1.01309e+21
11.32  9.92287e+20
11.4373  9.56166e+20
11.5546  9.05786e+20
11.6719  8.43721e+20
11.7893  7.73632e+20
11.9066  6.99697e+20
12.0239  6.26355e+20
12.1412  5.57317e+20
12.2585  4.96094e+20
12.3758  4.44924e+20
12.4931  4.05179e+20
12.6104  3.77358e+20
12.7277  3.61248e+20
12.845  3.56075e+20
12.9623  3.61089e+20
13.0796  3.75146e+20
13.1969  3.97464e+20
13.3142  4.26987e+20
13.4315  4.62909e+20
13.5488  5.04132e+20
13.6661  5.49392e+20
13.7834  5.97505e+20
13.9007  6.4688e+20
14.018  6.95973e+20
14.1354  7.43515e+20
14.2527  7.87935e+20
14.37  8.28344e+20
14.4873  8.6405e+20
14.6046  8.94238e+20
14.7219  9.18373e+20
14.8392  9.36128e+20
14.9565  9.47088e+20
15.0738  9.50772e+20
15.1911  9.46809e+20
15.3084  9.35083e+20
15.4257  9.15687e+20
15.543  8.88812e+20
15.6603  8.55375e+20
15.7776  8.1636e+20
15.8949  7.73304e+20
16.0122  7.27664e+20
16.1295  6.81314e+20
16.2468  6.35885e+20
16.3641  5.93067e+20
16.4815  5.54193e+20
16.5988  5.2073e+20
16.7161  4.9391e+20
16.8334  4.74977e+20
16.9507  4.65038e+20
17.068  4.65208e+20
17.1853  4.76291e+20
17.3026  4.99038e+20
17.4199  5.33496e+20
17.5372  5.79212e+20
17.6545  6.3474e+20
17.7718  6.97828e+20
17.8891  7.65132e+20
18.0064  8.32355e+20
18.1237  8.94434e+20
18.241  9.46766e+20
18.3583  9.84151e+20
18.4756  1.00265e+21
18.5929  9.99796e+20
18.7102  9.74714e+20
18.8275  9.28055e+20
18.9449  8.63119e+20
19.0622  7.83981e+20
19.1795  6.96289e+20
19.2968  6.05841e+20
19.4141  5.18322e+20
19.5314  4.38739e+20
19.6487  3.70911e+20
19.766  3.171e+20
19.8833  2.784e+20
20.0006  2.54361e+20
20.1179  2.43504e+20
20.2352  2.43606e+20
20.3525  2.51762e+20
20.4698  2.64799e+20
20.5871  2.79387e+20
20.7044  2.92428e+20
20.8217  3.01233e+20
20.939  3.03854e+20
21.0563  2.9934e+20
21.1736  2.88109e+20
21.291  2.7172e+20
21.4083  2.53088e+20
21.5256  2.35802e+20
21.6429  2.23771e+20
21.7602  2.20504e+20
21.8775  2.28119e+20
21.9948  2.47193e+20
22.1121  2.76191e+20
22.2294  3.11543e+20
22.3467  3.48377e+20
22.464  3.80774e+20
22.5813  4.0346e+20
22.6986  4.12088e+20
22.8159  4.04326e+20
22.9332  3.80337e+20
23.0505  3.42569e+20
23.1678  2.95271e+20
23.2851  2.43993e+20
23.4024  1.94197e+20
23.5198  1.50855e+20
23.6371  1.17257e+20
23.7544  9.48731e+19
23.8717  8.31741e+19
23.989  7.99895e+19
24.1063  8.21724e+19
24.2236  8.63111e+19
24.3409  8.9305e+19
24.4582  8.90069e+19
24.5755  8.46336e+19
24.6928  7.65336e+19
24.8101  6.6234e+19
24.9274  5.58648e+19
25.0447  4.77736e+19
25.162  4.40007e+19
25.2793  4.58541e+19
25.3966  5.38072e+19
25.5139  6.73487e+19
25.6312  8.51693e+19
25.7485  1.05354e+20
25.8658  1.2576e+20
25.9832  1.4445e+20
26.1005  1.59837e+20
26.2178  1.71064e+20
26.3351  1.78106e+20
26.4524  1.81634e+20
26.5697  1.83111e+20
26.687  1.84247e+20
26.8043  1.86831e+20
26.9216  1.92413e+20
27.0389  2.01978e+20
27.1562  2.15504e+20
27.2735  2.32137e+20
27.3908  2.50211e+20
27.5081  2.67461e+20
27.6254  2.81469e+20
27.7427  2.89999e+20
27.86  2.91473e+20
27.9773  2.85269e+20
28.0946  2.71772e+20
28.212  2.52329e+20
28.3293  2.2916e+20
28.4466  2.04641e+20
28.5639  1.81289e+20
28.6812  1.61071e+20
28.7985  1.45322e+20
28.9158  1.34812e+20
29.0331  1.29791e+20
29.1504  1.303e+20
29.2677  1.36357e+20
29.385  1.48368e+20
29.5023  1.67019e+20
29.6196  1.93077e+20
29.7369  2.27202e+20
29.8542  2.69452e+20
29.9715  3.18653e+20
30.0888  3.72401e+20
30.2061  4.26937e+20
30.3234  4.77457e+20
30.4407  5.18742e+20
30.558  5.45961e+20
30.6754  5.55525e+20
30.7927  5.45983e+20
30.91  5.17857e+20
31.0273  4.74392e+20
31.1446  4.20555e+20
31.2619  3.62786e+20
31.3792  3.0753e+20
31.4965  2.60721e+20
31.6138  2.26694e+20
31.7311  2.07682e+20
31.8484  2.0377e+20
31.9657  2.13099e+20
32.083  2.32318e+20
32.2003  2.57322e+20
32.3176  2.84012e+20
32.4349  3.08734e+20
32.5522  3.28892e+20
32.6695  3.4303e+20
32.7868  3.5087e+20
32.9042  3.52869e+20
33.0215  3.5035e+20
33.1388  3.44713e+20
33.2561  3.37496e+20
33.3734  3.29891e+20
33.4907  3.22642e+20
33.608  3.16441e+20
33.7253  3.11362e+20
33.8426  3.07068e+20
33.9599  3.03212e+20
34.0772  2.99057e+20
34.1945  2.94052e+20
34.3118  2.87356e+20
34.4291  2.78337e+20
34.5464  2.66499e+20
34.6637  2.51571e+20
34.781  2.3366e+20
34.8983  2.13188e+20
35.0156  1.91094e+20
35.1329  1.68816e+20
35.2503  1.47986e+20
35.3676  1.30588e+20
35.4849  1.18454e+20
35.6022  1.13122e+20
35.7195  1.15536e+20
35.8368  1.25778e+20
35.9541  1.42942e+20
36.0714  1.65112e+20
36.1887  1.89604e+20
36.306  2.13238e+20
36.4233  2.32721e+20
36.5406  2.45204e+20
36.6579  2.48767e+20
36.7752  2.42438e+20
36.8925  2.26769e+20
37.0098  2.0328e+20
37.1271  1.74399e+20
37.2444  1.43093e+20
37.3617  1.12204e+20
37.479  8.42914e+19
37.5964  6.10702e+19
37.7137  4.34225e+19
37.831  3.15627e+19
37.9483  2.50696e+19
38.0656  2.32273e+19
38.1829  2.52384e+19
38.3002  3.04238e+19
38.4175  3.83299e+19
38.5348  4.86326e+19
38.6521  6.11147e+19
38.7694  7.55201e+19
38.8867  9.14659e+19
39.004  1.0838e+20
39.1213  1.25593e+20
39.2386  1.42514e+20
39.3559  1.58462e+20
39.4732  1.73053e+20
39.5905  1.85939e+20
39.7078  1.96939e+20
39.8251  2.05839e+20
39.9425  2.12352e+20
40.0598  2.15966e+20
40.1771  2.16077e+20
40.2944  2.11977e+20
40.4117  2.03271e+20
40.529  1.89797e+20
40.6463  1.72166e+20
40.7636  1.51623e+20
40.8809  1.30101e+20
40.9982  1.10051e+20
41.1155  9.39195e+19
41.2328  8.39902e+19
41.3501  8.17085e+19
41.4674  8.7654e+19
41.5847  1.01161e+20
41.702  1.20522e+20
41.8193  1.4336e+20
41.9366  1.66722e+20
42.0539  1.8789e+20
42.1712  2.04616e+20
42.2885  2.15514e+20
42.4059  2.20204e+20
42.5232  2.19255e+20
42.6405  2.14131e+20
42.7578  2.06591e+20
42.8751  1.98541e+20
42.9924  1.91748e+20
43.1097  1.87407e+20
43.227  1.85964e+20
43.3443  1.87484e+20
43.4616  1.91253e+20
43.5789  1.96454e+20
43.6962  2.02044e+20
43.8135  2.06972e+20
43.9308  2.10592e+20
44.0481  2.12373e+20
44.1654  2.12191e+20
44.2827  2.10194e+20
44.4  2.06643e+20
44.5173  2.02022e+20
44.6347  1.9694e+20
44.752  1.91879e+20
44.8693  1.87439e+20
44.9866  1.84098e+20
45.1039  1.82352e+20
45.2212  1.82328e+20
45.3385  1.8423e+20
45.4558  1.87904e+20
45.5731  1.92848e+20
45.6904  1.98553e+20
45.8077  2.0447e+20
45.925  2.09945e+20
46.0423  2.14523e+20
46.1596  2.17979e+20
46.2769  2.20355e+20
46.3942  2.21712e+20
46.5115  2.22209e+20
46.6288  2.21881e+20
46.7461  2.20601e+20
46.8634  2.18115e+20
46.9808  2.1404e+20
47.0981  2.08165e+20
47.2154  2.00703e+20
47.3327  1.92395e+20
47.45  1.84608e+20
47.5673  1.79132e+20
47.6846  1.77966e+20
47.8019  1.82822e+20
47.9192  1.94561e+20
48.0365  2.12907e+20
48.1538  2.36121e+20
48.2711  2.61395e+20
48.3884  2.84855e+20
48.5057  3.02644e+20
48.623  3.11376e+20
48.7403  3.09014e+20
48.8576  2.95356e+20
48.9749  2.71746e+20
49.0922  2.4119e+20
49.2095  2.07499e+20
49.3269  1.74591e+20
49.4442  1.45545e+20
49.5615  1.22326e+20
49.6788  1.05444e+20
49.7961  9.40784e+19
49.9134  8.65475e+19
50.0307  8.09421e+19
50.148  7.58569e+19
50.2653  7.07618e+19
50.3826  6.61044e+19
50.4999  6.32198e+19
50.6172  6.39292e+19
50.7345  6.98764e+19
50.8518  8.21205e+19
50.9691  1.00691e+20
51.0864  1.24483e+20
51.2037  1.5159e+20
51.321  1.79446e+20
51.4383  2.05583e+20
51.5556  2.27965e+20
51.673  2.45175e+20
51.7903  2.56995e+20
51.9076  2.63554e+20
52.0249  2.6579e+20
52.1422  2.64526e+20
52.2595  2.60435e+20
52.3768  2.53791e+20
52.4941  2.44744e+20
52.6114  2.32949e+20
52.7287  2.18442e+20
52.846  2.01372e+20
52.9633  1.82685e+20
53.0806  1.63727e+20
53.1979  1.46238e+20
53.3152  1.32127e+20
53.4325  1.22933e+20
53.5498  1.1957e+20
53.6671  1.22094e+20
53.7844  1.29849e+20
53.9017  1.41386e+20
54.0191  1.55018e+20
54.1364  1.69123e+20
54.2537  1.82464e+20
54.371  1.94478e+20
54.4883  2.05149e+20
54.6056  2.14931e+20
54.7229  2.2444e+20
54.8402  2.33955e+20
54.9575  2.43431e+20
55.0748  2.52269e+20
55.1921  2.59244e+20
55.3094  2.63242e+20
55.4267  2.63283e+20
55.544  2.5887e+20
55.6613  2.5033e+20
55.7786  2.38781e+20
55.8959  2.25909e+20
56.0132  2.13604e+20
56.1305  2.03529e+20
56.2478  1.9669e+20
56.3651  1.93473e+20
56.4825  1.93352e+20
56.5998  1.95387e+20
56.7171  1.98432e+20
56.8344  2.01687e+20
56.9517  2.04804e+20
57.069  2.07971e+20
57.1863  2.12134e+20
57.3036  2.18078e+20
57.4209  2.26589e+20
57.5382  2.3777e+20
57.6555  2.5083e+20
57.7728  2.6427e+20
57.8901  2.7583e+20
58.0074  2.8329e+20
58.1247  2.84533e+20
58.242  2.78436e+20
58.3593  2.64587e+20
58.4766  2.43945e+20
58.5939  2.18102e+20
