#S 1 spectral density
#N 2
#UFWHM 7.39022
#L  abscissas [um]  spectral density
-58.5938  9.11071e+19
-58.4764  8.28312e+19
-58.3591  7.25692e+19
-58.2418  6.13468e+19
-58.1245  5.04226e+19
-58.0072  4.11527e+19
-57.8899  3.48462e+19
-57.7726  3.24303e+19
-57.6553  3.42385e+19
-57.538  3.9961e+19
-57.4207  4.86577e+19
-57.3034  5.88935e+19
-57.1861  6.89934e+19
-57.0688  7.74176e+19
-56.9515  8.30043e+19
-56.8342  8.5234e+19
-56.7169  8.41317e+19
-56.5996  8.03116e+19
-56.4823  7.47866e+19
-56.365  6.8612e+19
-56.2477  6.26734e+19
-56.1303  5.75921e+19
-56.013  5.35889e+19
-55.8957  5.05654e+19
-55.7784  4.81732e+19
-55.6611  4.60167e+19
-55.5438  4.384e+19
-55.4265  4.15229e+19
-55.3092  3.90898e+19
-55.1919  3.68189e+19
-55.0746  3.49993e+19
-54.9573  3.39636e+19
-54.84  3.39874e+19
-54.7227  3.52192e+19
-54.6054  3.78032e+19
-54.4881  4.17655e+19
-54.3708  4.70545e+19
-54.2535  5.35318e+19
-54.1362  6.10003e+19
-54.0189  6.91051e+19
-53.9016  7.73511e+19
-53.7842  8.51958e+19
-53.6669  9.19084e+19
-53.5496  9.69608e+19
-53.4323  9.98966e+19
-53.315  1.00434e+20
-53.1977  9.86704e+19
-53.0804  9.48992e+19
-52.9631  8.96575e+19
-52.8458  8.35876e+19
-52.7285  7.74144e+19
-52.6112  7.16156e+19
-52.4939  6.67018e+19
-52.3766  6.28673e+19
-52.2593  6.026e+19
-52.142  5.88624e+19
-52.0247  5.8672e+19
-51.9074  5.96918e+19
-51.7901  6.2005e+19
-51.6728  6.56783e+19
-51.5555  7.0782e+19
-51.4381  7.73684e+19
-51.3208  8.5332e+19
-51.2035  9.44402e+19
-51.0862  1.04197e+20
-50.9689  1.14089e+20
-50.8516  1.23474e+20
-50.7343  1.3148e+20
-50.617  1.37507e+20
-50.4997  1.41003e+20
-50.3824  1.41441e+20
-50.2651  1.38854e+20
-50.1478  1.33157e+20
-50.0305  1.24861e+20
-49.9132  1.14345e+20
-49.7959  1.02326e+20
-49.6786  8.95824e+19
-49.5613  7.68156e+19
-49.444  6.46865e+19
-49.3267  5.38759e+19
-49.2094  4.48822e+19
-49.092  3.81442e+19
-48.9747  3.40554e+19
-48.8574  3.28321e+19
-48.7401  3.45495e+19
-48.6228  3.9125e+19
-48.5055  4.62473e+19
-48.3882  5.5387e+19
-48.2709  6.58428e+19
-48.1536  7.68217e+19
-48.0363  8.75618e+19
-47.919  9.75045e+19
-47.8017  1.06324e+20
-47.6844  1.14113e+20
-47.5671  1.21213e+20
-47.4498  1.28196e+20
-47.3325  1.35585e+20
-47.2152  1.43739e+20
-47.0979  1.52611e+20
-46.9806  1.61624e+20
-46.8633  1.69825e+20
-46.7459  1.75772e+20
-46.6286  1.78241e+20
-46.5113  1.76074e+20
-46.394  1.688e+20
-46.2767  1.56486e+20
-46.1594  1.40119e+20
-46.0421  1.21203e+20
-45.9248  1.01578e+20
-45.8075  8.31533e+19
-45.6902  6.75102e+19
-45.5729  5.56989e+19
-45.4556  4.81552e+19
-45.3383  4.45911e+19
-45.221  4.43947e+19
-45.1037  4.65866e+19
-44.9864  5.02083e+19
-44.8691  5.45975e+19
-44.7518  5.92497e+19
-44.6345  6.3941e+19
-44.5172  6.87138e+19
-44.3998  7.35957e+19
-44.2825  7.85129e+19
-44.1652  8.32036e+19
-44.0479  8.72881e+19
-43.9306  9.01904e+19
-43.8133  9.13396e+19
-43.696  9.03682e+19
-43.5787  8.70744e+19
-43.4614  8.15492e+19
-43.3441  7.42649e+19
-43.2268  6.5849e+19
-43.1095  5.71191e+19
-42.9922  4.88127e+19
-42.8749  4.15835e+19
-42.7576  3.5896e+19
-42.6403  3.19232e+19
-42.523  2.96206e+19
-42.4057  2.87589e+19
-42.2884  2.89597e+19
-42.171  2.9789e+19
-42.0537  3.08695e+19
-41.9364  3.17968e+19
-41.8191  3.23209e+19
-41.7018  3.22835e+19
-41.5845  3.16831e+19
-41.4672  3.06549e+19
-41.3499  2.94793e+19
-41.2326  2.85533e+19
-41.1153  2.83207e+19
-40.998  2.92274e+19
-40.8807  3.16576e+19
-40.7634  3.5794e+19
-40.6461  4.16496e+19
-40.5288  4.90008e+19
-40.4115  5.73952e+19
-40.2942  6.61846e+19
-40.1769  7.46208e+19
-40.0596  8.2071e+19
-39.9423  8.78909e+19
-39.825  9.16713e+19
-39.7076  9.33103e+19
-39.5903  9.29474e+19
-39.473  9.09833e+19
-39.3557  8.80024e+19
-39.2384  8.45948e+19
-39.1211  8.13305e+19
-39.0038  7.86833e+19
-38.8865  7.68696e+19
-38.7692  7.57749e+19
-38.6519  7.51248e+19
-38.5346  7.44311e+19
-38.4173  7.32021e+19
-38.3  7.09201e+19
-38.1827  6.7426e+19
-38.0654  6.2701e+19
-37.9481  5.70653e+19
-37.8308  5.10708e+19
-37.7135  4.53118e+19
-37.5962  4.02798e+19
-37.4789  3.62566e+19
-37.3615  3.32447e+19
-37.2442  3.09475e+19
-37.1269  2.88354e+19
-37.0096  2.64505e+19
-36.8923  2.3538e+19
-36.775  2.03233e+19
-36.6577  1.75127e+19
-36.5404  1.63286e+19
-36.4231  1.83407e+19
-36.3058  2.51167e+19
-36.1885  3.79147e+19
-36.0712  5.73348e+19
-35.9539  8.31401e+19
-35.8366  1.1415e+20
-35.7193  1.48363e+20
-35.602  1.83285e+20
-35.4847  2.16315e+20
-35.3674  2.45027e+20
-35.2501  2.67697e+20
-35.1328  2.83361e+20
-35.0154  2.91955e+20
-34.8981  2.94325e+20
-34.7808  2.91745e+20
-34.6635  2.85855e+20
-34.5462  2.78242e+20
-34.4289  2.70378e+20
-34.3116  2.6301e+20
-34.1943  2.56505e+20
-34.077  2.50714e+20
-33.9597  2.44962e+20
-33.8424  2.38254e+20
-33.7251  2.29662e+20
-33.6078  2.18363e+20
-33.4905  2.03811e+20
-33.3732  1.86122e+20
-33.2559  1.65925e+20
-33.1386  1.44384e+20
-33.0213  1.2314e+20
-32.904  1.04013e+20
-32.7867  8.87154e+19
-32.6693  7.86049e+19
-32.552  7.44233e+19
-32.4347  7.61941e+19
-32.3174  8.32371e+19
-32.2001  9.42573e+19
-32.0828  1.07665e+20
-31.9655  1.21875e+20
-31.8482  1.35364e+20
-31.7309  1.47135e+20
-31.6136  1.56666e+20
-31.4963  1.63818e+20
-31.379  1.68927e+20
-31.2617  1.72319e+20
-31.1444  1.74519e+20
-31.0271  1.75854e+20
-30.9098  1.76621e+20
-30.7925  1.76728e+20
-30.6752  1.76193e+20
-30.5579  1.74851e+20
-30.4406  1.72631e+20
-30.3232  1.69525e+20
-30.2059  1.65451e+20
-30.0886  1.60426e+20
-29.9713  1.54553e+20
-29.854  1.47972e+20
-29.7367  1.407e+20
-29.6194  1.33038e+20
-29.5021  1.25285e+20
-29.3848  1.1781e+20
-29.2675  1.11064e+20
-29.1502  1.05475e+20
-29.0329  1.01357e+20
-28.9156  9.88971e+19
-28.7983  9.79433e+19
-28.681  9.82056e+19
-28.5637  9.91374e+19
-28.4464  1.00094e+20
-28.3291  1.00449e+20
-28.2118  9.96822e+19
-28.0944  9.74273e+19
-27.9771  9.35656e+19
-27.8598  8.81866e+19
-27.7425  8.15569e+19
-27.6252  7.40133e+19
-27.5079  6.6002e+19
-27.3906  5.78598e+19
-27.2733  4.98996e+19
-27.156  4.24187e+19
-27.0387  3.5514e+19
-26.9214  2.93608e+19
-26.8041  2.4014e+19
-26.6868  1.95697e+19
-26.5695  1.60335e+19
-26.4522  1.34436e+19
-26.3349  1.17837e+19
-26.2176  1.09854e+19
-26.1003  1.10107e+19
-25.983  1.17072e+19
-25.8657  1.29267e+19
-25.7483  1.45385e+19
-25.631  1.64064e+19
-25.5137  1.84583e+19
-25.3964  2.07078e+19
-25.2791  2.33022e+19
-25.1618  2.64839e+19
-25.0445  3.06064e+19
-24.9272  3.60483e+19
-24.8099  4.32583e+19
-24.6926  5.25063e+19
-24.5753  6.39008e+19
-24.458  7.7418e+19
-24.3407  9.28287e+19
-24.2234  1.09704e+20
-24.1061  1.27597e+20
-23.9888  1.46077e+20
-23.8715  1.64887e+20
-23.7542  1.83609e+20
-23.6369  2.02282e+20
-23.5196  2.20767e+20
-23.4023  2.38709e+20
-23.2849  2.55936e+20
-23.1676  2.71743e+20
-23.0503  2.85342e+20
-22.933  2.96025e+20
-22.8157  3.02723e+20
-22.6984  3.05053e+20
-22.5811  3.02816e+20
-22.4638  2.96174e+20
-22.3465  2.86032e+20
-22.2292  2.73355e+20
-22.1119  2.59423e+20
-21.9946  2.45534e+20
-21.8773  2.32719e+20
-21.76  2.2178e+20
-21.6427  2.1299e+20
-21.5254  2.06456e+20
-21.4081  2.02037e+20
-21.2908  1.99609e+20
-21.1735  1.99132e+20
-21.0561  2.00769e+20
-20.9388  2.04807e+20
-20.8215  2.11685e+20
-20.7042  2.21991e+20
-20.5869  2.36055e+20
-20.4696  2.54268e+20
-20.3523  2.76651e+20
-20.235  3.03269e+20
-20.1177  3.33866e+20
-20.0004  3.68367e+20
-19.8831  4.06622e+20
-19.7658  4.4865e+20
-19.6485  4.94264e+20
-19.5312  5.43325e+20
-19.4139  5.9531e+20
-19.2966  6.49484e+20
-19.1793  7.04371e+20
-19.062  7.58181e+20
-18.9447  8.08647e+20
-18.8274  8.5312e+20
-18.71  8.8923e+20
-18.5927  9.1487e+20
-18.4754  9.28141e+20
-18.3581  9.28578e+20
-18.2408  9.15946e+20
-18.1235  8.91712e+20
-18.0062  8.57435e+20
-17.8889  8.15746e+20
-17.7716  7.69466e+20
-17.6543  7.21062e+20
-17.537  6.73179e+20
-17.4197  6.27535e+20
-17.3024  5.85546e+20
-17.1851  5.47646e+20
-17.0678  5.13924e+20
-16.9505  4.84022e+20
-16.8332  4.57369e+20
-16.7159  4.33335e+20
-16.5986  4.11607e+20
-16.4813  3.92153e+20
-16.364  3.75339e+20
-16.2466  3.6198e+20
-16.1293  3.5323e+20
-16.012  3.50078e+20
-15.8947  3.53655e+20
-15.7774  3.64673e+20
-15.6601  3.83327e+20
-15.5428  4.09276e+20
-15.4255  4.41587e+20
-15.3082  4.78651e+20
-15.1909  5.18718e+20
-15.0736  5.59471e+20
-14.9563  5.98835e+20
-14.839  6.34893e+20
-14.7217  6.66182e+20
-14.6044  6.91485e+20
-14.4871  7.10259e+20
-14.3698  7.22508e+20
-14.2525  7.28785e+20
-14.1352  7.30054e+20
-14.0178  7.27762e+20
-13.9005  7.23366e+20
-13.7832  7.18716e+20
-13.6659  7.15617e+20
-13.5486  7.15443e+20
-13.4313  7.19642e+20
-13.314  7.28989e+20
-13.1967  7.44039e+20
-13.0794  7.64493e+20
-12.9621  7.89979e+20
-12.8448  8.19413e+20
-12.7275  8.51908e+20
-12.6102  8.85813e+20
-12.4929  9.20039e+20
-12.3756  9.53337e+20
-12.2583  9.84762e+20
-12.141  1.01362e+21
-12.0237  1.03954e+21
-11.9064  1.06268e+21
-11.7891  1.0832e+21
-11.6718  1.10188e+21
-11.5544  1.11965e+21
-11.4371  1.13772e+21
-11.3198  1.15749e+21
-11.2025  1.18037e+21
-11.0852  1.20755e+21
-10.9679  1.24021e+21
-10.8506  1.27911e+21
-10.7333  1.32503e+21
-10.616  1.37837e+21
-10.4987  1.43923e+21
-10.3814  1.50809e+21
-10.2641  1.58561e+21
-10.1468  1.67245e+21
-10.0295  1.76969e+21
-9.91217  1.8789e+21
-9.79487  2.00146e+21
-9.67756  2.13885e+21
-9.56026  2.29234e+21
-9.44295  2.46273e+21
-9.32565  2.6501e+21
-9.20834  2.85426e+21
-9.09104  3.07406e+21
-8.97373  3.30819e+21
-8.85643  3.55496e+21
-8.73913  3.81286e+21
-8.62182  4.08023e+21
-8.50452  4.35597e+21
-8.38721  4.63948e+21
-8.26991  4.93065e+21
-8.1526  5.22976e+21
-8.03529  5.53759e+21
-7.91799  5.85465e+21
-7.80069  6.18153e+21
-7.68338  6.51853e+21
-7.56608  6.86489e+21
-7.44877  7.21981e+21
-7.33146  7.58141e+21
-7.21416  7.94779e+21
-7.09685  8.3166e+21
-6.97955  8.68619e+21
-6.86224  9.0546e+21
-6.74494  9.42085e+21
-6.62763  9.7852e+21
-6.51033  1.01479e+22
-6.39302  1.05107e+22
-6.27572  1.08755e+22
-6.15842  1.12447e+22
-6.04111  1.16206e+22
-5.92381  1.20061e+22
-5.8065  1.24037e+22
-5.68919  1.28151e+22
-5.57189  1.32432e+22
-5.45458  1.36899e+22
-5.33728  1.41566e+22
-5.21997  1.46453e+22
-5.10267  1.5157e+22
-4.98536  1.56928e+22
-4.86806  1.62527e+22
-4.75075  1.68366e+22
-4.63345  1.74437e+22
-4.51614  1.80728e+22
-4.39884  1.8722e+22
-4.28154  1.93901e+22
-4.16423  2.00756e+22
-4.04692  2.07762e+22
-3.92962  2.14912e+22
-3.81231  2.22204e+22
-3.69501  2.29633e+22
-3.5777  2.37211e+22
-3.4604  2.44948e+22
-3.34309  2.5286e+22
-3.22579  2.60967e+22
-3.10849  2.693e+22
-2.99118  2.77868e+22
-2.87387  2.86701e+22
-2.75657  2.95809e+22
-2.63926  3.05198e+22
-2.52196  3.14856e+22
-2.40465  3.24763e+22
-2.28735  3.3488e+22
-2.17005  3.45144e+22
-2.05274  3.55482e+22
-1.93544  3.65786e+22
-1.81813  3.75954e+22
-1.70083  3.85861e+22
-1.58352  3.95391e+22
-1.46622  4.04417e+22
-1.34891  4.12827e+22
-1.2316  4.20542e+22
-1.1143  4.27484e+22
-0.996995  4.33621e+22
-0.87969  4.38936e+22
-0.762385  4.43437e+22
-0.64508  4.47163e+22
-0.527775  4.50156e+22
-0.41047  4.52473e+22
-0.293165  4.54165e+22
-0.17586  4.5528e+22
-0.058555  4.55853e+22
0.05875  4.55905e+22
0.176055  4.55423e+22
0.29336  4.54413e+22
0.410665  4.52813e+22
0.52797  4.50585e+22
0.645275  4.4768e+22
0.76258  4.44039e+22
0.879885  4.39611e+22
0.99719  4.34373e+22
1.1145  4.28306e+22
1.2318  4.2143e+22
1.3491  4.13775e+22
1.46641  4.05423e+22
1.58371  3.96453e+22
1.70102  3.8698e+22
1.81832  3.77122e+22
1.93563  3.67002e+22
2.05294  3.56746e+22
2.17024  3.46458e+22
2.28754  3.36238e+22
2.40485  3.26162e+22
2.52216  3.16291e+22
2.63946  3.06664e+22
2.75677  2.97304e+22
2.87407  2.8822e+22
2.99137  2.79402e+22
3.10868  2.70842e+22
3.22599  2.62516e+22
3.34329  2.54408e+22
3.4606  2.46485e+22
3.5779  2.38735e+22
3.69521  2.31141e+22
3.81251  2.23685e+22
3.92982  2.16367e+22
4.04712  2.09186e+22
4.16443  2.02147e+22
4.28173  1.95263e+22
4.39903  1.88547e+22
4.51634  1.82021e+22
4.63364  1.757e+22
4.75095  1.69599e+22
4.86825  1.63735e+22
4.98556  1.58108e+22
5.10286  1.52727e+22
5.22017  1.47582e+22
5.33748  1.42671e+22
5.45478  1.37977e+22
5.57209  1.33485e+22
5.68939  1.29179e+22
5.8067  1.25034e+22
5.924  1.2103e+22
6.0413  1.17149e+22
6.15861  1.1336e+22
6.27591  1.09639e+22
6.39322  1.05965e+22
6.51052  1.02309e+22
6.62783  9.86557e+21
6.74514  9.49864e+21
6.86244  9.1301e+21
6.97975  8.7595e+21
7.09705  8.38817e+21
7.21436  8.0176e+21
7.33166  7.6495e+21
7.44897  7.28654e+21
7.56627  6.93015e+21
7.68358  6.58235e+21
7.80088  6.24372e+21
7.91819  5.91494e+21
8.03549  5.59588e+21
8.1528  5.2858e+21
8.2701  4.98412e+21
8.38741  4.69024e+21
8.50471  4.40377e+21
8.62202  4.1252e+21
8.73932  3.85488e+21
8.85662  3.59404e+21
8.97393  3.3443e+21
9.09123  3.10754e+21
9.20854  2.88513e+21
9.32584  2.67858e+21
9.44315  2.48898e+21
9.56045  2.31662e+21
9.67776  2.16119e+21
9.79506  2.02216e+21
9.91237  1.89807e+21
10.0297  1.78748e+21
10.147  1.68886e+21
10.2643  1.60092e+21
10.3816  1.52254e+21
10.4989  1.4527e+21
10.6162  1.39109e+21
10.7335  1.33722e+21
10.8508  1.29069e+21
10.9681  1.25111e+21
11.0854  1.21788e+21
11.2027  1.19009e+21
11.32  1.1666e+21
11.4373  1.14614e+21
11.5546  1.12729e+21
11.6719  1.10881e+21
11.7893  1.08935e+21
11.9066  1.06799e+21
12.0239  1.0443e+21
12.1412  1.01762e+21
12.2585  9.88236e+20
12.3758  9.56324e+20
12.4931  9.22666e+20
12.6104  8.88233e+20
12.7277  8.54197e+20
12.845  8.21702e+20
12.9623  7.92304e+20
13.0796  7.66886e+20
13.1969  7.46553e+20
13.3142  7.31711e+20
13.4315  7.22487e+20
13.5488  7.18462e+20
13.6661  7.18637e+20
13.7834  7.21887e+20
13.9007  7.26427e+20
14.018  7.30712e+20
14.1354  7.32924e+20
14.2527  7.31401e+20
14.37  7.24835e+20
14.4873  7.12332e+20
14.6046  6.93361e+20
14.7219  6.67874e+20
14.8392  6.36447e+20
14.9565  6.00281e+20
15.0738  5.60798e+20
15.1911  5.2004e+20
15.3084  4.80144e+20
15.4257  4.4328e+20
15.543  4.11222e+20
15.6603  3.85488e+20
15.7776  3.67052e+20
15.8949  3.56251e+20
16.0122  3.52727e+20
16.1295  3.55905e+20
16.2468  3.64649e+20
16.3641  3.77855e+20
16.4815  3.94459e+20
16.5988  4.13713e+20
16.7161  4.35201e+20
16.8334  4.59028e+20
16.9507  4.85529e+20
17.068  5.15362e+20
17.1853  5.48994e+20
17.3026  5.86886e+20
17.4199  6.29007e+20
17.5372  6.74823e+20
17.6545  7.22715e+20
17.7718  7.71183e+20
17.8891  8.17647e+20
18.0064  8.59243e+20
18.1237  8.93194e+20
18.241  9.17307e+20
18.3583  9.29509e+20
18.4756  9.28778e+20
18.5929  9.15074e+20
18.7102  8.8929e+20
18.8275  8.52794e+20
18.9449  8.08111e+20
19.0622  7.5754e+20
19.1795  7.03643e+20
19.2968  6.48747e+20
19.4141  5.9464e+20
19.5314  5.42724e+20
19.6487  4.9383e+20
19.766  4.48331e+20
19.8833  4.06577e+20
20.0006  3.68426e+20
20.1179  3.34097e+20
20.2352  3.03621e+20
20.3525  2.77177e+20
20.4698  2.54903e+20
20.5871  2.36782e+20
20.7044  2.2272e+20
20.8217  2.12416e+20
20.939  2.05431e+20
21.0563  2.01275e+20
21.1736  1.99467e+20
21.291  1.9977e+20
21.4083  2.02043e+20
21.5256  2.06326e+20
21.6429  2.1276e+20
21.7602  2.21526e+20
21.8775  2.32523e+20
21.9948  2.45321e+20
22.1121  2.59209e+20
22.2294  2.73113e+20
22.3467  2.85849e+20
22.464  2.95937e+20
22.5813  3.02518e+20
22.6986  3.04687e+20
22.8159  3.0224e+20
22.9332  2.95424e+20
23.0505  2.84777e+20
23.1678  2.71079e+20
23.2851  2.55349e+20
23.4024  2.38124e+20
23.5198  2.20159e+20
23.6371  2.01758e+20
23.7544  1.83109e+20
23.8717  1.64387e+20
23.989  1.45645e+20
24.1063  1.27218e+20
24.2236  1.09349e+20
24.3409  9.25226e+19
24.4582  7.72465e+19
24.5755  6.37682e+19
24.6928  5.24512e+19
24.8101  4.32972e+19
24.9274  3.61616e+19
25.0447  3.07217e+19
25.162  2.66028e+19
25.2793  2.34216e+19
25.3966  2.0807e+19
25.5139  1.85319e+19
25.6312  1.64568e+19
25.7485  1.45686e+19
25.8658  1.29591e+19
25.9832  1.17242e+19
26.1005  1.10633e+19
26.2178  1.10804e+19
26.3351  1.19075e+19
26.4524  1.36176e+19
26.5697  1.62695e+19
26.687  1.98512e+19
26.8043  2.43461e+19
26.9216  2.97214e+19
27.0389  3.59301e+19
27.1562  4.28679e+19
27.2735  5.04278e+19
27.3908  5.83884e+19
27.5081  6.65388e+19
27.6254  7.45684e+19
27.7427  8.20523e+19
27.86  8.86672e+19
27.9773  9.4014e+19
28.0946  9.7842e+19
28.212  1.00053e+20
28.3293  1.00814e+20
28.4466  1.00392e+20
28.5639  9.94266e+19
28.6812  9.85071e+19
28.7985  9.82926e+19
28.9158  9.92777e+19
29.0331  1.01772e+20
29.1504  1.05945e+20
29.2677  1.11563e+20
29.385  1.18385e+20
29.5023  1.25895e+20
29.6196  1.33697e+20
29.7369  1.41407e+20
29.8542  1.48735e+20
29.9715  1.55407e+20
30.0888  1.61332e+20
30.2061  1.66365e+20
30.3234  1.70474e+20
30.4407  1.73623e+20
30.558  1.75813e+20
30.6754  1.7711e+20
30.7927  1.77634e+20
30.91  1.77477e+20
31.0273  1.76702e+20
31.1446  1.75217e+20
31.2619  1.72959e+20
31.3792  1.69393e+20
31.4965  1.64202e+20
31.6138  1.56932e+20
31.7311  1.47287e+20
31.8484  1.3535e+20
31.9657  1.21782e+20
32.083  1.07582e+20
32.2003  9.41716e+19
32.3176  8.32384e+19
32.4349  7.63862e+19
32.5522  7.48106e+19
32.6695  7.92106e+19
32.7868  8.95124e+19
32.9042  1.04929e+20
33.0215  1.24119e+20
33.1388  1.45357e+20
33.2561  1.66807e+20
33.3734  1.86911e+20
33.4907  2.04392e+20
33.608  2.18747e+20
33.7253  2.29988e+20
33.8426  2.38452e+20
33.9599  2.45125e+20
34.0772  2.50939e+20
34.1945  2.56801e+20
34.3118  2.63396e+20
34.4291  2.70864e+20
34.5464  2.78834e+20
34.6637  2.86374e+20
34.781  2.92255e+20
34.8983  2.94685e+20
35.0156  2.9206e+20
35.1329  2.83147e+20
35.2503  2.67157e+20
35.3676  2.44187e+20
35.4849  2.15228e+20
35.6022  1.82045e+20
35.7195  1.47039e+20
35.8368  1.12891e+20
35.9541  8.20304e+19
36.0714  5.64492e+19
36.1887  3.72708e+19
36.306  2.47084e+19
36.4233  1.81309e+19
36.5406  1.62592e+19
36.6579  1.75068e+19
36.7752  2.03414e+19
36.8925  2.35451e+19
37.0098  2.64152e+19
37.1271  2.87657e+19
37.2444  3.08572e+19
37.3617  3.31716e+19
37.479  3.62053e+19
37.5964  4.02729e+19
37.7137  4.53364e+19
37.831  5.10982e+19
37.9483  5.70771e+19
38.0656  6.26232e+19
38.1829  6.72675e+19
38.3002  7.0709e+19
38.4175  7.28779e+19
38.5348  7.4062e+19
38.6521  7.47149e+19
38.7694  7.53733e+19
38.8867  7.65017e+19
39.004  7.83958e+19
39.1213  8.1096e+19
39.2386  8.43841e+19
39.3559  8.78565e+19
39.4732  9.08795e+19
39.5905  9.28342e+19
39.7078  9.31511e+19
39.8251  9.14365e+19
39.9425  8.75713e+19
40.0598  8.17135e+19
40.1771  7.42503e+19
40.2944  6.57486e+19
40.4117  5.70092e+19
40.529  4.86627e+19
40.6463  4.13685e+19
40.7636  3.55942e+19
40.8809  3.15457e+19
40.9982  2.92105e+19
41.1155  2.83638e+19
41.2328  2.86363e+19
41.3501  2.95757e+19
41.4674  3.07406e+19
41.5847  3.17353e+19
41.702  3.22951e+19
41.8193  3.22893e+19
41.9366  3.17263e+19
42.0539  3.07778e+19
42.1712  2.97055e+19
42.2885  2.88865e+19
42.4059  2.875e+19
42.5232  2.97076e+19
42.6405  3.21317e+19
42.7578  3.62405e+19
42.8751  4.20477e+19
42.9924  4.93842e+19
43.1097  5.77789e+19
43.227  6.65635e+19
43.3443  7.4975e+19
43.4616  8.22284e+19
43.5789  8.76503e+19
43.6962  9.08679e+19
43.8135  9.17272e+19
43.9308  9.0427e+19
44.0481  8.74329e+19
44.1654  8.3235e+19
44.2827  7.84536e+19
44.4  7.34993e+19
44.5173  6.8596e+19
44.6347  6.37812e+19
44.752  5.90536e+19
44.8693  5.44127e+19
44.9866  5.00965e+19
45.1039  4.65027e+19
45.2212  4.4451e+19
45.3385  4.48355e+19
45.4558  4.85957e+19
45.5731  5.63714e+19
45.6904  6.83776e+19
45.8077  8.41955e+19
45.925  1.02726e+20
46.0423  1.22374e+20
46.1596  1.4121e+20
46.2769  1.57448e+20
46.3942  1.69579e+20
46.5115  1.7667e+20
46.6288  1.78633e+20
46.7461  1.76005e+20
46.8634  1.69939e+20
46.9808  1.61726e+20
47.0981  1.52716e+20
47.2154  1.4387e+20
47.3327  1.35704e+20
47.45  1.28313e+20
47.5673  1.21311e+20
47.6846  1.14143e+20
47.8019  1.06236e+20
47.9192  9.73194e+19
48.0365  8.726e+19
48.1538  7.6437e+19
48.2711  6.54072e+19
48.3884  5.49465e+19
48.5057  4.58531e+19
48.623  3.87966e+19
48.7403  3.43055e+19
48.8576  3.26857e+19
48.9749  3.40237e+19
49.0922  3.81915e+19
49.2095  4.49931e+19
49.3269  5.40587e+19
49.4442  6.49069e+19
49.5615  7.70374e+19
49.6788  8.98076e+19
49.7961  1.02553e+20
49.9134  1.14496e+20
50.0307  1.24941e+20
50.148  1.33192e+20
50.2653  1.38756e+20
50.3826  1.41308e+20
50.4999  1.40705e+20
50.6172  1.37164e+20
50.7345  1.31093e+20
50.8518  1.2307e+20
50.9691  1.13704e+20
51.0864  1.03813e+20
51.2037  9.40662e+19
51.321  8.5e+19
51.4383  7.70891e+19
51.5556  7.05611e+19
51.673  6.545e+19
51.7903  6.18175e+19
51.9076  5.95264e+19
52.0249  5.85125e+19
52.1422  5.87231e+19
52.2595  6.01445e+19
52.3768  6.27597e+19
52.4941  6.66308e+19
52.6114  7.15615e+19
52.7287  7.73538e+19
52.846  8.3581e+19
52.9633  8.95941e+19
53.0806  9.48055e+19
53.1979  9.84848e+19
53.3152  1.00199e+20
53.4325  9.9572e+19
53.5498  9.65376e+19
53.6671  9.13923e+19
53.7844  8.46133e+19
53.9017  7.67374e+19
54.0191  6.84657e+19
54.1364  6.038e+19
54.2537  5.29502e+19
54.371  4.65003e+19
54.4883  4.12838e+19
54.6056  3.74077e+19
54.7229  3.49258e+19
54.8402  3.37803e+19
54.9575  3.38801e+19
55.0748  3.50098e+19
55.1921  3.69148e+19
55.3094  3.9237e+19
55.4267  4.16941e+19
55.544  4.40593e+19
55.6613  4.62465e+19
55.7786  4.8398e+19
55.8959  5.08215e+19
56.0132  5.38923e+19
56.1305  5.79172e+19
56.2478  6.30176e+19
56.3651  6.89443e+19
56.4825  7.51095e+19
56.5998  8.05822e+19
56.7171  8.42733e+19
56.8344  8.52283e+19
56.9517  8.28896e+19
57.069  7.71736e+19
57.1863  6.86216e+19
57.3036  5.85209e+19
57.4209  4.8342e+19
57.5382  3.97507e+19
57.6555  3.41934e+19
57.7728  3.25694e+19
57.8901  3.51912e+19
58.0074  4.16436e+19
58.1247  5.1005e+19
58.242  6.19346e+19
58.3593  7.31288e+19
58.4766  8.3282e+19
58.5939  9.14405e+19
