#S 1 spectral density
#N 2
#UFWHM 30.0301
#L  abscissas [um]  spectral density
-58.5938  2.08635e+20
-58.4764  2.12546e+20
-58.3591  2.14199e+20
-58.2418  2.13367e+20
-58.1245  2.1008e+20
-58.0072  2.04675e+20
-57.8899  1.9778e+20
-57.7726  1.90137e+20
-57.6553  1.82561e+20
-57.538  1.75651e+20
-57.4207  1.69819e+20
-57.3034  1.65206e+20
-57.1861  1.61728e+20
-57.0688  1.59104e+20
-56.9515  1.57111e+20
-56.8342  1.55538e+20
-56.7169  1.54218e+20
-56.5996  1.53118e+20
-56.4823  1.52158e+20
-56.365  1.51213e+20
-56.2477  1.50149e+20
-56.1303  1.48843e+20
-56.013  1.47155e+20
-55.8957  1.45231e+20
-55.7784  1.43454e+20
-55.6611  1.42457e+20
-55.5438  1.43109e+20
-55.4265  1.46246e+20
-55.3092  1.52619e+20
-55.1919  1.62538e+20
-55.0746  1.75886e+20
-54.9573  1.91906e+20
-54.84  2.0934e+20
-54.7227  2.2681e+20
-54.6054  2.42704e+20
-54.4881  2.55651e+20
-54.3708  2.6464e+20
-54.2535  2.69199e+20
-54.1362  2.69261e+20
-54.0189  2.65165e+20
-53.9016  2.57662e+20
-53.7842  2.47487e+20
-53.6669  2.356e+20
-53.5496  2.22822e+20
-53.4323  2.09912e+20
-53.315  1.97577e+20
-53.1977  1.86313e+20
-53.0804  1.76481e+20
-52.9631  1.68245e+20
-52.8458  1.61622e+20
-52.7285  1.56401e+20
-52.6112  1.52378e+20
-52.4939  1.49241e+20
-52.3766  1.46981e+20
-52.2593  1.45667e+20
-52.142  1.45686e+20
-52.0247  1.47665e+20
-51.9074  1.52223e+20
-51.7901  1.6001e+20
-51.6728  1.71333e+20
-51.5555  1.86082e+20
-51.4381  2.03808e+20
-51.3208  2.23426e+20
-51.2035  2.43795e+20
-51.0862  2.63486e+20
-50.9689  2.81415e+20
-50.8516  2.96703e+20
-50.7343  3.08939e+20
-50.617  3.18195e+20
-50.4997  3.2508e+20
-50.3824  3.30216e+20
-50.2651  3.3457e+20
-50.1478  3.38756e+20
-50.0305  3.43408e+20
-49.9132  3.48652e+20
-49.7959  3.54414e+20
-49.6786  3.60228e+20
-49.5613  3.65433e+20
-49.444  3.69332e+20
-49.3267  3.71134e+20
-49.2094  3.7016e+20
-49.092  3.65974e+20
-48.9747  3.58445e+20
-48.8574  3.47765e+20
-48.7401  3.34334e+20
-48.6228  3.18976e+20
-48.5055  3.02641e+20
-48.3882  2.86261e+20
-48.2709  2.70899e+20
-48.1536  2.57454e+20
-48.0363  2.46524e+20
-47.919  2.38625e+20
-47.8017  2.33953e+20
-47.6844  2.32571e+20
-47.5671  2.3432e+20
-47.4498  2.38861e+20
-47.3325  2.45836e+20
-47.2152  2.54608e+20
-47.0979  2.64558e+20
-46.9806  2.74938e+20
-46.8633  2.85051e+20
-46.7459  2.94258e+20
-46.6286  3.02196e+20
-46.5113  3.08952e+20
-46.394  3.14951e+20
-46.2767  3.21084e+20
-46.1594  3.28505e+20
-46.0421  3.38513e+20
-45.9248  3.52299e+20
-45.8075  3.70633e+20
-45.6902  3.9374e+20
-45.5729  4.21073e+20
-45.4556  4.51462e+20
-45.3383  4.83171e+20
-45.221  5.14115e+20
-45.1037  5.42106e+20
-44.9864  5.65086e+20
-44.8691  5.81559e+20
-44.7518  5.90685e+20
-44.6345  5.92233e+20
-44.5172  5.86511e+20
-44.3998  5.7469e+20
-44.2825  5.58184e+20
-44.1652  5.39056e+20
-44.0479  5.19165e+20
-43.9306  5.00597e+20
-43.8133  4.85097e+20
-43.696  4.73926e+20
-43.5787  4.67932e+20
-43.4614  4.67207e+20
-43.3441  4.7118e+20
-43.2268  4.78686e+20
-43.1095  4.88167e+20
-42.9922  4.97955e+20
-42.8749  5.06452e+20
-42.7576  5.12472e+20
-42.6403  5.15386e+20
-42.523  5.15313e+20
-42.4057  5.12874e+20
-42.2884  5.0937e+20
-42.171  5.0632e+20
-42.0537  5.04863e+20
-41.9364  5.06289e+20
-41.8191  5.10941e+20
-41.7018  5.1897e+20
-41.5845  5.29508e+20
-41.4672  5.41385e+20
-41.3499  5.53099e+20
-41.2326  5.62967e+20
-41.1153  5.69416e+20
-40.998  5.71193e+20
-40.8807  5.67388e+20
-40.7634  5.57983e+20
-40.6461  5.43255e+20
-40.5288  5.24469e+20
-40.4115  5.029e+20
-40.2942  4.80559e+20
-40.1769  4.59344e+20
-40.0596  4.41171e+20
-39.9423  4.27438e+20
-39.825  4.19013e+20
-39.7076  4.16178e+20
-39.5903  4.1833e+20
-39.473  4.24466e+20
-39.3557  4.33129e+20
-39.2384  4.4268e+20
-39.1211  4.51595e+20
-39.0038  4.58748e+20
-38.8865  4.63302e+20
-38.7692  4.64957e+20
-38.6519  4.63949e+20
-38.5346  4.60928e+20
-38.4173  4.56902e+20
-38.3  4.53093e+20
-38.1827  4.50946e+20
-38.0654  4.52098e+20
-37.9481  4.57954e+20
-37.8308  4.69986e+20
-37.7135  4.89026e+20
-37.5962  5.15593e+20
-37.4789  5.49258e+20
-37.3615  5.88774e+20
-37.2442  6.32122e+20
-37.1269  6.76402e+20
-37.0096  7.18696e+20
-36.8923  7.55898e+20
-36.775  7.85607e+20
-36.6577  8.06216e+20
-36.5404  8.17378e+20
-36.4231  8.19731e+20
-36.3058  8.14805e+20
-36.1885  8.05014e+20
-36.0712  7.92676e+20
-35.9539  7.80034e+20
-35.8366  7.68722e+20
-35.7193  7.59653e+20
-35.602  7.53315e+20
-35.4847  7.49135e+20
-35.3674  7.46345e+20
-35.2501  7.44103e+20
-35.1328  7.41497e+20
-35.0154  7.37748e+20
-34.8981  7.32179e+20
-34.7808  7.24479e+20
-34.6635  7.14763e+20
-34.5462  7.03098e+20
-34.4289  6.90059e+20
-34.3116  6.76492e+20
-34.1943  6.63349e+20
-34.077  6.5159e+20
-33.9597  6.42307e+20
-33.8424  6.36238e+20
-33.7251  6.33873e+20
-33.6078  6.34997e+20
-33.4905  6.39096e+20
-33.3732  6.45201e+20
-33.2559  6.52103e+20
-33.1386  6.58776e+20
-33.0213  6.64254e+20
-32.904  6.6807e+20
-32.7867  6.70242e+20
-32.6693  6.7137e+20
-32.552  6.72333e+20
-32.4347  6.7413e+20
-32.3174  6.77825e+20
-32.2001  6.84404e+20
-32.0828  6.94536e+20
-31.9655  7.08605e+20
-31.8482  7.26732e+20
-31.7309  7.4886e+20
-31.6136  7.74689e+20
-31.4963  8.03766e+20
-31.379  8.35446e+20
-31.2617  8.69181e+20
-31.1444  9.04044e+20
-31.0271  9.39337e+20
-30.9098  9.74497e+20
-30.7925  1.0088e+21
-30.6752  1.0419e+21
-30.5579  1.07373e+21
-30.4406  1.10426e+21
-30.3232  1.13361e+21
-30.2059  1.16182e+21
-30.0886  1.18908e+21
-29.9713  1.21532e+21
-29.854  1.2405e+21
-29.7367  1.26432e+21
-29.6194  1.28654e+21
-29.5021  1.30693e+21
-29.3848  1.32531e+21
-29.2675  1.34153e+21
-29.1502  1.35556e+21
-29.0329  1.36734e+21
-28.9156  1.377e+21
-28.7983  1.38454e+21
-28.681  1.39025e+21
-28.5637  1.39463e+21
-28.4464  1.39836e+21
-28.3291  1.4023e+21
-28.2118  1.40754e+21
-28.0944  1.41525e+21
-27.9771  1.42644e+21
-27.8598  1.44178e+21
-27.7425  1.46143e+21
-27.6252  1.48524e+21
-27.5079  1.51238e+21
-27.3906  1.54174e+21
-27.2733  1.57214e+21
-27.156  1.60227e+21
-27.0387  1.63152e+21
-26.9214  1.65943e+21
-26.8041  1.68625e+21
-26.6868  1.71282e+21
-26.5695  1.74038e+21
-26.4522  1.7705e+21
-26.3349  1.80479e+21
-26.2176  1.84484e+21
-26.1003  1.89157e+21
-25.983  1.94578e+21
-25.8657  2.00745e+21
-25.7483  2.07581e+21
-25.631  2.14956e+21
-25.5137  2.22634e+21
-25.3964  2.30396e+21
-25.2791  2.37949e+21
-25.1618  2.45039e+21
-25.0445  2.51415e+21
-24.9272  2.5693e+21
-24.8099  2.61481e+21
-24.6926  2.65083e+21
-24.5753  2.67809e+21
-24.458  2.69834e+21
-24.3407  2.71352e+21
-24.2234  2.72612e+21
-24.1061  2.73812e+21
-23.9888  2.75164e+21
-23.8715  2.76824e+21
-23.7542  2.78901e+21
-23.6369  2.81434e+21
-23.5196  2.84409e+21
-23.4023  2.87792e+21
-23.2849  2.9148e+21
-23.1676  2.95352e+21
-23.0503  2.99276e+21
-22.933  3.03141e+21
-22.8157  3.06838e+21
-22.6984  3.10323e+21
-22.5811  3.13596e+21
-22.4638  3.16738e+21
-22.3465  3.19868e+21
-22.2292  3.23169e+21
-22.1119  3.26834e+21
-21.9946  3.31081e+21
-21.8773  3.36077e+21
-21.76  3.41943e+21
-21.6427  3.48745e+21
-21.5254  3.56482e+21
-21.4081  3.6506e+21
-21.2908  3.74333e+21
-21.1735  3.8413e+21
-21.0561  3.94244e+21
-20.9388  4.045e+21
-20.8215  4.14677e+21
-20.7042  4.24651e+21
-20.5869  4.3429e+21
-20.4696  4.43534e+21
-20.3523  4.52334e+21
-20.235  4.60738e+21
-20.1177  4.68737e+21
-20.0004  4.76423e+21
-19.8831  4.83853e+21
-19.7658  4.91065e+21
-19.6485  4.98064e+21
-19.5312  5.04861e+21
-19.4139  5.11331e+21
-19.2966  5.17389e+21
-19.1793  5.22895e+21
-19.062  5.27735e+21
-18.9447  5.31769e+21
-18.8274  5.34936e+21
-18.71  5.37307e+21
-18.5927  5.38981e+21
-18.4754  5.40166e+21
-18.3581  5.41186e+21
-18.2408  5.42388e+21
-18.1235  5.4421e+21
-18.0062  5.47058e+21
-17.8889  5.51277e+21
-17.7716  5.57227e+21
-17.6543  5.65037e+21
-17.537  5.7482e+21
-17.4197  5.86472e+21
-17.3024  5.9981e+21
-17.1851  6.1448e+21
-17.0678  6.30014e+21
-16.9505  6.45937e+21
-16.8332  6.61738e+21
-16.7159  6.76895e+21
-16.5986  6.90955e+21
-16.4813  7.03624e+21
-16.364  7.14713e+21
-16.2466  7.24234e+21
-16.1293  7.32315e+21
-16.012  7.39219e+21
-15.8947  7.45328e+21
-15.7774  7.511e+21
-15.6601  7.5698e+21
-15.5428  7.6341e+21
-15.4255  7.70683e+21
-15.3082  7.79066e+21
-15.1909  7.88745e+21
-15.0736  7.99613e+21
-14.9563  8.11553e+21
-14.839  8.24318e+21
-14.7217  8.37507e+21
-14.6044  8.5072e+21
-14.4871  8.63511e+21
-14.3698  8.75467e+21
-14.2525  8.86223e+21
-14.1352  8.95499e+21
-14.0178  9.03273e+21
-13.9005  9.09529e+21
-13.7832  9.14467e+21
-13.6659  9.18443e+21
-13.5486  9.21804e+21
-13.4313  9.25031e+21
-13.314  9.28497e+21
-13.1967  9.32534e+21
-13.0794  9.37438e+21
-12.9621  9.43185e+21
-12.8448  9.49843e+21
-12.7275  9.57191e+21
-12.6102  9.65042e+21
-12.4929  9.73103e+21
-12.3756  9.81071e+21
-12.2583  9.88788e+21
-12.141  9.96096e+21
-12.0237  1.00291e+22
-11.9064  1.00926e+22
-11.7891  1.01527e+22
-11.6718  1.02113e+22
-11.5544  1.02712e+22
-11.4371  1.03359e+22
-11.3198  1.04073e+22
-11.2025  1.04883e+22
-11.0852  1.05809e+22
-10.9679  1.06859e+22
-10.8506  1.08029e+22
-10.7333  1.09302e+22
-10.616  1.10653e+22
-10.4987  1.12062e+22
-10.3814  1.13476e+22
-10.2641  1.14865e+22
-10.1468  1.16193e+22
-10.0295  1.17432e+22
-9.91217  1.18557e+22
-9.79487  1.19558e+22
-9.67756  1.20429e+22
-9.56026  1.21169e+22
-9.44295  1.21782e+22
-9.32565  1.22286e+22
-9.20834  1.22683e+22
-9.09104  1.2299e+22
-8.97373  1.23221e+22
-8.85643  1.23383e+22
-8.73913  1.23488e+22
-8.62182  1.23543e+22
-8.50452  1.23559e+22
-8.38721  1.23548e+22
-8.26991  1.2351e+22
-8.1526  1.23469e+22
-8.03529  1.23435e+22
-7.91799  1.23431e+22
-7.80069  1.23484e+22
-7.68338  1.23621e+22
-7.56608  1.23881e+22
-7.44877  1.24301e+22
-7.33146  1.24911e+22
-7.21416  1.25742e+22
-7.09685  1.26813e+22
-6.97955  1.28128e+22
-6.86224  1.29679e+22
-6.74494  1.31452e+22
-6.62763  1.33392e+22
-6.51033  1.35446e+22
-6.39302  1.37545e+22
-6.27572  1.39608e+22
-6.15842  1.41552e+22
-6.04111  1.43297e+22
-5.92381  1.44771e+22
-5.8065  1.4593e+22
-5.68919  1.46734e+22
-5.57189  1.47182e+22
-5.45458  1.47289e+22
-5.33728  1.47106e+22
-5.21997  1.46688e+22
-5.10267  1.46114e+22
-4.98536  1.45465e+22
-4.86806  1.44819e+22
-4.75075  1.44247e+22
-4.63345  1.43806e+22
-4.51614  1.43529e+22
-4.39884  1.43434e+22
-4.28154  1.43521e+22
-4.16423  1.4376e+22
-4.04692  1.44116e+22
-3.92962  1.44542e+22
-3.81231  1.44989e+22
-3.69501  1.45408e+22
-3.5777  1.45758e+22
-3.4604  1.46018e+22
-3.34309  1.46174e+22
-3.22579  1.46238e+22
-3.10849  1.46235e+22
-2.99118  1.46208e+22
-2.87387  1.46212e+22
-2.75657  1.46304e+22
-2.63926  1.46543e+22
-2.52196  1.46976e+22
-2.40465  1.47631e+22
-2.28735  1.48517e+22
-2.17005  1.4962e+22
-2.05274  1.50911e+22
-1.93544  1.52316e+22
-1.81813  1.53762e+22
-1.70083  1.55159e+22
-1.58352  1.56418e+22
-1.46622  1.57453e+22
-1.34891  1.58199e+22
-1.2316  1.58607e+22
-1.1143  1.58663e+22
-0.996995  1.58375e+22
-0.87969  1.5779e+22
-0.762385  1.56971e+22
-0.64508  1.5601e+22
-0.527775  1.55003e+22
-0.41047  1.54048e+22
-0.293165  1.53238e+22
-0.17586  1.52652e+22
-0.058555  1.52346e+22
0.05875  1.52346e+22
0.176055  1.52654e+22
0.29336  1.53239e+22
0.410665  1.54048e+22
0.52797  1.55001e+22
0.645275  1.56004e+22
0.76258  1.56957e+22
0.879885  1.57765e+22
0.99719  1.58339e+22
1.1145  1.58611e+22
1.2318  1.58541e+22
1.3491  1.58119e+22
1.46641  1.57359e+22
1.58371  1.56307e+22
1.70102  1.55032e+22
1.81832  1.53621e+22
1.93563  1.52159e+22
2.05294  1.50742e+22
2.17024  1.49446e+22
2.28754  1.48329e+22
2.40485  1.47433e+22
2.52216  1.46768e+22
2.63946  1.4633e+22
2.75677  1.46079e+22
2.87407  1.45978e+22
2.99137  1.45962e+22
3.10868  1.45978e+22
3.22599  1.45969e+22
3.34329  1.45899e+22
3.4606  1.45736e+22
3.5779  1.45469e+22
3.69521  1.45109e+22
3.81251  1.44686e+22
3.92982  1.44233e+22
4.04712  1.43803e+22
4.16443  1.43446e+22
4.28173  1.43205e+22
4.39903  1.43118e+22
4.51634  1.43209e+22
4.63364  1.43484e+22
4.75095  1.43921e+22
4.86825  1.44486e+22
4.98556  1.45123e+22
5.10286  1.45761e+22
5.22017  1.46324e+22
5.33748  1.46728e+22
5.45478  1.46898e+22
5.57209  1.46774e+22
5.68939  1.4631e+22
5.8067  1.45492e+22
5.924  1.44322e+22
6.0413  1.42836e+22
6.15861  1.41082e+22
6.27591  1.39132e+22
6.39322  1.37069e+22
6.51052  1.34972e+22
6.62783  1.32915e+22
6.74514  1.30979e+22
6.86244  1.29215e+22
6.97975  1.27664e+22
7.09705  1.26356e+22
7.21436  1.2529e+22
7.33166  1.24463e+22
7.44897  1.23853e+22
7.56627  1.23437e+22
7.68358  1.23173e+22
7.80088  1.2303e+22
7.91819  1.22971e+22
8.03549  1.22969e+22
8.1528  1.22996e+22
8.2701  1.23027e+22
8.38741  1.2305e+22
8.50471  1.23052e+22
8.62202  1.23021e+22
8.73932  1.22951e+22
8.85662  1.22834e+22
8.97393  1.2266e+22
9.09123  1.22417e+22
9.20854  1.22097e+22
9.32584  1.21692e+22
9.44315  1.2118e+22
9.56045  1.20557e+22
9.67776  1.19812e+22
9.79506  1.18935e+22
9.91237  1.1793e+22
10.0297  1.16802e+22
10.147  1.15563e+22
10.2643  1.14237e+22
10.3816  1.12847e+22
10.4989  1.11436e+22
10.6162  1.10034e+22
10.7335  1.08683e+22
10.8508  1.07411e+22
10.9681  1.06246e+22
11.0854  1.05203e+22
11.2027  1.04281e+22
11.32  1.0347e+22
11.4373  1.02756e+22
11.5546  1.02113e+22
11.6719  1.01511e+22
11.7893  1.00926e+22
11.9066  1.00323e+22
12.0239  9.96862e+21
12.1412  9.90057e+21
12.2585  9.8276e+21
12.3758  9.75027e+21
12.4931  9.67034e+21
12.6104  9.58973e+21
12.7277  9.5115e+21
12.845  9.43822e+21
12.9623  9.37164e+21
13.0796  9.31402e+21
13.1969  9.26528e+21
13.3142  9.22448e+21
13.4315  9.18939e+21
13.5488  9.15684e+21
13.6661  9.12254e+21
13.7834  9.08204e+21
13.9007  9.03169e+21
14.018  8.96856e+21
14.1354  8.88996e+21
14.2527  8.79613e+21
14.37  8.68811e+21
14.4873  8.56792e+21
14.6046  8.43968e+21
14.7219  8.30734e+21
14.8392  8.17541e+21
14.9565  8.04823e+21
15.0738  7.9288e+21
15.1911  7.8206e+21
15.3084  7.72441e+21
15.4257  7.6407e+21
15.543  7.5681e+21
15.6603  7.5043e+21
15.7776  7.44603e+21
15.8949  7.38866e+21
16.0122  7.32773e+21
16.1295  7.2588e+21
16.2468  7.17828e+21
16.3641  7.08332e+21
16.4815  6.97289e+21
16.5988  6.84677e+21
16.7161  6.70652e+21
16.8334  6.55611e+21
16.9507  6.39917e+21
17.068  6.24096e+21
17.1853  6.08667e+21
17.3026  5.94121e+21
17.4199  5.80919e+21
17.5372  5.694e+21
17.6545  5.59715e+21
17.7718  5.52017e+21
17.8891  5.46173e+21
18.0064  5.42022e+21
18.1237  5.3923e+21
18.241  5.37445e+21
18.3583  5.36253e+21
18.4756  5.35235e+21
18.5929  5.34037e+21
18.7102  5.32361e+21
18.8275  5.29953e+21
18.9449  5.26744e+21
19.0622  5.22691e+21
19.1795  5.1783e+21
19.2968  5.123e+21
19.4141  5.06213e+21
19.5314  4.9974e+21
19.6487  4.92959e+21
19.766  4.85946e+21
19.8833  4.7875e+21
20.0006  4.71326e+21
20.1179  4.6365e+21
20.2352  4.55657e+21
20.3525  4.47294e+21
20.4698  4.38529e+21
20.5871  4.29334e+21
20.7044  4.19747e+21
20.8217  4.09824e+21
20.939  3.99699e+21
21.0563  3.8952e+21
21.1736  3.79476e+21
21.291  3.69764e+21
21.4083  3.60552e+21
21.5256  3.52072e+21
21.6429  3.44418e+21
21.7602  3.37693e+21
21.8775  3.3189e+21
21.9948  3.26958e+21
22.1121  3.22765e+21
22.2294  3.1915e+21
22.3467  3.15876e+21
22.464  3.12789e+21
22.5813  3.09675e+21
22.6986  3.06441e+21
22.8159  3.02988e+21
22.9332  2.9933e+21
23.0505  2.95514e+21
23.1678  2.91641e+21
23.2851  2.87827e+21
23.4024  2.84202e+21
23.5198  2.80876e+21
23.6371  2.77958e+21
23.7544  2.75496e+21
23.8717  2.73474e+21
23.989  2.71858e+21
24.1063  2.70547e+21
24.2236  2.69385e+21
24.3409  2.68152e+21
24.4582  2.66651e+21
24.5755  2.64646e+21
24.6928  2.6192e+21
24.8101  2.58326e+21
24.9274  2.53784e+21
25.0447  2.48286e+21
25.162  2.41935e+21
25.2793  2.3489e+21
25.3966  2.2739e+21
25.5139  2.19686e+21
25.6312  2.12059e+21
25.7485  2.04763e+21
25.8658  1.97997e+21
25.9832  1.91916e+21
26.1005  1.86553e+21
26.2178  1.81944e+21
26.3351  1.78007e+21
26.4524  1.74629e+21
26.5697  1.71661e+21
26.687  1.68943e+21
26.8043  1.66317e+21
26.9216  1.63662e+21
27.0389  1.609e+21
27.1562  1.58013e+21
27.2735  1.55019e+21
27.3908  1.52024e+21
27.5081  1.49129e+21
27.6254  1.46459e+21
27.7427  1.44128e+21
27.86  1.42212e+21
27.9773  1.4073e+21
28.0946  1.39659e+21
28.212  1.38928e+21
28.3293  1.38441e+21
28.4466  1.38079e+21
28.5639  1.37743e+21
28.6812  1.37325e+21
28.7985  1.36781e+21
28.9158  1.36048e+21
29.0331  1.35105e+21
29.1504  1.33947e+21
29.2677  1.32568e+21
29.385  1.30964e+21
29.5023  1.29144e+21
29.6196  1.27125e+21
29.7369  1.24922e+21
29.8542  1.22563e+21
29.9715  1.20069e+21
30.0888  1.17469e+21
30.2061  1.14768e+21
30.3234  1.11969e+21
30.4407  1.09061e+21
30.558  1.0604e+21
30.6754  1.02889e+21
30.7927  9.9605e+20
30.91  9.62132e+20
31.0273  9.27478e+20
31.1446  8.9256e+20
31.2619  8.58148e+20
31.3792  8.24978e+20
31.4965  7.93727e+20
31.6138  7.65156e+20
31.7311  7.39792e+20
31.8484  7.1813e+20
31.9657  7.00378e+20
32.083  6.86722e+20
32.2003  6.76966e+20
32.3176  6.70634e+20
32.4349  6.67153e+20
32.5522  6.65501e+20
32.6695  6.64679e+20
32.7868  6.63642e+20
32.9042  6.61467e+20
33.0215  6.57743e+20
33.1388  6.52339e+20
33.2561  6.45866e+20
33.3734  6.39063e+20
33.4907  6.33139e+20
33.608  6.29364e+20
33.7253  6.28486e+20
33.8426  6.31181e+20
33.9599  6.37503e+20
34.0772  6.46998e+20
34.1945  6.5896e+20
34.3118  6.72267e+20
34.4291  6.86006e+20
34.5464  6.99072e+20
34.6637  7.10724e+20
34.781  7.20518e+20
34.8983  7.28152e+20
35.0156  7.33741e+20
35.1329  7.37651e+20
35.2503  7.40376e+20
35.3676  7.42674e+20
35.4849  7.45532e+20
35.6022  7.49979e+20
35.7195  7.56618e+20
35.8368  7.65846e+20
35.9541  7.77436e+20
36.0714  7.90173e+20
36.1887  8.02606e+20
36.306  8.12509e+20
36.4233  8.17209e+20
36.5406  8.14685e+20
36.6579  8.03349e+20
36.7752  7.82534e+20
36.8925  7.52599e+20
37.0098  7.15274e+20
37.1271  6.72982e+20
37.2444  6.28734e+20
37.3617  5.85532e+20
37.479  5.46256e+20
37.5964  5.12926e+20
37.7137  4.86656e+20
37.831  4.67944e+20
37.9483  4.56184e+20
38.0656  4.50581e+20
38.1829  4.49678e+20
38.3002  4.51988e+20
38.4175  4.55893e+20
38.5348  4.59985e+20
38.6521  4.63046e+20
38.7694  4.63988e+20
38.8867  4.62249e+20
39.004  4.57637e+20
39.1213  4.50457e+20
39.2386  4.41507e+20
39.3559  4.31949e+20
39.4732  4.23337e+20
39.5905  4.17219e+20
39.7078  4.15149e+20
39.8251  4.18207e+20
39.9425  4.26698e+20
40.0598  4.40671e+20
40.1771  4.58864e+20
40.2944  4.80105e+20
40.4117  5.02448e+20
40.529  5.23979e+20
40.6463  5.42703e+20
40.7636  5.57217e+20
40.8809  5.6655e+20
40.9982  5.70172e+20
41.1155  5.68286e+20
41.2328  5.61744e+20
41.3501  5.51864e+20
41.4674  5.40131e+20
41.5847  5.28285e+20
41.702  5.17925e+20
41.8193  5.10002e+20
41.9366  5.05479e+20
42.0539  5.04176e+20
42.1712  5.05645e+20
42.2885  5.08858e+20
42.4059  5.12283e+20
42.5232  5.14663e+20
42.6405  5.14582e+20
42.7578  5.11608e+20
42.8751  5.05511e+20
42.9924  4.96875e+20
43.1097  4.87056e+20
43.227  4.77553e+20
43.3443  4.70093e+20
43.4616  4.66179e+20
43.5789  4.66951e+20
43.6962  4.73015e+20
43.8135  4.84149e+20
43.9308  4.99721e+20
44.0481  5.18218e+20
44.1654  5.38002e+20
44.2827  5.5705e+20
44.4  5.73318e+20
44.5173  5.84887e+20
44.6347  5.90347e+20
44.752  5.88696e+20
44.8693  5.7935e+20
44.9866  5.62607e+20
45.1039  5.39539e+20
45.2212  5.11551e+20
45.3385  4.80586e+20
45.4558  4.49005e+20
45.5731  4.18736e+20
45.6904  3.91532e+20
45.8077  3.68616e+20
45.925  3.50439e+20
46.0423  3.36818e+20
46.1596  3.26874e+20
46.2769  3.19488e+20
46.3942  3.13372e+20
46.5115  3.0734e+20
46.6288  3.00579e+20
46.7461  2.9262e+20
46.8634  2.83423e+20
46.9808  2.73309e+20
47.0981  2.62983e+20
47.2154  2.53108e+20
47.3327  2.44423e+20
47.45  2.37559e+20
47.5673  2.33114e+20
47.6846  2.31466e+20
47.8019  2.32992e+20
47.9192  2.37745e+20
48.0365  2.45735e+20
48.1538  2.56719e+20
48.2711  2.70232e+20
48.3884  2.85604e+20
48.5057  3.0191e+20
48.623  3.18216e+20
48.7403  3.33449e+20
48.8576  3.46752e+20
48.9749  3.57334e+20
49.0922  3.64683e+20
49.2095  3.68658e+20
49.3269  3.69489e+20
49.4442  3.67602e+20
49.5615  3.63642e+20
49.6788  3.58343e+20
49.7961  3.52546e+20
49.9134  3.468e+20
50.0307  3.41569e+20
50.148  3.37005e+20
50.2653  3.32818e+20
50.3826  3.28519e+20
50.4999  3.23363e+20
50.6172  3.16512e+20
50.7345  3.07163e+20
50.8518  2.94897e+20
50.9691  2.79559e+20
51.0864  2.61606e+20
51.2037  2.41872e+20
51.321  2.21561e+20
51.4383  2.02019e+20
51.5556  1.84447e+20
51.673  1.69787e+20
51.7903  1.58625e+20
51.9076  1.50958e+20
52.0249  1.46521e+20
52.1422  1.44603e+20
52.2595  1.44635e+20
52.3768  1.45979e+20
52.4941  1.48282e+20
52.6114  1.51436e+20
52.7287  1.55523e+20
52.846  1.60785e+20
52.9633  1.67478e+20
53.0806  1.75778e+20
53.1979  1.85686e+20
53.3152  1.96971e+20
53.4325  2.09347e+20
53.5498  2.22232e+20
53.6671  2.3501e+20
53.7844  2.46882e+20
53.9017  2.56922e+20
54.0191  2.64344e+20
54.1364  2.68264e+20
54.2537  2.68061e+20
54.371  2.63387e+20
54.4883  2.54254e+20
54.6056  2.41208e+20
54.7229  2.25264e+20
54.8402  2.07836e+20
54.9575  1.90398e+20
55.0748  1.74487e+20
55.1921  1.61294e+20
55.3094  1.515e+20
55.4267  1.45264e+20
55.544  1.4221e+20
55.6613  1.41646e+20
55.7786  1.42642e+20
55.8959  1.44417e+20
56.0132  1.46301e+20
56.1305  1.47963e+20
56.2478  1.49275e+20
56.3651  1.50289e+20
56.4825  1.51277e+20
56.5998  1.52234e+20
56.7171  1.53392e+20
56.8344  1.54724e+20
56.9517  1.56324e+20
57.069  1.58407e+20
57.1863  1.6105e+20
57.3036  1.64625e+20
57.4209  1.69287e+20
57.5382  1.75164e+20
57.6555  1.82144e+20
57.7728  1.89746e+20
57.8901  1.97358e+20
58.0074  2.04181e+20
58.1247  2.09478e+20
58.242  2.12679e+20
58.3593  2.13417e+20
58.4766  2.11669e+20
58.5939  2.0769e+20
