#S 1 spectral density
#N 2
#UFWHM 25.9244
#L  abscissas [um]  spectral density
-58.5938  2.00841e+20
-58.4764  1.95437e+20
-58.3591  1.90519e+20
-58.2418  1.86066e+20
-58.1245  1.82274e+20
-58.0072  1.79353e+20
-57.8899  1.77502e+20
-57.7726  1.76966e+20
-57.6553  1.77687e+20
-57.538  1.79603e+20
-57.4207  1.82354e+20
-57.3034  1.85419e+20
-57.1861  1.88163e+20
-57.0688  1.90094e+20
-56.9515  1.90803e+20
-56.8342  1.90254e+20
-56.7169  1.88646e+20
-56.5996  1.86376e+20
-56.4823  1.84013e+20
-56.365  1.82168e+20
-56.2477  1.81196e+20
-56.1303  1.8147e+20
-56.013  1.83138e+20
-55.8957  1.86156e+20
-55.7784  1.90359e+20
-55.6611  1.95629e+20
-55.5438  2.01755e+20
-55.4265  2.08483e+20
-55.3092  2.15485e+20
-55.1919  2.22268e+20
-55.0746  2.28296e+20
-54.9573  2.32885e+20
-54.84  2.35503e+20
-54.7227  2.35488e+20
-54.6054  2.32764e+20
-54.4881  2.2733e+20
-54.3708  2.196e+20
-54.2535  2.10289e+20
-54.1362  2.00289e+20
-54.0189  1.90407e+20
-53.9016  1.81622e+20
-53.7842  1.74656e+20
-53.6669  1.70049e+20
-53.5496  1.68016e+20
-53.4323  1.68766e+20
-53.315  1.72241e+20
-53.1977  1.78323e+20
-53.0804  1.86755e+20
-52.9631  1.96977e+20
-52.8458  2.08355e+20
-52.7285  2.20027e+20
-52.6112  2.3098e+20
-52.4939  2.40184e+20
-52.3766  2.46793e+20
-52.2593  2.5016e+20
-52.142  2.50092e+20
-52.0247  2.46785e+20
-51.9074  2.40839e+20
-51.7901  2.33156e+20
-51.6728  2.24818e+20
-51.5555  2.16864e+20
-51.4381  2.1019e+20
-51.3208  2.05504e+20
-51.2035  2.03119e+20
-51.0862  2.03153e+20
-50.9689  2.05466e+20
-50.8516  2.09754e+20
-50.7343  2.15649e+20
-50.617  2.22612e+20
-50.4997  2.3008e+20
-50.3824  2.3748e+20
-50.2651  2.44174e+20
-50.1478  2.49612e+20
-50.0305  2.53237e+20
-49.9132  2.54805e+20
-49.7959  2.54169e+20
-49.6786  2.51428e+20
-49.5613  2.47057e+20
-49.444  2.41714e+20
-49.3267  2.36047e+20
-49.2094  2.30922e+20
-49.092  2.27219e+20
-48.9747  2.25442e+20
-48.8574  2.26032e+20
-48.7401  2.29184e+20
-48.6228  2.34707e+20
-48.5055  2.42243e+20
-48.3882  2.512e+20
-48.2709  2.60722e+20
-48.1536  2.69891e+20
-48.0363  2.77873e+20
-47.919  2.838e+20
-47.8017  2.87121e+20
-47.6844  2.87557e+20
-47.5671  2.85221e+20
-47.4498  2.80549e+20
-47.3325  2.74222e+20
-47.2152  2.67203e+20
-47.0979  2.60485e+20
-46.9806  2.54973e+20
-46.8633  2.51498e+20
-46.7459  2.50676e+20
-46.6286  2.52883e+20
-46.5113  2.58265e+20
-46.394  2.66794e+20
-46.2767  2.78261e+20
-46.1594  2.92323e+20
-46.0421  3.08512e+20
-45.9248  3.26026e+20
-45.8075  3.44042e+20
-45.6902  3.61478e+20
-45.5729  3.77197e+20
-45.4556  3.90062e+20
-45.3383  3.99108e+20
-45.221  4.03689e+20
-45.1037  4.03549e+20
-44.9864  3.98911e+20
-44.8691  3.90438e+20
-44.7518  3.79172e+20
-44.6345  3.66377e+20
-44.5172  3.53386e+20
-44.3998  3.41596e+20
-44.2825  3.31922e+20
-44.1652  3.25325e+20
-44.0479  3.22425e+20
-43.9306  3.23473e+20
-43.8133  3.28495e+20
-43.696  3.37446e+20
-43.5787  3.49847e+20
-43.4614  3.65059e+20
-43.3441  3.82244e+20
-43.2268  4.00343e+20
-43.1095  4.18163e+20
-42.9922  4.34436e+20
-42.8749  4.48099e+20
-42.7576  4.58241e+20
-42.6403  4.6421e+20
-42.523  4.65973e+20
-42.4057  4.63702e+20
-42.2884  4.57933e+20
-42.171  4.49593e+20
-42.0537  4.39708e+20
-41.9364  4.29249e+20
-41.8191  4.19143e+20
-41.7018  4.10129e+20
-41.5845  4.02765e+20
-41.4672  3.97409e+20
-41.3499  3.94314e+20
-41.2326  3.93329e+20
-41.1153  3.944e+20
-40.998  3.97163e+20
-40.8807  4.01244e+20
-40.7634  4.062e+20
-40.6461  4.11563e+20
-40.5288  4.1692e+20
-40.4115  4.21931e+20
-40.2942  4.26551e+20
-40.1769  4.30591e+20
-40.0596  4.34142e+20
-39.9423  4.37309e+20
-39.825  4.40237e+20
-39.7076  4.43091e+20
-39.5903  4.4573e+20
-39.473  4.48243e+20
-39.3557  4.50746e+20
-39.2384  4.53189e+20
-39.1211  4.55638e+20
-39.0038  4.58476e+20
-38.8865  4.6183e+20
-38.7692  4.65849e+20
-38.6519  4.70647e+20
-38.5346  4.76162e+20
-38.4173  4.82171e+20
-38.3  4.88195e+20
-38.1827  4.93938e+20
-38.0654  4.99107e+20
-37.9481  5.0355e+20
-37.8308  5.07581e+20
-37.7135  5.11513e+20
-37.5962  5.15909e+20
-37.4789  5.21413e+20
-37.3615  5.28456e+20
-37.2442  5.37232e+20
-37.1269  5.47405e+20
-37.0096  5.58572e+20
-36.8923  5.69968e+20
-36.775  5.80868e+20
-36.6577  5.907e+20
-36.5404  5.9894e+20
-36.4231  6.05558e+20
-36.3058  6.10515e+20
-36.1885  6.14001e+20
-36.0712  6.16258e+20
-35.9539  6.1735e+20
-35.8366  6.17256e+20
-35.7193  6.15677e+20
-35.602  6.12684e+20
-35.4847  6.0792e+20
-35.3674  6.01523e+20
-35.2501  5.9375e+20
-35.1328  5.85087e+20
-35.0154  5.76208e+20
-34.8981  5.6739e+20
-34.7808  5.59215e+20
-34.6635  5.52011e+20
-34.5462  5.45703e+20
-34.4289  5.40159e+20
-34.3116  5.35392e+20
-34.1943  5.31251e+20
-34.077  5.27673e+20
-33.9597  5.24943e+20
-33.8424  5.2342e+20
-33.7251  5.23587e+20
-33.6078  5.25718e+20
-33.4905  5.30209e+20
-33.3732  5.37252e+20
-33.2559  5.46732e+20
-33.1386  5.58661e+20
-33.0213  5.72593e+20
-32.904  5.88266e+20
-32.7867  6.05249e+20
-32.6693  6.22945e+20
-32.552  6.40871e+20
-32.4347  6.58012e+20
-32.3174  6.73765e+20
-32.2001  6.87101e+20
-32.0828  6.97199e+20
-31.9655  7.03517e+20
-31.8482  7.05543e+20
-31.7309  7.03295e+20
-31.6136  6.96972e+20
-31.4963  6.87156e+20
-31.379  6.74756e+20
-31.2617  6.60714e+20
-31.1444  6.46172e+20
-31.0271  6.32033e+20
-30.9098  6.19449e+20
-30.7925  6.09112e+20
-30.6752  6.01832e+20
-30.5579  5.98125e+20
-30.4406  5.9835e+20
-30.3232  6.02646e+20
-30.2059  6.10637e+20
-30.0886  6.21967e+20
-29.9713  6.36007e+20
-29.854  6.51858e+20
-29.7367  6.6862e+20
-29.6194  6.85606e+20
-29.5021  7.02207e+20
-29.3848  7.17883e+20
-29.2675  7.32492e+20
-29.1502  7.45985e+20
-29.0329  7.58514e+20
-28.9156  7.70108e+20
-28.7983  7.80924e+20
-28.681  7.91159e+20
-28.5637  8.0085e+20
-28.4464  8.10334e+20
-28.3291  8.1979e+20
-28.2118  8.29679e+20
-28.0944  8.40442e+20
-27.9771  8.52345e+20
-27.8598  8.65822e+20
-27.7425  8.807e+20
-27.6252  8.97004e+20
-27.5079  9.14134e+20
-27.3906  9.31495e+20
-27.2733  9.48479e+20
-27.156  9.64426e+20
-27.0387  9.78878e+20
-26.9214  9.91562e+20
-26.8041  1.00247e+21
-26.6868  1.01189e+21
-26.5695  1.02027e+21
-26.4522  1.02822e+21
-26.3349  1.03638e+21
-26.2176  1.04557e+21
-26.1003  1.05645e+21
-25.983  1.0698e+21
-25.8657  1.08632e+21
-25.7483  1.10651e+21
-25.631  1.13085e+21
-25.5137  1.15954e+21
-25.3964  1.19247e+21
-25.2791  1.22943e+21
-25.1618  1.26996e+21
-25.0445  1.31332e+21
-24.9272  1.35882e+21
-24.8099  1.40578e+21
-24.6926  1.45341e+21
-24.5753  1.50125e+21
-24.458  1.54862e+21
-24.3407  1.59533e+21
-24.2234  1.64101e+21
-24.1061  1.68558e+21
-23.9888  1.72898e+21
-23.8715  1.77131e+21
-23.7542  1.81272e+21
-23.6369  1.8535e+21
-23.5196  1.89397e+21
-23.4023  1.93458e+21
-23.2849  1.9753e+21
-23.1676  2.01636e+21
-23.0503  2.05752e+21
-22.933  2.09846e+21
-22.8157  2.13849e+21
-22.6984  2.17705e+21
-22.5811  2.21357e+21
-22.4638  2.24776e+21
-22.3465  2.27932e+21
-22.2292  2.3087e+21
-22.1119  2.33631e+21
-21.9946  2.36316e+21
-21.8773  2.39035e+21
-21.76  2.41908e+21
-21.6427  2.45087e+21
-21.5254  2.48709e+21
-21.4081  2.52901e+21
-21.2908  2.57767e+21
-21.1735  2.63401e+21
-21.0561  2.69831e+21
-20.9388  2.77074e+21
-20.8215  2.85107e+21
-20.7042  2.93773e+21
-20.5869  3.02947e+21
-20.4696  3.12406e+21
-20.3523  3.21911e+21
-20.235  3.31199e+21
-20.1177  3.40025e+21
-20.0004  3.48159e+21
-19.8831  3.5548e+21
-19.7658  3.61832e+21
-19.6485  3.67243e+21
-19.5312  3.71752e+21
-19.4139  3.75517e+21
-19.2966  3.7871e+21
-19.1793  3.81604e+21
-19.062  3.84459e+21
-18.9447  3.87557e+21
-18.8274  3.91161e+21
-18.71  3.95547e+21
-18.5927  4.00866e+21
-18.4754  4.07254e+21
-18.3581  4.14781e+21
-18.2408  4.23401e+21
-18.1235  4.33003e+21
-18.0062  4.4341e+21
-17.8889  4.54411e+21
-17.7716  4.65781e+21
-17.6543  4.77224e+21
-17.537  4.88579e+21
-17.4197  4.99647e+21
-17.3024  5.10337e+21
-17.1851  5.20611e+21
-17.0678  5.30483e+21
-16.9505  5.40104e+21
-16.8332  5.49626e+21
-16.7159  5.59247e+21
-16.5986  5.6916e+21
-16.4813  5.79563e+21
-16.364  5.90593e+21
-16.2466  6.02358e+21
-16.1293  6.14935e+21
-16.012  6.28166e+21
-15.8947  6.41955e+21
-15.7774  6.56042e+21
-15.6601  6.70137e+21
-15.5428  6.83881e+21
-15.4255  6.96922e+21
-15.3082  7.08928e+21
-15.1909  7.19728e+21
-15.0736  7.29085e+21
-14.9563  7.37036e+21
-14.839  7.43686e+21
-14.7217  7.49295e+21
-14.6044  7.54186e+21
-14.4871  7.58817e+21
-14.3698  7.6365e+21
-14.2525  7.69157e+21
-14.1352  7.75742e+21
-14.0178  7.8385e+21
-13.9005  7.93687e+21
-13.7832  8.05403e+21
-13.6659  8.19052e+21
-13.5486  8.34457e+21
-13.4313  8.51356e+21
-13.314  8.69346e+21
-13.1967  8.87926e+21
-13.0794  9.06606e+21
-12.9621  9.24735e+21
-12.8448  9.41889e+21
-12.7275  9.5758e+21
-12.6102  9.71548e+21
-12.4929  9.83645e+21
-12.3756  9.93857e+21
-12.2583  1.00244e+22
-12.141  1.00972e+22
-12.0237  1.01614e+22
-11.9064  1.02218e+22
-11.7891  1.02834e+22
-11.6718  1.03507e+22
-11.5544  1.04276e+22
-11.4371  1.05175e+22
-11.3198  1.06208e+22
-11.2025  1.0738e+22
-11.0852  1.08675e+22
-10.9679  1.1007e+22
-10.8506  1.11526e+22
-10.7333  1.12999e+22
-10.616  1.14446e+22
-10.4987  1.15834e+22
-10.3814  1.17119e+22
-10.2641  1.18285e+22
-10.1468  1.19323e+22
-10.0295  1.20242e+22
-9.91217  1.21057e+22
-9.79487  1.21804e+22
-9.67756  1.22521e+22
-9.56026  1.23249e+22
-9.44295  1.24026e+22
-9.32565  1.24896e+22
-9.20834  1.25877e+22
-9.09104  1.26985e+22
-8.97373  1.28226e+22
-8.85643  1.29582e+22
-8.73913  1.31035e+22
-8.62182  1.32549e+22
-8.50452  1.34085e+22
-8.38721  1.35607e+22
-8.26991  1.37067e+22
-8.1526  1.38439e+22
-8.03529  1.39692e+22
-7.91799  1.40817e+22
-7.80069  1.41813e+22
-7.68338  1.42688e+22
-7.56608  1.43473e+22
-7.44877  1.44202e+22
-7.33146  1.44917e+22
-7.21416  1.45657e+22
-7.09685  1.46462e+22
-6.97955  1.47364e+22
-6.86224  1.48384e+22
-6.74494  1.49536e+22
-6.62763  1.50808e+22
-6.51033  1.5218e+22
-6.39302  1.53621e+22
-6.27572  1.55088e+22
-6.15842  1.56531e+22
-6.04111  1.57897e+22
-5.92381  1.59142e+22
-5.8065  1.60234e+22
-5.68919  1.61142e+22
-5.57189  1.6186e+22
-5.45458  1.62399e+22
-5.33728  1.62783e+22
-5.21997  1.63048e+22
-5.10267  1.63241e+22
-4.98536  1.63413e+22
-4.86806  1.63611e+22
-4.75075  1.63875e+22
-4.63345  1.64245e+22
-4.51614  1.64736e+22
-4.39884  1.65355e+22
-4.28154  1.66099e+22
-4.16423  1.66945e+22
-4.04692  1.67869e+22
-3.92962  1.68833e+22
-3.81231  1.69804e+22
-3.69501  1.70747e+22
-3.5777  1.71628e+22
-3.4604  1.72431e+22
-3.34309  1.7314e+22
-3.22579  1.73757e+22
-3.10849  1.74293e+22
-2.99118  1.74766e+22
-2.87387  1.7521e+22
-2.75657  1.75652e+22
-2.63926  1.76127e+22
-2.52196  1.76658e+22
-2.40465  1.77262e+22
-2.28735  1.77941e+22
-2.17005  1.78688e+22
-2.05274  1.7948e+22
-1.93544  1.80275e+22
-1.81813  1.81028e+22
-1.70083  1.81688e+22
-1.58352  1.82204e+22
-1.46622  1.8253e+22
-1.34891  1.82629e+22
-1.2316  1.82487e+22
-1.1143  1.82106e+22
-0.996995  1.81506e+22
-0.87969  1.80724e+22
-0.762385  1.79821e+22
-0.64508  1.78859e+22
-0.527775  1.77912e+22
-0.41047  1.77053e+22
-0.293165  1.76346e+22
-0.17586  1.75847e+22
-0.058555  1.75592e+22
0.05875  1.75603e+22
0.176055  1.7588e+22
0.29336  1.76399e+22
0.410665  1.77126e+22
0.52797  1.78003e+22
0.645275  1.78966e+22
0.76258  1.79942e+22
0.879885  1.8086e+22
0.99719  1.81652e+22
1.1145  1.82263e+22
1.2318  1.82654e+22
1.3491  1.82803e+22
1.46641  1.82709e+22
1.58371  1.8239e+22
1.70102  1.8188e+22
1.81832  1.81227e+22
1.93563  1.80479e+22
2.05294  1.7969e+22
2.17024  1.78908e+22
2.28754  1.78167e+22
2.40485  1.77496e+22
2.52216  1.76901e+22
2.63946  1.7638e+22
2.75677  1.75917e+22
2.87407  1.75485e+22
2.99137  1.75054e+22
3.10868  1.74592e+22
3.22599  1.7407e+22
3.34329  1.73467e+22
3.4606  1.72774e+22
3.5779  1.71986e+22
3.69521  1.71121e+22
3.81251  1.70195e+22
3.92982  1.6924e+22
4.04712  1.68291e+22
4.16443  1.67384e+22
4.28173  1.66552e+22
4.39903  1.65824e+22
4.51634  1.65217e+22
4.63364  1.64741e+22
4.75095  1.6438e+22
4.86825  1.64123e+22
4.98556  1.63933e+22
5.10286  1.63766e+22
5.22017  1.63577e+22
5.33748  1.63314e+22
5.45478  1.62933e+22
5.57209  1.62398e+22
5.68939  1.61679e+22
5.8067  1.60775e+22
5.924  1.59689e+22
6.0413  1.58449e+22
6.15861  1.57087e+22
6.27591  1.55653e+22
6.39322  1.54197e+22
6.51052  1.52768e+22
6.62783  1.51405e+22
6.74514  1.50144e+22
6.86244  1.49006e+22
6.97975  1.47993e+22
7.09705  1.47102e+22
7.21436  1.46306e+22
7.33166  1.45573e+22
7.44897  1.44866e+22
7.56627  1.44142e+22
7.68358  1.4336e+22
7.80088  1.42486e+22
7.91819  1.41493e+22
8.03549  1.40372e+22
8.1528  1.39123e+22
8.2701  1.37752e+22
8.38741  1.36294e+22
8.50471  1.34778e+22
8.62202  1.33244e+22
8.73932  1.31734e+22
8.85662  1.30288e+22
8.97393  1.28937e+22
9.09123  1.27703e+22
9.20854  1.26599e+22
9.32584  1.25625e+22
9.44315  1.24759e+22
9.56045  1.23982e+22
9.67776  1.23257e+22
9.79506  1.2254e+22
9.91237  1.21793e+22
10.0297  1.20975e+22
10.147  1.20058e+22
10.2643  1.1902e+22
10.3816  1.17851e+22
10.4989  1.16566e+22
10.6162  1.15182e+22
10.7335  1.13736e+22
10.8508  1.12265e+22
10.9681  1.10815e+22
11.0854  1.09429e+22
11.2027  1.08141e+22
11.32  1.06974e+22
11.4373  1.05946e+22
11.5546  1.05057e+22
11.6719  1.04288e+22
11.7893  1.0362e+22
11.9066  1.03005e+22
12.0239  1.024e+22
12.1412  1.01756e+22
12.2585  1.01023e+22
12.3758  1.00157e+22
12.4931  9.9124e+21
12.6104  9.79048e+21
12.7277  9.65008e+21
12.845  9.49237e+21
12.9623  9.31991e+21
13.0796  9.13767e+21
13.1969  8.95067e+21
13.3142  8.76423e+21
13.4315  8.58414e+21
13.5488  8.41534e+21
13.6661  8.26148e+21
13.7834  8.12534e+21
13.9007  8.00835e+21
14.018  7.91061e+21
14.1354  7.82986e+21
14.2527  7.76402e+21
14.37  7.70921e+21
14.4873  7.66086e+21
14.6046  7.6144e+21
14.7219  7.56503e+21
14.8392  7.50854e+21
14.9565  7.44149e+21
15.0738  7.36101e+21
15.1911  7.26652e+21
15.3084  7.15776e+21
15.4257  7.03667e+21
15.543  6.90528e+21
15.6603  6.76699e+21
15.7776  6.62545e+21
15.8949  6.48397e+21
16.0122  6.3453e+21
16.1295  6.21229e+21
16.2468  6.08631e+21
16.3641  5.96797e+21
16.4815  5.85725e+21
16.5988  5.75278e+21
16.7161  5.65308e+21
16.8334  5.55635e+21
16.9507  5.46055e+21
17.068  5.3635e+21
17.1853  5.26376e+21
17.3026  5.16011e+21
17.4199  5.05255e+21
17.5372  4.94112e+21
17.6545  4.82668e+21
17.7718  4.71125e+21
17.8891  4.59706e+21
18.0064  4.48625e+21
18.1237  4.38157e+21
18.241  4.28525e+21
18.3583  4.19877e+21
18.4756  4.12323e+21
18.5929  4.05905e+21
18.7102  4.00579e+21
18.8275  3.96179e+21
18.9449  3.92534e+21
19.0622  3.89411e+21
19.1795  3.86515e+21
19.2968  3.8358e+21
19.4141  3.80319e+21
19.5314  3.76489e+21
19.6487  3.71899e+21
19.766  3.66389e+21
19.8833  3.5993e+21
20.0006  3.52515e+21
20.1179  3.44267e+21
20.2352  3.35336e+21
20.3525  3.25939e+21
20.4698  3.16348e+21
20.5871  3.06806e+21
20.7044  2.97551e+21
20.8217  2.88809e+21
20.939  2.80735e+21
21.0563  2.73436e+21
21.1736  2.66965e+21
21.291  2.61301e+21
21.4083  2.56398e+21
21.5256  2.52174e+21
21.6429  2.48528e+21
21.7602  2.45311e+21
21.8775  2.42391e+21
21.9948  2.39629e+21
22.1121  2.36906e+21
22.2294  2.34092e+21
22.3467  2.31097e+21
22.464  2.27869e+21
22.5813  2.24393e+21
22.6986  2.20666e+21
22.8159  2.1674e+21
22.9332  2.12675e+21
23.0505  2.08521e+21
23.1678  2.04338e+21
23.2851  2.00167e+21
23.4024  1.96033e+21
23.5198  1.91922e+21
23.6371  1.87802e+21
23.7544  1.83666e+21
23.8717  1.79459e+21
23.989  1.75171e+21
24.1063  1.7077e+21
24.2236  1.66248e+21
24.3409  1.61617e+21
24.4582  1.56881e+21
24.5755  1.52077e+21
24.6928  1.47232e+21
24.8101  1.42402e+21
24.9274  1.3765e+21
25.0447  1.33035e+21
25.162  1.28649e+21
25.2793  1.24549e+21
25.3966  1.20809e+21
25.5139  1.17473e+21
25.6312  1.14572e+21
25.7485  1.12109e+21
25.8658  1.1006e+21
25.9832  1.08386e+21
26.1005  1.0702e+21
26.2178  1.05903e+21
26.3351  1.04961e+21
26.4524  1.04115e+21
26.5697  1.03287e+21
26.687  1.02411e+21
26.8043  1.0143e+21
26.9216  1.00298e+21
27.0389  9.89855e+20
27.1562  9.74922e+20
27.2735  9.58535e+20
27.3908  9.41092e+20
27.5081  9.23256e+20
27.6254  9.05763e+20
27.7427  8.89153e+20
27.86  8.73865e+20
27.9773  8.6008e+20
28.0946  8.47826e+20
28.212  8.36862e+20
28.3293  8.26658e+20
28.4466  8.16957e+20
28.5639  8.07228e+20
28.6812  7.9732e+20
28.7985  7.86917e+20
28.9158  7.7588e+20
29.0331  7.64066e+20
29.1504  7.51349e+20
29.2677  7.37636e+20
29.385  7.22771e+20
29.5023  7.06832e+20
29.6196  6.90068e+20
29.7369  6.72841e+20
29.8542  6.55901e+20
29.9715  6.3989e+20
30.0888  6.25759e+20
30.2061  6.14269e+20
30.3234  6.06206e+20
30.4407  6.0198e+20
30.558  6.0171e+20
30.6754  6.0545e+20
30.7927  6.12683e+20
30.91  6.23011e+20
31.0273  6.35599e+20
31.1446  6.49644e+20
31.2619  6.64182e+20
31.3792  6.78046e+20
31.4965  6.9028e+20
31.6138  6.99912e+20
31.7311  7.05956e+20
31.8484  7.07947e+20
31.9657  7.05624e+20
32.083  6.99081e+20
32.2003  6.88669e+20
32.3176  6.75113e+20
32.4349  6.59211e+20
32.5522  6.41845e+20
32.6695  6.23805e+20
32.7868  6.05979e+20
32.9042  5.88981e+20
33.0215  5.73248e+20
33.1388  5.59334e+20
33.2561  5.47462e+20
33.3734  5.38031e+20
33.4907  5.31101e+20
33.608  5.26712e+20
33.7253  5.24611e+20
33.8426  5.24557e+20
33.9599  5.26141e+20
34.0772  5.28888e+20
34.1945  5.3245e+20
34.3118  5.36624e+20
34.4291  5.41433e+20
34.5464  5.46974e+20
34.6637  5.5331e+20
34.781  5.60571e+20
34.8983  5.68655e+20
35.0156  5.77456e+20
35.1329  5.8648e+20
35.2503  5.9508e+20
35.3676  6.02831e+20
35.4849  6.09151e+20
35.6022  6.13908e+20
35.7195  6.16959e+20
35.8368  6.18427e+20
35.9541  6.1863e+20
36.0714  6.17499e+20
36.1887  6.15234e+20
36.306  6.11767e+20
36.4233  6.06756e+20
36.5406  6.00125e+20
36.6579  5.91792e+20
36.7752  5.81993e+20
36.8925  5.71027e+20
37.0098  5.5959e+20
37.1271  5.48469e+20
37.2444  5.38303e+20
37.3617  5.29582e+20
37.479  5.22573e+20
37.5964  5.17097e+20
37.7137  5.12698e+20
37.831  5.0879e+20
37.9483  5.04785e+20
38.0656  5.00297e+20
38.1829  4.95144e+20
38.3002  4.89452e+20
38.4175  4.83395e+20
38.5348  4.7747e+20
38.6521  4.72023e+20
38.7694  4.67273e+20
38.8867  4.63318e+20
39.004  4.60017e+20
39.1213  4.5728e+20
39.2386  4.54835e+20
39.3559  4.52456e+20
39.4732  4.50008e+20
39.5905  4.47437e+20
39.7078  4.44782e+20
39.8251  4.42053e+20
39.9425  4.39084e+20
40.0598  4.35892e+20
40.1771  4.32274e+20
40.2944  4.28245e+20
40.4117  4.23657e+20
40.529  4.18543e+20
40.6463  4.13218e+20
40.7636  4.07844e+20
40.8809  4.02912e+20
40.9982  3.98895e+20
41.1155  3.96204e+20
41.2328  3.95253e+20
41.3501  3.96296e+20
41.4674  3.99571e+20
41.5847  4.05018e+20
41.702  4.12486e+20
41.8193  4.21621e+20
41.9366  4.31795e+20
42.0539  4.42298e+20
42.1712  4.52195e+20
42.2885  4.60458e+20
42.4059  4.66137e+20
42.5232  4.68286e+20
42.6405  4.66402e+20
42.7578  4.60214e+20
42.8751  4.49916e+20
42.9924  4.36122e+20
43.1097  4.19684e+20
43.227  4.0179e+20
43.3443  3.83671e+20
43.4616  3.66502e+20
43.5789  3.5136e+20
43.6962  3.39037e+20
43.8135  3.30244e+20
43.9308  3.25341e+20
44.0481  3.2449e+20
44.1654  3.27561e+20
44.2827  3.34287e+20
44.4  3.44067e+20
44.5173  3.56033e+20
44.6347  3.6904e+20
44.752  3.81848e+20
44.8693  3.93034e+20
44.9866  4.01413e+20
45.1039  4.05928e+20
45.2212  4.0584e+20
45.3385  4.01064e+20
45.4558  3.91821e+20
45.5731  3.78782e+20
45.6904  3.62927e+20
45.8077  3.45399e+20
45.925  3.27329e+20
46.0423  3.0978e+20
46.1596  2.93608e+20
46.2769  2.79591e+20
46.3942  2.68178e+20
46.5115  2.59739e+20
46.6288  2.54451e+20
46.7461  2.5235e+20
46.8634  2.5324e+20
46.9808  2.56797e+20
47.0981  2.62355e+20
47.2154  2.69088e+20
47.3327  2.76053e+20
47.45  2.82315e+20
47.5673  2.86893e+20
47.6846  2.89034e+20
47.8019  2.88431e+20
47.9192  2.84946e+20
48.0365  2.78899e+20
48.1538  2.70846e+20
48.2711  2.61553e+20
48.3884  2.52005e+20
48.5057  2.43061e+20
48.623  2.35592e+20
48.7403  2.30152e+20
48.8576  2.27063e+20
48.9749  2.26545e+20
49.0922  2.28397e+20
49.2095  2.32201e+20
49.3269  2.37325e+20
49.4442  2.43015e+20
49.5615  2.48349e+20
49.6788  2.52662e+20
49.7961  2.55275e+20
49.9134  2.55821e+20
50.0307  2.54145e+20
50.148  2.50379e+20
50.2653  2.44863e+20
50.3826  2.3808e+20
50.4999  2.30616e+20
50.6172  2.23102e+20
50.7345  2.16132e+20
50.8518  2.1023e+20
50.9691  2.05996e+20
51.0864  2.03753e+20
51.2037  2.03778e+20
51.321  2.06268e+20
51.4383  2.11044e+20
51.5556  2.17714e+20
51.673  2.25768e+20
51.7903  2.34094e+20
51.9076  2.4172e+20
52.0249  2.47528e+20
52.1422  2.50761e+20
52.2595  2.50696e+20
52.3768  2.47111e+20
52.4941  2.40383e+20
52.6114  2.31047e+20
52.7287  2.20048e+20
52.846  2.08365e+20
52.9633  1.96937e+20
53.0806  1.86732e+20
53.1979  1.78383e+20
53.3152  1.72388e+20
53.4325  1.69006e+20
53.5498  1.68341e+20
53.6671  1.70443e+20
53.7844  1.7516e+20
53.9017  1.82224e+20
54.0191  1.91071e+20
54.1364  2.00957e+20
54.2537  2.10958e+20
54.371  2.20279e+20
54.4883  2.27863e+20
54.6056  2.33243e+20
54.7229  2.35878e+20
54.8402  2.35696e+20
54.9575  2.33023e+20
55.0748  2.28351e+20
55.1921  2.22231e+20
55.3094  2.15397e+20
55.4267  2.08375e+20
55.544  2.01669e+20
55.6613  1.95559e+20
55.7786  1.90342e+20
55.8959  1.86143e+20
56.0132  1.83219e+20
56.1305  1.81601e+20
56.2478  1.81356e+20
56.3651  1.8241e+20
56.4825  1.84318e+20
56.5998  1.86688e+20
56.7171  1.88927e+20
56.8344  1.90531e+20
56.9517  1.91045e+20
57.069  1.90263e+20
57.1863  1.88296e+20
57.3036  1.85528e+20
57.4209  1.8248e+20
57.5382  1.79738e+20
57.6555  1.77835e+20
57.7728  1.77112e+20
57.8901  1.77757e+20
58.0074  1.79615e+20
58.1247  1.82582e+20
58.242  1.86418e+20
58.3593  1.90883e+20
58.4766  1.95847e+20
58.5939  2.01284e+20
