#S 1 spectral density
#N 2
#UFWHM 11.144
#L  abscissas [um]  spectral density
-58.5938  3.26791e+19
-58.4764  3.4008e+19
-58.3591  3.4461e+19
-58.2418  3.37521e+19
-58.1245  3.1744e+19
-58.0072  2.86171e+19
-57.8899  2.46952e+19
-57.7726  2.05135e+19
-57.6553  1.66037e+19
-57.538  1.34003e+19
-57.4207  1.11433e+19
-57.3034  9.86207e+18
-57.1861  9.37625e+18
-57.0688  9.39502e+18
-56.9515  9.5957e+18
-56.8342  9.73117e+18
-56.7169  9.6619e+18
-56.5996  9.36084e+18
-56.4823  8.89522e+18
-56.365  8.38765e+18
-56.2477  7.93451e+18
-56.1303  7.62351e+18
-56.013  7.53316e+18
-55.8957  7.7326e+18
-55.7784  8.32773e+18
-55.6611  9.45177e+18
-55.5438  1.12508e+19
-55.4265  1.38333e+19
-55.3092  1.71782e+19
-55.1919  2.11199e+19
-55.0746  2.53479e+19
-54.9573  2.93208e+19
-54.84  3.25643e+19
-54.7227  3.45464e+19
-54.6054  3.49753e+19
-54.4881  3.37556e+19
-54.3708  3.10679e+19
-54.2535  2.73039e+19
-54.1362  2.29993e+19
-54.0189  1.86873e+19
-53.9016  1.48149e+19
-53.7842  1.16641e+19
-53.6669  9.34765e+18
-53.5496  7.78253e+18
-53.4323  6.80598e+18
-53.315  6.20214e+18
-53.1977  5.78268e+18
-53.0804  5.40663e+18
-52.9631  4.97201e+18
-52.8458  4.43308e+18
-52.7285  3.79094e+18
-52.6112  3.06469e+18
-52.4939  2.33957e+18
-52.3766  1.77577e+18
-52.2593  1.63193e+18
-52.142  2.23878e+18
-52.0247  3.9637e+18
-51.9074  7.13711e+18
-51.7901  1.19404e+19
-51.6728  1.83413e+19
-51.5555  2.60144e+19
-51.4381  3.44166e+19
-51.3208  4.27452e+19
-51.2035  5.02026e+19
-51.0862  5.59788e+19
-50.9689  5.95869e+19
-50.8516  6.0816e+19
-50.7343  5.97086e+19
-50.617  5.67415e+19
-50.4997  5.25243e+19
-50.3824  4.76936e+19
-50.2651  4.29687e+19
-50.1478  3.87538e+19
-50.0305  3.53678e+19
-49.9132  3.28256e+19
-49.7959  3.10416e+19
-49.6786  2.98216e+19
-49.5613  2.89197e+19
-49.444  2.81411e+19
-49.3267  2.74046e+19
-49.2094  2.6659e+19
-49.092  2.59933e+19
-48.9747  2.55455e+19
-48.8574  2.55226e+19
-48.7401  2.60987e+19
-48.6228  2.74399e+19
-48.5055  2.95772e+19
-48.3882  3.24455e+19
-48.2709  3.58788e+19
-48.1536  3.95303e+19
-48.0363  4.30304e+19
-47.919  4.59407e+19
-47.8017  4.79304e+19
-47.6844  4.87358e+19
-47.5671  4.83335e+19
-47.4498  4.68461e+19
-47.3325  4.45766e+19
-47.2152  4.19483e+19
-47.0979  3.94062e+19
-46.9806  3.73121e+19
-46.8633  3.5946e+19
-46.7459  3.54114e+19
-46.6286  3.56552e+19
-46.5113  3.6502e+19
-46.394  3.77293e+19
-46.2767  3.9088e+19
-46.1594  4.03253e+19
-46.0421  4.12753e+19
-45.9248  4.17784e+19
-45.8075  4.16799e+19
-45.6902  4.08671e+19
-45.5729  3.91988e+19
-45.4556  3.65957e+19
-45.3383  3.30309e+19
-45.221  2.86156e+19
-45.1037  2.35596e+19
-44.9864  1.82088e+19
-44.8691  1.29968e+19
-44.7518  8.39427e+18
-44.6345  4.82951e+18
-44.5172  2.64099e+18
-44.3998  2.02684e+18
-44.2825  3.05306e+18
-44.1652  5.68272e+18
-44.0479  9.81274e+18
-43.9306  1.53376e+19
-43.8133  2.21727e+19
-43.696  3.02333e+19
-43.5787  3.94275e+19
-43.4614  4.96255e+19
-43.3441  6.05074e+19
-43.2268  7.1695e+19
-43.1095  8.25837e+19
-42.9922  9.26296e+19
-42.8749  1.01167e+20
-42.7576  1.07732e+20
-42.6403  1.12023e+20
-42.523  1.14033e+20
-42.4057  1.13969e+20
-42.2884  1.12279e+20
-42.171  1.09511e+20
-42.0537  1.06199e+20
-41.9364  1.02748e+20
-41.8191  9.94688e+19
-41.7018  9.6349e+19
-41.5845  9.33013e+19
-41.4672  9.00082e+19
-41.3499  8.61351e+19
-41.2326  8.1387e+19
-41.1153  7.55155e+19
-40.998  6.84532e+19
-40.8807  6.03473e+19
-40.7634  5.15471e+19
-40.6461  4.25414e+19
-40.5288  3.40393e+19
-40.4115  2.68015e+19
-40.2942  2.15512e+19
-40.1769  1.89986e+19
-40.0596  1.95319e+19
-39.9423  2.32674e+19
-39.825  2.9972e+19
-39.7076  3.90137e+19
-39.5903  4.94819e+19
-39.473  6.02731e+19
-39.3557  7.03604e+19
-39.2384  7.88036e+19
-39.1211  8.50805e+19
-39.0038  8.90176e+19
-38.8865  9.0901e+19
-38.7692  9.12994e+19
-38.6519  9.10974e+19
-38.5346  9.11226e+19
-38.4173  9.22642e+19
-38.3  9.50874e+19
-38.1827  9.99958e+19
-38.0654  1.07127e+20
-37.9481  1.16427e+20
-37.8308  1.27574e+20
-37.7135  1.40185e+20
-37.5962  1.53683e+20
-37.4789  1.67325e+20
-37.3615  1.80248e+20
-37.2442  1.91544e+20
-37.1269  2.00129e+20
-37.0096  2.05214e+20
-36.8923  2.06137e+20
-36.775  2.02634e+20
-36.6577  1.94961e+20
-36.5404  1.83839e+20
-36.4231  1.70384e+20
-36.3058  1.55922e+20
-36.1885  1.41826e+20
-36.0712  1.29177e+20
-35.9539  1.18811e+20
-35.8366  1.11022e+20
-35.7193  1.0566e+20
-35.602  1.02387e+20
-35.4847  1.0049e+20
-35.3674  9.9467e+19
-35.2501  9.88125e+19
-35.1328  9.82782e+19
-35.0154  9.78487e+19
-34.8981  9.75087e+19
-34.7808  9.75027e+19
-34.6635  9.80424e+19
-34.5462  9.92328e+19
-34.4289  1.01193e+20
-34.3116  1.04074e+20
-34.1943  1.08045e+20
-34.077  1.13238e+20
-33.9597  1.19769e+20
-33.8424  1.27747e+20
-33.7251  1.37143e+20
-33.6078  1.47706e+20
-33.4905  1.5895e+20
-33.3732  1.7025e+20
-33.2559  1.80806e+20
-33.1386  1.89865e+20
-33.0213  1.96762e+20
-32.904  2.01011e+20
-32.7867  2.02464e+20
-32.6693  2.0125e+20
-32.552  1.97779e+20
-32.4347  1.92582e+20
-32.3174  1.86306e+20
-32.2001  1.79642e+20
-32.0828  1.73263e+20
-31.9655  1.67791e+20
-31.8482  1.63573e+20
-31.7309  1.61022e+20
-31.6136  1.60282e+20
-31.4963  1.61362e+20
-31.379  1.64152e+20
-31.2617  1.68247e+20
-31.1444  1.73203e+20
-31.0271  1.78618e+20
-30.9098  1.83949e+20
-30.7925  1.88936e+20
-30.6752  1.93285e+20
-30.5579  1.96932e+20
-30.4406  2.0006e+20
-30.3232  2.02757e+20
-30.2059  2.05349e+20
-30.0886  2.07894e+20
-29.9713  2.10381e+20
-29.854  2.12872e+20
-29.7367  2.15169e+20
-29.6194  2.17111e+20
-29.5021  2.18427e+20
-29.3848  2.19059e+20
-29.2675  2.18997e+20
-29.1502  2.18111e+20
-29.0329  2.16341e+20
-28.9156  2.13727e+20
-28.7983  2.10182e+20
-28.681  2.05743e+20
-28.5637  2.00406e+20
-28.4464  1.94322e+20
-28.3291  1.87728e+20
-28.2118  1.80946e+20
-28.0944  1.74364e+20
-27.9771  1.68292e+20
-27.8598  1.62954e+20
-27.7425  1.58454e+20
-27.6252  1.54619e+20
-27.5079  1.51198e+20
-27.3906  1.47743e+20
-27.2733  1.43766e+20
-27.156  1.3912e+20
-27.0387  1.33501e+20
-26.9214  1.27052e+20
-26.8041  1.20012e+20
-26.6868  1.12789e+20
-26.5695  1.05855e+20
-26.4522  9.96647e+19
-26.3349  9.45904e+19
-26.2176  9.0841e+19
-26.1003  8.86083e+19
-25.983  8.7869e+19
-25.8657  8.85513e+19
-25.7483  9.05083e+19
-25.631  9.34439e+19
-25.5137  9.71754e+19
-25.3964  1.01319e+20
-25.2791  1.05511e+20
-25.1618  1.09418e+20
-25.0445  1.12781e+20
-24.9272  1.15336e+20
-24.8099  1.17106e+20
-24.6926  1.18172e+20
-24.5753  1.18834e+20
-24.458  1.19518e+20
-24.3407  1.20767e+20
-24.2234  1.2317e+20
-24.1061  1.2741e+20
-23.9888  1.34019e+20
-23.8715  1.43624e+20
-23.7542  1.56549e+20
-23.6369  1.73183e+20
-23.5196  1.93619e+20
-23.4023  2.17654e+20
-23.2849  2.44907e+20
-23.1676  2.74601e+20
-23.0503  3.05694e+20
-22.933  3.36991e+20
-22.8157  3.66982e+20
-22.6984  3.94385e+20
-22.5811  4.18084e+20
-22.4638  4.37164e+20
-22.3465  4.51278e+20
-22.2292  4.60471e+20
-22.1119  4.652e+20
-21.9946  4.66316e+20
-21.8773  4.64935e+20
-21.76  4.62241e+20
-21.6427  4.59407e+20
-21.5254  4.5754e+20
-21.4081  4.57394e+20
-21.2908  4.59629e+20
-21.1735  4.64536e+20
-21.0561  4.72078e+20
-20.9388  4.81971e+20
-20.8215  4.9379e+20
-20.7042  5.0652e+20
-20.5869  5.19308e+20
-20.4696  5.31067e+20
-20.3523  5.4077e+20
-20.235  5.47479e+20
-20.1177  5.5064e+20
-20.0004  5.49769e+20
-19.8831  5.4514e+20
-19.7658  5.36909e+20
-19.6485  5.25918e+20
-19.5312  5.13046e+20
-19.4139  4.99434e+20
-19.2966  4.86126e+20
-19.1793  4.74223e+20
-19.062  4.64693e+20
-18.9447  4.58332e+20
-18.8274  4.55817e+20
-18.71  4.57664e+20
-18.5927  4.64071e+20
-18.4754  4.75077e+20
-18.3581  4.90676e+20
-18.2408  5.10209e+20
-18.1235  5.33241e+20
-18.0062  5.58864e+20
-17.8889  5.86355e+20
-17.7716  6.14752e+20
-17.6543  6.43265e+20
-17.537  6.71346e+20
-17.4197  6.98655e+20
-17.3024  7.24875e+20
-17.1851  7.50189e+20
-17.0678  7.74746e+20
-16.9505  7.98896e+20
-16.8332  8.23045e+20
-16.7159  8.47354e+20
-16.5986  8.72141e+20
-16.4813  8.97252e+20
-16.364  9.2252e+20
-16.2466  9.4745e+20
-16.1293  9.71534e+20
-16.012  9.93864e+20
-15.8947  1.01382e+21
-15.7774  1.03029e+21
-15.6601  1.0425e+21
-15.5428  1.04988e+21
-15.4255  1.05238e+21
-15.3082  1.04997e+21
-15.1909  1.04317e+21
-15.0736  1.03312e+21
-14.9563  1.02139e+21
-14.839  1.00931e+21
-14.7217  9.9888e+20
-14.6044  9.91468e+20
-14.4871  9.88052e+20
-14.3698  9.8943e+20
-14.2525  9.95695e+20
-14.1352  1.00667e+21
-14.0178  1.02133e+21
-13.9005  1.039e+21
-13.7832  1.05872e+21
-13.6659  1.07963e+21
-13.5486  1.10115e+21
-13.4313  1.12316e+21
-13.314  1.14561e+21
-13.1967  1.16903e+21
-13.0794  1.19376e+21
-12.9621  1.22102e+21
-12.8448  1.25157e+21
-12.7275  1.28682e+21
-12.6102  1.32755e+21
-12.4929  1.375e+21
-12.3756  1.4301e+21
-12.2583  1.49329e+21
-12.141  1.56473e+21
-12.0237  1.64448e+21
-11.9064  1.73197e+21
-11.7891  1.8263e+21
-11.6718  1.92663e+21
-11.5544  2.03171e+21
-11.4371  2.14043e+21
-11.3198  2.25237e+21
-11.2025  2.36696e+21
-11.0852  2.48422e+21
-10.9679  2.6048e+21
-10.8506  2.72954e+21
-10.7333  2.85974e+21
-10.616  2.99727e+21
-10.4987  3.14364e+21
-10.3814  3.30117e+21
-10.2641  3.47203e+21
-10.1468  3.65853e+21
-10.0295  3.86248e+21
-9.91217  4.08604e+21
-9.79487  4.33044e+21
-9.67756  4.5967e+21
-9.56026  4.88501e+21
-9.44295  5.19502e+21
-9.32565  5.52566e+21
-9.20834  5.87517e+21
-9.09104  6.24133e+21
-8.97373  6.62143e+21
-8.85643  7.0133e+21
-8.73913  7.41374e+21
-8.62182  7.82029e+21
-8.50452  8.23061e+21
-8.38721  8.64284e+21
-8.26991  9.05594e+21
-8.1526  9.46914e+21
-8.03529  9.8825e+21
-7.91799  1.02964e+22
-7.80069  1.07129e+22
-7.68338  1.11331e+22
-7.56608  1.15592e+22
-7.44877  1.19936e+22
-7.33146  1.24384e+22
-7.21416  1.28954e+22
-7.09685  1.33661e+22
-6.97955  1.38512e+22
-6.86224  1.43508e+22
-6.74494  1.48636e+22
-6.62763  1.53884e+22
-6.51033  1.59224e+22
-6.39302  1.64625e+22
-6.27572  1.70057e+22
-6.15842  1.75483e+22
-6.04111  1.80869e+22
-5.92381  1.86199e+22
-5.8065  1.91447e+22
-5.68919  1.96611e+22
-5.57189  2.017e+22
-5.45458  2.06733e+22
-5.33728  2.11736e+22
-5.21997  2.16747e+22
-5.10267  2.21807e+22
-4.98536  2.26954e+22
-4.86806  2.32216e+22
-4.75075  2.37624e+22
-4.63345  2.43187e+22
-4.51614  2.48909e+22
-4.39884  2.54776e+22
-4.28154  2.60762e+22
-4.16423  2.66851e+22
-4.04692  2.72986e+22
-3.92962  2.79134e+22
-3.81231  2.85258e+22
-3.69501  2.91314e+22
-3.5777  2.97284e+22
-3.4604  3.0314e+22
-3.34309  3.08874e+22
-3.22579  3.14484e+22
-3.10849  3.19993e+22
-2.99118  3.25403e+22
-2.87387  3.30749e+22
-2.75657  3.36047e+22
-2.63926  3.4132e+22
-2.52196  3.46568e+22
-2.40465  3.51799e+22
-2.28735  3.56987e+22
-2.17005  3.62103e+22
-2.05274  3.67101e+22
-1.93544  3.71915e+22
-1.81813  3.7648e+22
-1.70083  3.80728e+22
-1.58352  3.84591e+22
-1.46622  3.88011e+22
-1.34891  3.90939e+22
-1.2316  3.93362e+22
-1.1143  3.95277e+22
-0.996995  3.9671e+22
-0.87969  3.97706e+22
-0.762385  3.98325e+22
-0.64508  3.98645e+22
-0.527775  3.98751e+22
-0.41047  3.98726e+22
-0.293165  3.98639e+22
-0.17586  3.98561e+22
-0.058555  3.98533e+22
0.05875  3.98573e+22
0.176055  3.98687e+22
0.29336  3.98852e+22
0.410665  3.99017e+22
0.52797  3.99124e+22
0.645275  3.99091e+22
0.76258  3.98845e+22
0.879885  3.98294e+22
0.99719  3.97367e+22
1.1145  3.95997e+22
1.2318  3.9414e+22
1.3491  3.91768e+22
1.46641  3.88889e+22
1.58371  3.85517e+22
1.70102  3.81699e+22
1.81832  3.77492e+22
1.93563  3.72966e+22
2.05294  3.68188e+22
2.17024  3.63229e+22
2.28754  3.58146e+22
2.40485  3.52991e+22
2.52216  3.47795e+22
2.63946  3.42575e+22
2.75677  3.37335e+22
2.87407  3.32066e+22
2.99137  3.26751e+22
3.10868  3.21365e+22
3.22599  3.15889e+22
3.34329  3.10303e+22
3.4606  3.04592e+22
3.5779  2.98759e+22
3.69521  2.92816e+22
3.81251  2.86776e+22
3.92982  2.80671e+22
4.04712  2.74537e+22
4.16443  2.68415e+22
4.28173  2.62342e+22
4.39903  2.56358e+22
4.51634  2.50499e+22
4.63364  2.44781e+22
4.75095  2.3922e+22
4.86825  2.33814e+22
4.98556  2.2855e+22
5.10286  2.23406e+22
5.22017  2.18336e+22
5.33748  2.13321e+22
5.45478  2.08312e+22
5.57209  2.03271e+22
5.68939  1.98176e+22
5.8067  1.93e+22
5.924  1.8774e+22
6.0413  1.82402e+22
6.15861  1.77004e+22
6.27591  1.71562e+22
6.39322  1.6612e+22
6.51052  1.60702e+22
6.62783  1.55347e+22
6.74514  1.5008e+22
6.86244  1.44933e+22
6.97975  1.39915e+22
7.09705  1.3504e+22
7.21436  1.30308e+22
7.33166  1.25709e+22
7.44897  1.21232e+22
7.56627  1.16856e+22
7.68358  1.12561e+22
7.80088  1.08324e+22
7.91819  1.04124e+22
8.03549  9.99454e+21
8.1528  9.57703e+21
8.2701  9.15976e+21
8.38741  8.74255e+21
8.50471  8.32568e+21
8.62202  7.91127e+21
8.73932  7.50052e+21
8.85662  7.09584e+21
8.97393  6.69993e+21
9.09123  6.31578e+21
9.20854  5.94582e+21
9.32584  5.59259e+21
9.44315  5.2587e+21
9.56045  4.94548e+21
9.67776  4.65415e+21
9.79506  4.38518e+21
9.91237  4.13795e+21
10.0297  3.91194e+21
10.147  3.70535e+21
10.2643  3.51637e+21
10.3816  3.34322e+21
10.4989  3.18313e+21
10.6162  3.03435e+21
10.7335  2.89466e+21
10.8508  2.76215e+21
10.9681  2.63511e+21
11.0854  2.51228e+21
11.2027  2.39279e+21
11.32  2.27619e+21
11.4373  2.16237e+21
11.5546  2.05172e+21
11.6719  1.94506e+21
11.7893  1.84327e+21
11.9066  1.74744e+21
12.0239  1.6589e+21
12.1412  1.57806e+21
12.2585  1.50559e+21
12.3758  1.44163e+21
12.4931  1.38583e+21
12.6104  1.33771e+21
12.7277  1.29629e+21
12.845  1.26037e+21
12.9623  1.22928e+21
13.0796  1.20145e+21
13.1969  1.17605e+21
13.3142  1.15217e+21
13.4315  1.12929e+21
13.5488  1.10676e+21
13.6661  1.08475e+21
13.7834  1.0635e+21
13.9007  1.04345e+21
14.018  1.02543e+21
14.1354  1.0106e+21
14.2527  9.99644e+20
14.37  9.93163e+20
14.4873  9.91875e+20
14.6046  9.95256e+20
14.7219  1.00272e+21
14.8392  1.01313e+21
14.9565  1.02503e+21
15.0738  1.03676e+21
15.1911  1.04656e+21
15.3084  1.05322e+21
15.4257  1.05561e+21
15.543  1.05305e+21
15.6603  1.04547e+21
15.7776  1.03303e+21
15.8949  1.01649e+21
16.0122  9.96524e+20
16.1295  9.74043e+20
16.2468  9.49986e+20
16.3641  9.25102e+20
16.4815  8.99827e+20
16.5988  8.7467e+20
16.7161  8.50082e+20
16.8334  8.25654e+20
16.9507  8.0157e+20
17.068  7.77339e+20
17.1853  7.52754e+20
17.3026  7.2739e+20
17.4199  7.01157e+20
17.5372  6.73896e+20
17.6545  6.45787e+20
17.7718  6.17147e+20
17.8891  5.88816e+20
18.0064  5.61344e+20
18.1237  5.35756e+20
18.241  5.12892e+20
18.3583  4.93472e+20
18.4756  4.78117e+20
18.5929  4.67227e+20
18.7102  4.61072e+20
18.8275  4.5943e+20
18.9449  4.62133e+20
19.0622  4.68652e+20
19.1795  4.78349e+20
19.2968  4.90449e+20
19.4141  5.0383e+20
19.5314  5.17495e+20
19.6487  5.30388e+20
19.766  5.41253e+20
19.8833  5.49339e+20
20.0006  5.5385e+20
20.1179  5.54486e+20
20.2352  5.51104e+20
20.3525  5.44143e+20
20.4698  5.34259e+20
20.5871  5.22331e+20
20.7044  5.0935e+20
20.8217  4.96496e+20
20.939  4.84692e+20
21.0563  4.74687e+20
21.1736  4.67096e+20
21.291  4.62242e+20
21.4083  4.59979e+20
21.5256  4.60056e+20
21.6429  4.61934e+20
21.7602  4.64654e+20
21.8775  4.67178e+20
21.9948  4.68352e+20
22.1121  4.66976e+20
22.2294  4.61989e+20
22.3467  4.52513e+20
22.464  4.3802e+20
22.5813  4.18632e+20
22.6986  3.94687e+20
22.8159  3.66969e+20
22.9332  3.36815e+20
23.0505  3.05447e+20
23.1678  2.74284e+20
23.2851  2.4461e+20
23.4024  2.17377e+20
23.5198  1.93409e+20
23.6371  1.73068e+20
23.7544  1.56549e+20
23.8717  1.43699e+20
23.989  1.34203e+20
24.1063  1.27699e+20
24.2236  1.23513e+20
24.3409  1.2114e+20
24.4582  1.19941e+20
24.5755  1.19241e+20
24.6928  1.18577e+20
24.8101  1.17496e+20
24.9274  1.15717e+20
25.0447  1.13087e+20
25.162  1.09699e+20
25.2793  1.05738e+20
25.3966  1.01505e+20
25.5139  9.73705e+19
25.6312  9.36668e+19
25.7485  9.06899e+19
25.8658  8.87835e+19
25.9832  8.81204e+19
26.1005  8.88937e+19
26.2178  9.11758e+19
26.3351  9.49431e+19
26.4524  1.0008e+20
26.5697  1.0631e+20
26.687  1.13262e+20
26.8043  1.20469e+20
26.9216  1.27464e+20
27.0389  1.33885e+20
27.1562  1.39465e+20
27.2735  1.44114e+20
27.3908  1.47991e+20
27.5081  1.51454e+20
27.6254  1.54889e+20
27.7427  1.5869e+20
27.86  1.632e+20
27.9773  1.68537e+20
28.0946  1.74663e+20
28.212  1.8127e+20
28.3293  1.88053e+20
28.4466  1.94626e+20
28.5639  2.00691e+20
28.6812  2.06003e+20
28.7985  2.10412e+20
28.9158  2.13948e+20
29.0331  2.16554e+20
29.1504  2.18312e+20
29.2677  2.19206e+20
29.385  2.19283e+20
29.5023  2.1858e+20
29.6196  2.17235e+20
29.7369  2.15327e+20
29.8542  2.13039e+20
29.9715  2.10598e+20
30.0888  2.08031e+20
30.2061  2.05543e+20
30.3234  2.02982e+20
30.4407  2.00259e+20
30.558  1.97167e+20
30.6754  1.93418e+20
30.7927  1.89136e+20
30.91  1.84243e+20
31.0273  1.78859e+20
31.1446  1.73462e+20
31.2619  1.68551e+20
31.3792  1.64523e+20
31.4965  1.61832e+20
31.6138  1.60817e+20
31.7311  1.6164e+20
31.8484  1.6428e+20
31.9657  1.68515e+20
32.083  1.74075e+20
32.2003  1.80454e+20
32.3176  1.87067e+20
32.4349  1.93322e+20
32.5522  1.98458e+20
32.6695  2.01874e+20
32.7868  2.02968e+20
32.9042  2.01397e+20
33.0215  1.97072e+20
33.1388  1.90079e+20
33.2561  1.80953e+20
33.3734  1.70352e+20
33.4907  1.59063e+20
33.608  1.47809e+20
33.7253  1.37261e+20
33.8426  1.2791e+20
33.9599  1.19949e+20
34.0772  1.13457e+20
34.1945  1.0831e+20
34.3118  1.04377e+20
34.4291  1.01494e+20
34.5464  9.956e+19
34.6637  9.84007e+19
34.781  9.79197e+19
34.8983  9.79256e+19
35.0156  9.82547e+19
35.1329  9.87359e+19
35.2503  9.92795e+19
35.3676  9.9964e+19
35.4849  1.01028e+20
35.6022  1.02943e+20
35.7195  1.06354e+20
35.8368  1.11767e+20
35.9541  1.19683e+20
36.0714  1.30152e+20
36.1887  1.42861e+20
36.306  1.57018e+20
36.4233  1.71488e+20
36.5406  1.84864e+20
36.6579  1.95881e+20
36.7752  2.03394e+20
36.8925  2.0674e+20
37.0098  2.05665e+20
37.1271  2.00454e+20
37.2444  1.91702e+20
37.3617  1.80323e+20
37.479  1.67315e+20
37.5964  1.53645e+20
37.7137  1.40128e+20
37.831  1.27537e+20
37.9483  1.16422e+20
38.0656  1.07173e+20
38.1829  1.00093e+20
38.3002  9.52432e+19
38.4175  9.24728e+19
38.5348  9.1391e+19
38.6521  9.13579e+19
38.7694  9.15601e+19
38.8867  9.11118e+19
39.004  8.91778e+19
39.1213  8.51642e+19
39.2386  7.88026e+19
39.3559  7.0258e+19
39.4732  6.01512e+19
39.5905  4.93162e+19
39.7078  3.88777e+19
39.8251  2.99065e+19
39.9425  2.32918e+19
40.0598  1.96421e+19
40.1771  1.92162e+19
40.2944  2.18704e+19
40.4117  2.71732e+19
40.529  3.4485e+19
40.6463  4.30071e+19
40.7636  5.20061e+19
40.8809  6.08242e+19
40.9982  6.8898e+19
41.1155  7.59037e+19
41.2328  8.1742e+19
41.3501  8.64762e+19
41.4674  9.03202e+19
41.5847  9.35837e+19
41.702  9.66555e+19
41.8193  9.97325e+19
41.9366  1.03046e+20
42.0539  1.06492e+20
42.1712  1.09801e+20
42.2885  1.12527e+20
42.4059  1.14182e+20
42.5232  1.14158e+20
42.6405  1.12064e+20
42.7578  1.07685e+20
42.8751  1.01042e+20
42.9924  9.24185e+19
43.1097  8.23492e+19
43.227  7.14026e+19
43.3443  6.02137e+19
43.4616  4.93386e+19
43.5789  3.91728e+19
43.6962  2.99984e+19
43.8135  2.19605e+19
43.9308  1.51609e+19
44.0481  9.67242e+18
44.1654  5.58904e+18
44.2827  3.01851e+18
44.4  2.05902e+18
44.5173  2.7501e+18
44.6347  5.01435e+18
44.752  8.64832e+18
44.8693  1.33112e+19
44.9866  1.85705e+19
45.1039  2.39437e+19
45.2212  2.90037e+19
45.3385  3.34071e+19
45.4558  3.69302e+19
45.5731  3.94867e+19
45.6904  4.1112e+19
45.8077  4.18869e+19
45.925  4.19383e+19
46.0423  4.13999e+19
46.1596  4.04201e+19
46.2769  3.91661e+19
46.3942  3.77975e+19
46.5115  3.65915e+19
46.6288  3.57543e+19
46.7461  3.55439e+19
46.8634  3.61101e+19
46.9808  3.75086e+19
47.0981  3.96158e+19
47.2154  4.21757e+19
47.3327  4.47969e+19
47.45  4.70427e+19
47.5673  4.8494e+19
47.6846  4.88275e+19
47.8019  4.79646e+19
47.9192  4.59361e+19
48.0365  4.2991e+19
48.1538  3.94887e+19
48.2711  3.58268e+19
48.3884  3.24348e+19
48.5057  2.95653e+19
48.623  2.74672e+19
48.7403  2.61604e+19
48.8576  2.55957e+19
48.9749  2.56416e+19
49.0922  2.60905e+19
49.2095  2.67474e+19
49.3269  2.74952e+19
49.4442  2.82308e+19
49.5615  2.90107e+19
49.6788  2.9912e+19
49.7961  3.11623e+19
49.9134  3.29587e+19
50.0307  3.55282e+19
50.148  3.89744e+19
50.2653  4.32106e+19
50.3826  4.79769e+19
50.4999  5.2756e+19
50.6172  5.69464e+19
50.7345  5.98656e+19
50.8518  6.08831e+19
50.9691  5.95638e+19
51.0864  5.58663e+19
51.2037  4.99851e+19
51.321  4.24758e+19
51.4383  3.41157e+19
51.5556  2.57394e+19
51.673  1.80752e+19
51.7903  1.17391e+19
51.9076  6.99328e+18
52.0249  3.88077e+18
52.1422  2.19958e+18
52.2595  1.62655e+18
52.3768  1.79284e+18
52.4941  2.35975e+18
52.6114  3.08419e+18
52.7287  3.80524e+18
52.846  4.44136e+18
52.9633  4.97035e+18
53.0806  5.39273e+18
53.1979  5.77648e+18
53.3152  6.19849e+18
53.4325  6.81116e+18
53.5498  7.81554e+18
53.6671  9.41466e+18
53.7844  1.17678e+19
53.9017  1.49489e+19
54.0191  1.88533e+19
54.1364  2.31852e+19
54.2537  2.74845e+19
54.371  3.12096e+19
54.4883  3.38451e+19
54.6056  3.50016e+19
54.7229  3.45173e+19
54.8402  3.24702e+19
54.9575  2.91964e+19
55.0748  2.51748e+19
55.1921  2.09705e+19
55.3094  1.70325e+19
55.4267  1.37096e+19
55.544  1.11565e+19
55.6613  9.38607e+18
55.7786  8.28135e+18
55.8959  7.69821e+18
56.0132  7.51567e+18
56.1305  7.61501e+18
56.2478  7.9268e+18
56.3651  8.38233e+18
56.4825  8.89001e+18
56.5998  9.3419e+18
56.7171  9.63283e+18
56.8344  9.69335e+18
56.9517  9.55247e+18
57.069  9.35137e+18
57.1863  9.34062e+18
57.3036  9.86014e+18
57.4209  1.11787e+19
57.5382  1.34639e+19
57.6555  1.67077e+19
57.7728  2.06478e+19
57.8901  2.48226e+19
58.0074  2.87091e+19
58.1247  3.18145e+19
58.242  3.37729e+19
58.3593  3.44464e+19
58.4766  3.39604e+19
58.5939  3.26072e+19
