#S 1 spectral density
#N 2
#UFWHM 5.28003
#L  abscissas [um]  spectral density
-234.375  5.52544e+17
-233.788  3.94358e+18
-233.202  5.8274e+18
-232.615  7.63184e+18
-232.028  7.43565e+18
-231.442  4.89006e+18
-230.855  5.9411e+17
-230.268  7.17148e+17
-229.682  1.1174e+18
-229.095  7.11598e+18
-228.508  9.09337e+18
-227.922  6.58999e+18
-227.335  2.18837e+18
-226.748  2.72919e+18
-226.162  2.40352e+18
-225.575  7.32857e+17
-224.988  5.84077e+18
-224.402  1.9549e+18
-223.815  4.12561e+18
-223.228  5.43194e+18
-222.642  5.11186e+18
-222.055  8.58429e+17
-221.468  6.36479e+17
-220.882  8.04976e+17
-220.295  3.20131e+18
-219.708  3.60102e+18
-219.122  7.91289e+18
-218.535  8.25679e+17
-217.948  5.81731e+18
-217.362  4.10439e+18
-216.775  2.12871e+18
-216.188  5.3093e+18
-215.602  5.55318e+18
-215.015  6.67736e+18
-214.428  1.95738e+19
-213.842  1.39167e+17
-213.255  1.86519e+19
-212.668  9.25716e+18
-212.082  5.62406e+18
-211.495  9.65716e+18
-210.908  2.28968e+19
-210.322  3.11069e+18
-209.735  3.72735e+19
-209.148  8.8263e+18
-208.562  3.23278e+19
-207.975  8.61757e+18
-207.388  2.08391e+19
-206.802  1.12037e+19
-206.215  3.15141e+19
-205.628  2.80794e+18
-205.041  5.20047e+19
-204.455  2.28567e+18
-203.868  1.8618e+19
-203.281  9.78856e+18
-202.695  8.24867e+18
-202.108  6.19278e+18
-201.521  4.29986e+19
-200.935  4.83114e+18
-200.348  1.87397e+19
-199.761  4.04201e+18
-199.175  1.08068e+19
-198.588  5.39583e+18
-198.001  1.82955e+19
-197.415  1.95117e+19
-196.828  5.88047e+18
-196.241  3.64454e+18
-195.655  2.05479e+19
-195.068  7.59465e+17
-194.481  2.94534e+18
-193.895  1.72307e+19
-193.308  5.15241e+17
-192.721  6.878e+18
-192.135  1.0598e+19
-191.548  4.70373e+18
-190.961  4.90748e+17
-190.375  3.64503e+18
-189.788  9.07325e+18
-189.201  2.20901e+18
-188.615  8.80719e+18
-188.028  7.94548e+18
-187.441  1.09752e+18
-186.855  1.27546e+18
-186.268  2.6898e+19
-185.681  1.28369e+18
-185.095  1.649e+18
-184.508  4.0921e+18
-183.921  3.3251e+18
-183.335  8.87041e+18
-182.748  3.209e+19
-182.161  1.24341e+19
-181.575  5.14306e+17
-180.988  3.07153e+18
-180.401  4.78756e+18
-179.815  1.27921e+19
-179.228  2.02736e+19
-178.641  1.81856e+19
-178.055  3.31356e+18
-177.468  9.05692e+18
-176.881  9.50308e+18
-176.295  9.50785e+18
-175.708  1.82116e+19
-175.121  1.26836e+19
-174.535  5.3424e+18
-173.948  1.93596e+19
-173.361  1.09808e+19
-172.775  7.62318e+18
-172.188  1.88657e+19
-171.601  1.6641e+18
-171.015  7.80932e+18
-170.428  1.31646e+19
-169.841  2.08766e+19
-169.255  4.688e+18
-168.668  1.08387e+19
-168.081  5.36288e+18
-167.495  5.04812e+18
-166.908  5.20745e+18
-166.321  1.11981e+19
-165.735  5.15511e+18
-165.148  3.38129e+18
-164.561  1.22301e+19
-163.975  6.09663e+18
-163.388  2.62397e+17
-162.801  4.60339e+18
-162.215  1.02289e+19
-161.628  4.46444e+17
-161.041  1.29697e+19
-160.455  1.62182e+19
-159.868  1.88891e+18
-159.281  6.39602e+17
-158.695  2.19437e+19
-158.108  4.80609e+18
-157.521  1.52507e+19
-156.935  2.16712e+19
-156.348  1.43272e+18
-155.761  1.24243e+19
-155.175  3.23165e+19
-154.588  1.36946e+19
-154.001  1.1915e+19
-153.415  1.44427e+19
-152.828  1.61833e+18
-152.241  1.83611e+19
-151.655  4.27905e+19
-151.068  2.17025e+19
-150.481  1.17025e+19
-149.895  8.05166e+18
-149.308  2.82989e+18
-148.721  1.57546e+19
-148.135  3.46941e+19
-147.548  1.52457e+19
-146.961  2.04152e+19
-146.375  2.81749e+18
-145.788  4.79434e+18
-145.201  6.70115e+18
-144.614  2.67062e+19
-144.028  9.08205e+18
-143.441  1.91848e+19
-142.854  2.33373e+18
-142.268  2.61296e+18
-141.681  3.79249e+18
-141.094  6.41618e+18
-140.508  8.86337e+18
-139.921  2.11945e+19
-139.334  1.49037e+18
-138.748  4.70978e+18
-138.161  5.84471e+18
-137.574  1.5847e+18
-136.988  2.86559e+19
-136.401  2.02254e+19
-135.814  1.75674e+18
-135.228  1.33625e+19
-134.641  7.45494e+18
-134.054  1.87545e+18
-133.468  4.69442e+19
-132.881  4.04209e+19
-132.294  7.2409e+18
-131.708  1.78741e+19
-131.121  1.14199e+19
-130.534  1.12702e+19
-129.948  5.54664e+19
-129.361  3.92071e+19
-128.774  1.47449e+19
-128.188  2.27135e+19
-127.601  1.03756e+19
-127.014  1.13435e+19
-126.428  4.33819e+19
-125.841  3.41861e+19
-125.254  1.25655e+19
-124.668  2.79817e+19
-124.081  3.90559e+18
-123.494  5.30748e+18
-122.908  2.79863e+19
-122.321  1.28945e+19
-121.734  2.19372e+19
-121.148  1.44898e+19
-120.561  1.16537e+18
-119.974  2.95798e+18
-119.388  2.00765e+19
-118.801  5.71218e+18
-118.214  2.53733e+19
-117.628  6.60505e+18
-117.041  1.32798e+17
-116.454  7.39358e+18
-115.868  8.33308e+18
-115.281  8.76044e+18
-114.694  5.5037e+19
-114.108  4.57953e+18
-113.521  1.6239e+18
-112.934  2.44874e+19
-112.348  6.50113e+18
-111.761  3.08061e+19
-111.174  5.24621e+19
-110.588  1.52576e+19
-110.001  1.76452e+19
-109.414  3.23385e+19
-108.828  8.85824e+18
-108.241  5.19483e+19
-107.654  5.40632e+19
-107.068  9.75444e+18
-106.481  3.09715e+19
-105.894  5.29797e+19
-105.308  6.21535e+18
-104.721  3.67466e+19
-104.134  3.7787e+19
-103.548  1.27222e+19
-102.961  2.94004e+19
-102.374  5.21422e+19
-101.788  6.82865e+18
-101.201  1.98413e+19
-100.614  1.9511e+19
-100.028  4.53569e+18
-99.4409  3.29599e+19
-98.8542  1.90917e+19
-98.2676  3.42296e+18
-97.6809  1.37708e+19
-97.0942  4.86739e+18
-96.5075  1.50842e+19
-95.9209  1.65943e+19
-95.3342  5.1023e+18
-94.7475  4.63453e+18
-94.1609  1.43918e+19
-93.5742  1.8463e+18
-92.9875  2.5593e+19
-92.4009  2.06176e+19
-91.8142  1.65176e+18
-91.2275  1.71774e+19
-90.6409  1.96238e+19
-90.0542  4.46305e+18
-89.4675  5.58087e+19
-88.8808  1.27889e+19
-88.2942  1.02732e+19
-87.7075  4.71803e+19
-87.1208  2.61751e+19
-86.5342  8.18473e+18
-85.9475  5.22099e+19
-85.3608  1.28606e+19
-84.7741  1.14045e+19
-84.1875  6.43409e+19
-83.6008  4.21692e+19
-83.0141  1.58109e+19
-82.4275  2.41175e+19
-81.8408  9.98063e+18
-81.2541  1.55124e+19
-80.6675  6.70206e+19
-80.0808  2.55611e+19
-79.4941  6.75068e+18
-78.9074  1.66272e+19
-78.3208  1.38657e+18
-77.7341  4.81842e+18
-77.1474  6.15954e+19
-76.5608  6.69339e+18
-75.9741  2.80093e+18
-75.3874  6.62925e+18
-74.8008  2.10636e+18
-74.2141  8.94361e+18
-73.6274  2.05108e+19
-73.0408  3.52077e+18
-72.4541  7.89317e+18
-71.8674  5.20046e+17
-71.2807  6.69654e+18
-70.6941  1.11991e+19
-70.1074  8.7542e+18
-69.5207  5.02785e+18
-68.9341  9.7593e+18
-68.3474  1.68628e+18
-67.7607  4.49198e+18
-67.174  1.7801e+19
-66.5874  3.66713e+18
-66.0007  2.62977e+19
-65.414  2.11013e+19
-64.8274  3.6719e+18
-64.2407  1.53752e+19
-63.654  2.78652e+19
-63.0674  6.17318e+18
-62.4807  3.09927e+19
-61.894  5.28163e+19
-61.3073  3.17749e+18
-60.7207  2.09755e+19
-60.134  4.45496e+19
-59.5473  7.29445e+18
-58.9607  4.63639e+19
-58.374  6.32478e+19
-57.7873  4.3977e+18
-57.2007  2.49219e+19
-56.614  5.02742e+19
-56.0273  6.52364e+17
-55.4407  3.73784e+19
-54.854  4.91102e+19
-54.2673  4.47746e+18
-53.6806  2.3011e+19
-53.094  2.65287e+19
-52.5073  3.58623e+18
-51.9206  3.00147e+19
-51.334  2.12189e+19
-50.7473  2.00562e+18
-50.1606  1.0841e+19
-49.5739  9.81118e+18
-48.9873  1.18609e+18
-48.4006  2.06844e+19
-47.8139  3.18155e+18
-47.2273  3.70089e+18
-46.6406  4.53914e+18
-46.0539  1.0125e+19
-45.4673  1.97028e+19
-44.8806  8.19813e+18
-44.2939  3.68932e+18
-43.7072  1.67845e+19
-43.1206  1.22199e+19
-42.5339  5.46457e+18
-41.9472  2.5868e+19
-41.3606  3.38135e+19
-40.7739  1.4785e+19
-40.1872  2.81619e+19
-39.6006  3.62388e+19
-39.0139  6.83795e+18
-38.4272  5.70434e+19
-37.8406  2.35224e+19
-37.2539  9.29129e+18
-36.6672  6.20347e+19
-36.0805  2.18721e+19
-35.4939  1.66842e+18
-34.9072  1.10488e+20
-34.3205  8.80341e+18
-33.7339  1.95339e+18
-33.1472  6.41283e+19
-32.5605  3.63448e+19
-31.9738  1.05617e+19
-31.3872  4.09485e+19
-30.8005  2.89668e+19
-30.2138  1.93385e+19
-29.6272  1.5617e+19
-29.0405  4.37207e+19
-28.4538  2.10512e+19
-27.8672  1.9754e+19
-27.2805  2.95543e+18
-26.6938  1.57579e+18
-26.1072  3.43418e+19
-25.5205  3.1815e+17
-24.9338  3.32424e+17
-24.3471  2.94116e+19
-23.7605  1.01541e+19
-23.1738  2.04889e+17
-22.5871  1.47606e+19
-22.0005  1.03299e+18
-21.4138  2.91331e+19
-20.8271  3.66757e+18
-20.2404  5.30986e+17
-19.6538  5.06258e+19
-19.0671  3.45918e+18
-18.4804  2.64701e+18
-17.8938  6.20043e+19
-17.3071  3.04428e+18
-16.7204  2.83981e+19
-16.1338  1.09597e+19
-15.5471  3.98108e+19
-14.9604  1.23018e+20
-14.3737  3.51349e+18
-13.7871  4.61159e+19
-13.2004  9.73272e+19
-12.6137  3.54137e+19
-12.0271  2.29416e+19
-11.4404  2.58246e+19
-10.8537  2.207e+20
-10.2671  7.76956e+19
-9.68039  8.26168e+19
-9.09372  5.97966e+20
-8.50705  2.08534e+20
-7.92038  1.94702e+20
-7.33371  6.81209e+20
-6.74704  6.05511e+20
-6.16037  1.03203e+21
-5.5737  1.79394e+21
-4.98703  3.09002e+21
-4.40036  5.03689e+21
-3.81369  6.76401e+21
-3.22702  9.94332e+21
-2.64035  1.31504e+22
-2.05368  1.51589e+22
-1.46701  1.82686e+22
-0.88034  2.10129e+22
-0.29367  2.13891e+22
0.293  2.13876e+22
0.87967  2.1009e+22
1.46634  1.8259e+22
2.05301  1.5147e+22
2.63968  1.31377e+22
3.22635  9.92947e+21
3.81302  6.74998e+21
4.39969  5.02823e+21
4.98636  3.08093e+21
5.57303  1.78511e+21
6.1597  1.02753e+21
6.74637  6.01517e+20
7.33304  6.77861e+20
7.91971  1.93938e+20
8.50638  2.07721e+20
9.09305  5.96925e+20
9.67972  8.22707e+19
10.2664  7.72903e+19
10.8531  2.20518e+20
11.4397  2.52672e+19
12.0264  2.26336e+19
12.6131  3.53322e+19
13.1997  9.68405e+19
13.7864  4.60588e+19
14.3731  3.60383e+18
14.9597  1.22795e+20
15.5464  3.96778e+19
16.1331  1.0895e+19
16.7198  2.82949e+19
17.3064  2.93827e+18
17.8931  6.18264e+19
18.4798  2.64685e+18
19.0664  3.43445e+18
19.6531  5.04644e+19
20.2398  5.47362e+17
20.8265  3.61708e+18
21.4131  2.906e+19
21.9998  1.02886e+18
22.5865  1.47224e+19
23.1731  1.94094e+17
23.7598  1.00653e+19
24.3465  2.93484e+19
24.9331  3.31578e+17
25.5198  3.29357e+17
26.1065  3.4275e+19
26.6931  1.52904e+18
27.2798  2.97027e+18
27.8665  1.97501e+19
28.4532  2.09237e+19
29.0398  4.37129e+19
29.6265  1.56371e+19
30.2132  1.92693e+19
30.7998  2.89157e+19
31.3865  4.09875e+19
31.9732  1.04831e+19
32.5599  3.62687e+19
33.1465  6.41531e+19
33.7332  1.952e+18
34.3199  8.80439e+18
34.9065  1.10282e+20
35.4932  1.6893e+18
36.0799  2.19032e+19
36.6665  6.18894e+19
37.2532  9.37363e+18
37.8399  2.35604e+19
38.4265  5.68258e+19
39.0132  6.81975e+18
39.5999  3.62436e+19
40.1866  2.82262e+19
40.7732  1.47373e+19
41.3599  3.37505e+19
41.9466  2.58182e+19
42.5332  5.42027e+18
43.1199  1.21436e+19
43.7066  1.68442e+19
44.2933  3.68873e+18
44.8799  8.16685e+18
45.4666  1.95376e+19
46.0533  1.01349e+19
46.6399  4.54837e+18
47.2266  3.67195e+18
47.8133  3.17506e+18
48.3999  2.06586e+19
48.9866  1.15871e+18
49.5733  9.75982e+18
50.1599  1.0843e+19
50.7466  2.02998e+18
51.3333  2.13035e+19
51.92  2.98264e+19
52.5066  3.59664e+18
53.0933  2.65877e+19
53.68  2.29486e+19
54.2666  4.42644e+18
54.8533  4.92484e+19
55.44  3.71904e+19
56.0266  6.61886e+17
56.6133  5.00765e+19
57.2  2.50075e+19
57.7867  4.41502e+18
58.3733  6.30663e+19
58.96  4.63298e+19
59.5467  7.32172e+18
60.1333  4.42834e+19
60.72  2.09646e+19
61.3067  3.22969e+18
61.8933  5.2827e+19
62.48  3.08503e+19
63.0667  6.1781e+18
63.6534  2.78436e+19
64.24  1.52462e+19
64.8267  3.66904e+18
65.4134  2.11233e+19
66  2.62309e+19
66.5867  3.63764e+18
67.1734  1.77603e+19
67.7601  4.45945e+18
68.3467  1.69315e+18
68.9334  9.65381e+18
69.5201  5.05502e+18
70.1067  8.7467e+18
70.6934  1.11195e+19
71.2801  6.65564e+18
71.8667  5.20316e+17
72.4534  7.83813e+18
73.0401  3.55466e+18
73.6268  2.04039e+19
74.2134  8.95008e+18
74.8001  2.07776e+18
75.3868  6.58818e+18
75.9734  2.7981e+18
76.5601  6.71347e+18
77.1468  6.14323e+19
77.7334  4.84227e+18
78.3201  1.39459e+18
78.9068  1.65553e+19
79.4934  6.69811e+18
80.0801  2.55575e+19
80.6668  6.69181e+19
81.2535  1.55557e+19
81.8401  9.97988e+18
82.4268  2.40035e+19
83.0135  1.56969e+19
83.6001  4.20911e+19
84.1868  6.42499e+19
84.7735  1.14311e+19
85.3602  1.28939e+19
85.9468  5.20163e+19
86.5335  8.13867e+18
87.1202  2.61193e+19
87.7068  4.70388e+19
88.2935  1.03707e+19
88.8802  1.28452e+19
89.4668  5.56254e+19
90.0535  4.46149e+18
90.6402  1.95743e+19
91.2268  1.70683e+19
91.8135  1.68887e+18
92.4002  2.06207e+19
92.9869  2.55257e+19
93.5735  1.8216e+18
94.1602  1.42614e+19
94.7469  4.63164e+18
95.3335  5.13941e+18
95.9202  1.65529e+19
96.5069  1.50395e+19
97.0935  4.89044e+18
97.6802  1.36332e+19
98.2669  3.44368e+18
98.8536  1.90014e+19
99.4402  3.29712e+19
100.027  4.5114e+18
100.614  1.94274e+19
101.2  1.96948e+19
101.787  6.86251e+18
102.374  5.19693e+19
102.96  2.93729e+19
103.547  1.28164e+19
104.134  3.77557e+19
104.72  3.64812e+19
105.307  6.18534e+18
105.894  5.28527e+19
106.48  3.08803e+19
107.067  9.85225e+18
107.654  5.39636e+19
108.24  5.16962e+19
108.827  8.79946e+18
109.414  3.21672e+19
110  1.75853e+19
110.587  1.54518e+19
111.174  5.21854e+19
111.76  3.06689e+19
112.347  6.46216e+18
112.934  2.43015e+19
113.52  1.62342e+18
114.107  4.65032e+18
114.694  5.47832e+19
115.28  8.72405e+18
115.867  8.23545e+18
116.454  7.30135e+18
117.04  1.29571e+17
117.627  6.62341e+18
118.214  2.52335e+19
118.8  5.70126e+18
119.387  1.98788e+19
119.974  2.91456e+18
120.56  1.1375e+18
121.147  1.45041e+19
121.734  2.18914e+19
122.32  1.29093e+19
122.907  2.76589e+19
123.494  5.29303e+18
124.08  3.88046e+18
124.667  2.80117e+19
125.254  1.25173e+19
125.84  3.41026e+19
126.427  4.30679e+19
127.014  1.13559e+19
127.6  1.02988e+19
128.187  2.27066e+19
128.774  1.47215e+19
129.36  3.90483e+19
129.947  5.51199e+19
130.534  1.13357e+19
131.12  1.13888e+19
131.707  1.77042e+19
132.294  7.21259e+18
132.88  4.02992e+19
133.467  4.66695e+19
134.054  1.91592e+18
134.64  7.51176e+18
135.227  1.32035e+19
135.814  1.75709e+18
136.4  2.00442e+19
136.987  2.84678e+19
137.574  1.57225e+18
138.16  5.85586e+18
138.747  4.62549e+18
139.334  1.44671e+18
139.92  2.09812e+19
140.507  8.79415e+18
141.094  6.36967e+18
141.68  3.77066e+18
142.267  2.54788e+18
142.854  2.32307e+18
143.44  1.89649e+19
144.027  9.04646e+18
144.614  2.65333e+19
145.2  6.62187e+18
145.787  4.71661e+18
146.374  2.82744e+18
146.96  2.02307e+19
147.547  1.52739e+19
148.134  3.4411e+19
148.721  1.57514e+19
149.307  2.81154e+18
149.894  8.05487e+18
150.481  1.15187e+19
151.067  2.16646e+19
151.654  4.24353e+19
152.241  1.83939e+19
152.827  1.66295e+18
153.414  1.44451e+19
154.001  1.16857e+19
154.587  1.35913e+19
155.174  3.20283e+19
155.761  1.24712e+19
156.347  1.48577e+18
156.934  2.16108e+19
157.521  1.49964e+19
158.107  4.75845e+18
158.694  2.17167e+19
159.281  6.53083e+17
159.867  1.96504e+18
160.454  1.60892e+19
161.041  1.27811e+19
161.627  4.39131e+17
162.214  1.00619e+19
162.801  4.55318e+18
163.387  2.69159e+17
163.974  6.01927e+18
164.561  1.20792e+19
165.147  3.33245e+18
165.734  5.04438e+18
166.321  1.10947e+19
166.907  5.13227e+18
167.494  5.01637e+18
168.081  5.26642e+18
168.667  1.06131e+19
169.254  4.63687e+18
169.841  2.07422e+19
170.427  1.3026e+19
171.014  7.8109e+18
171.601  1.68377e+18
172.187  1.85839e+19
172.774  7.58586e+18
173.361  1.08117e+19
173.947  1.92533e+19
174.534  5.32482e+18
175.121  1.27405e+19
175.707  1.79313e+19
176.294  9.39291e+18
176.881  9.31169e+18
177.467  9.04365e+18
178.054  3.33855e+18
178.641  1.82306e+19
179.227  1.99239e+19
179.814  1.26506e+19
180.401  4.63687e+18
180.987  3.07901e+18
181.574  4.95091e+17
182.161  1.24512e+19
182.747  3.16645e+19
183.334  8.85843e+18
183.921  3.20968e+18
184.507  4.10058e+18
185.094  1.57975e+18
185.681  1.26182e+18
186.267  2.65112e+19
186.854  1.29974e+18
187.441  1.08871e+18
188.027  7.92304e+18
188.614  8.56751e+18
189.201  2.24236e+18
189.787  8.86219e+18
190.374  3.61102e+18
190.961  5.10853e+17
191.547  4.65466e+18
192.134  1.03614e+19
192.721  6.93314e+18
193.307  4.90697e+17
193.894  1.71237e+19
194.481  2.84695e+18
195.067  7.84466e+17
195.654  2.02713e+19
196.241  3.60707e+18
196.827  6.00864e+18
197.414  1.93615e+19
198.001  1.80041e+19
198.587  5.45425e+18
199.174  1.06823e+19
199.761  3.93742e+18
200.347  1.88101e+19
200.934  4.77635e+18
201.521  4.25702e+19
202.107  6.17986e+18
202.694  8.26089e+18
203.281  9.64486e+18
203.867  1.85725e+19
204.454  2.22568e+18
205.041  5.15687e+19
205.627  2.69566e+18
206.214  3.16182e+19
206.801  1.12229e+19
207.388  2.0562e+19
207.974  8.429e+18
208.561  3.19375e+19
209.148  8.54723e+18
209.734  3.71411e+19
210.321  3.11649e+18
210.908  2.24911e+19
211.494  9.42185e+18
212.081  5.49076e+18
212.668  9.06299e+18
213.254  1.84818e+19
213.841  1.34639e+17
214.428  1.92629e+19
215.014  6.47309e+18
215.601  5.54053e+18
216.188  5.24226e+18
216.774  2.08783e+18
217.361  4.00903e+18
217.948  5.75372e+18
218.534  8.36918e+17
219.121  7.88126e+18
219.708  3.54074e+18
220.294  3.17862e+18
220.881  7.61886e+17
221.468  6.27033e+17
222.054  8.78544e+17
222.641  5.09943e+18
223.228  5.313e+18
223.814  4.12117e+18
224.401  2.05406e+18
224.988  5.78864e+18
225.574  7.00888e+17
226.161  2.38319e+18
226.748  2.6358e+18
227.334  2.20894e+18
227.921  6.73963e+18
228.508  9.03277e+18
229.094  6.96974e+18
229.681  1.13866e+18
230.268  7.46505e+17
230.854  6.01587e+17
231.441  4.97577e+18
232.028  7.3561e+18
232.614  7.48949e+18
233.201  5.92455e+18
233.788  4.01962e+18
234.374  5.35903e+17
