#S 1 spectral density
#N 2
#UFWHM 6.45337
#L  abscissas [um]  spectral density
-234.375  9.66725e+18
-233.788  1.46387e+19
-233.202  3.01269e+19
-232.615  1.9239e+19
-232.028  1.57278e+19
-231.442  6.93097e+18
-230.855  2.42064e+19
-230.268  9.85522e+18
-229.682  3.16477e+19
-229.095  6.76768e+18
-228.508  1.63644e+19
-227.922  6.75675e+18
-227.335  4.32119e+19
-226.748  7.68516e+18
-226.162  2.21514e+19
-225.575  1.81749e+18
-224.988  2.59109e+19
-224.402  1.55291e+18
-223.815  4.91453e+19
-223.228  9.58188e+18
-222.642  2.16318e+19
-222.055  8.74167e+17
-221.468  3.96399e+19
-220.882  1.30046e+18
-220.295  3.62e+19
-219.708  5.91828e+18
-219.122  2.82651e+19
-218.535  4.43364e+18
-217.948  4.82964e+19
-217.362  6.47285e+18
-216.775  2.12965e+19
-216.188  3.11305e+18
-215.602  3.33324e+19
-215.015  1.59853e+19
-214.428  3.50962e+19
-213.842  7.30356e+18
-213.255  2.23896e+19
-212.668  1.14364e+19
-212.082  2.43806e+19
-211.495  1.96675e+19
-210.908  1.78635e+19
-210.322  1.13557e+19
-209.735  3.20691e+19
-209.148  4.15194e+19
-208.562  1.8614e+19
-207.975  1.39566e+19
-207.388  1.11742e+19
-206.802  2.04795e+19
-206.215  2.9718e+19
-205.628  7.38588e+19
-205.041  1.68034e+19
-204.455  5.44938e+18
-203.868  2.48282e+19
-203.281  4.22489e+19
-202.695  1.92898e+19
-202.108  8.00337e+19
-201.521  5.02984e+18
-200.935  5.03908e+18
-200.348  2.24942e+19
-199.761  6.4304e+19
-199.175  2.32996e+19
-198.588  5.44424e+19
-198.001  2.93332e+18
-197.415  1.74664e+19
-196.828  4.8739e+18
-196.241  8.67994e+19
-195.655  2.2058e+19
-195.068  1.82407e+19
-194.481  8.42006e+18
-193.895  2.85974e+19
-193.308  1.93858e+18
-192.721  8.93292e+19
-192.135  1.29706e+19
-191.548  7.51357e+18
-190.961  6.96842e+18
-190.375  4.13137e+19
-189.788  1.34419e+19
-189.201  5.61818e+19
-188.615  1.28655e+19
-188.028  1.2558e+19
-187.441  8.0918e+18
-186.855  5.89525e+19
-186.268  2.75775e+19
-185.681  1.46888e+19
-185.095  1.28768e+19
-184.508  1.35833e+19
-183.921  2.10522e+19
-183.335  5.38041e+19
-182.748  3.13144e+19
-182.161  2.91992e+18
-181.575  1.68072e+19
-180.988  1.70634e+19
-180.401  3.39664e+19
-179.815  2.52171e+19
-179.228  2.48793e+19
-178.641  4.82826e+18
-178.055  2.97563e+19
-177.468  2.43213e+19
-176.881  3.51954e+19
-176.295  4.48109e+18
-175.708  2.21702e+19
-175.121  3.238e+18
-174.535  4.56899e+19
-173.948  2.46347e+19
-173.361  2.37617e+19
-172.775  7.19931e+17
-172.188  2.97274e+19
-171.601  7.63955e+17
-171.015  4.6374e+19
-170.428  1.72416e+19
-169.841  1.37901e+19
-169.255  3.44703e+18
-168.668  4.16956e+19
-168.081  6.75745e+18
-167.495  2.66999e+19
-166.908  8.64442e+18
-166.321  1.12707e+19
-165.735  7.24925e+18
-165.148  4.58406e+19
-164.561  1.46905e+19
-163.975  9.68995e+18
-163.388  6.95238e+18
-162.801  1.36607e+19
-162.215  1.09411e+19
-161.628  3.34642e+19
-161.041  1.46776e+19
-160.455  3.20271e+18
-159.868  1.52924e+19
-159.281  2.15209e+19
-158.695  1.64572e+19
-158.108  1.38275e+19
-157.521  1.52877e+19
-156.935  1.73671e+18
-156.348  2.33394e+19
-155.761  3.10072e+19
-155.175  1.6995e+19
-154.588  2.32156e+18
-154.001  2.1365e+19
-153.415  1.50657e+18
-152.828  2.57764e+19
-152.241  3.59422e+19
-151.655  1.70027e+19
-151.068  7.71135e+17
-150.481  3.14042e+19
-149.895  8.25598e+18
-149.308  2.53181e+19
-148.721  2.30287e+19
-148.135  1.28894e+19
-147.548  3.02102e+18
-146.961  4.23937e+19
-146.375  1.66588e+19
-145.788  2.11109e+19
-145.201  9.67803e+18
-144.614  1.00397e+19
-144.028  5.25084e+18
-143.441  4.31246e+19
-142.854  1.82302e+19
-142.268  1.24674e+19
-141.681  6.75044e+18
-141.094  1.09009e+19
-140.508  7.70659e+18
-139.921  3.30039e+19
-139.334  1.38508e+19
-138.748  6.73506e+18
-138.161  6.70302e+18
-137.574  1.89691e+19
-136.988  1.62696e+19
-136.401  1.34713e+19
-135.814  9.89543e+18
-135.228  6.41249e+18
-134.641  8.29124e+18
-134.054  2.44763e+19
-133.468  2.40527e+19
-132.881  1.36468e+18
-132.294  1.36215e+19
-131.708  1.00567e+19
-131.121  8.75765e+18
-130.534  2.1579e+19
-129.948  2.39552e+19
-129.361  1.68884e+17
-128.774  2.42769e+19
-128.188  1.65072e+19
-127.601  7.84802e+18
-127.014  1.7728e+19
-126.428  1.76528e+19
-125.841  1.41482e+18
-125.254  3.10507e+19
-124.668  2.14451e+19
-124.081  6.35662e+18
-123.494  1.25676e+19
-122.908  1.68314e+19
-122.321  2.4776e+18
-121.734  3.13488e+19
-121.148  1.72593e+19
-120.561  8.19042e+18
-119.974  1.00313e+19
-119.388  1.76436e+19
-118.801  1.13129e+19
-118.214  1.99945e+19
-117.628  9.72179e+18
-117.041  1.31096e+19
-116.454  9.2905e+18
-115.868  1.61823e+19
-115.281  2.24546e+19
-114.694  1.19757e+19
-114.108  9.66366e+18
-113.521  1.9533e+19
-112.934  6.83011e+18
-112.348  1.48158e+19
-111.761  2.84e+19
-111.174  4.15555e+18
-110.588  1.78193e+19
-110.001  2.96101e+19
-109.414  4.44627e+18
-108.828  1.07938e+19
-108.241  2.73113e+19
-107.654  9.3846e+17
-107.068  2.81809e+19
-106.481  3.26548e+19
-105.894  4.90679e+18
-105.308  8.62517e+18
-104.721  2.08523e+19
-104.134  3.67232e+17
-103.548  3.38278e+19
-102.961  2.36168e+19
-102.374  4.55381e+18
-101.788  1.32262e+19
-101.201  1.7731e+19
-100.614  6.09697e+18
-100.028  2.42672e+19
-99.4409  1.37803e+19
-98.8542  3.77714e+18
-98.2676  1.3682e+19
-97.6809  2.39014e+19
-97.0942  1.47801e+19
-96.5075  1.79161e+19
-95.9209  6.1526e+18
-95.3342  1.17379e+19
-94.7475  1.50802e+19
-94.1609  2.04063e+19
-93.5742  2.77201e+19
-92.9875  1.38355e+19
-92.4009  6.83394e+18
-91.8142  3.34318e+19
-91.2275  1.88064e+19
-90.6409  8.4912e+18
-90.0542  3.70064e+19
-89.4675  1.00076e+19
-88.8808  1.62209e+19
-88.2942  5.26298e+19
-87.7075  1.95808e+19
-87.1208  3.54945e+18
-86.5342  3.1575e+19
-85.9475  5.39959e+18
-85.3608  2.61799e+19
-84.7741  4.92976e+19
-84.1875  1.74438e+19
-83.6008  2.94211e+18
-83.0141  2.51986e+19
-82.4275  7.84698e+17
-81.8408  2.51304e+19
-81.2541  3.45676e+19
-80.6675  6.34576e+18
-80.0808  6.94518e+18
-79.4941  1.98189e+19
-78.9074  7.00301e+18
-78.3208  2.09602e+19
-77.7341  1.24902e+19
-77.1474  1.02056e+18
-76.5608  1.47854e+19
-75.9741  1.56913e+19
-75.3874  1.92593e+19
-74.8008  1.79414e+19
-74.2141  2.5979e+18
-73.6274  1.03158e+19
-73.0408  2.29636e+19
-72.4541  1.3987e+19
-71.8674  3.14152e+19
-71.2807  1.66875e+19
-70.6941  5.05055e+18
-70.1074  3.2495e+19
-69.5207  2.96457e+19
-68.9341  7.42647e+18
-68.3474  4.3014e+19
-67.7607  1.28694e+19
-67.174  6.35582e+18
-66.5874  5.51378e+19
-66.0007  3.20094e+19
-65.414  2.68467e+18
-64.8274  3.93353e+19
-64.2407  1.13116e+19
-63.654  8.47387e+18
-63.0674  5.25802e+19
-62.4807  2.60556e+19
-61.894  3.36841e+18
-61.3073  2.48897e+19
-60.7207  7.34747e+18
-60.134  1.00187e+19
-59.5473  3.22062e+19
-58.9607  1.1836e+19
-58.374  5.39315e+18
-57.7873  1.49087e+19
-57.2007  2.65181e+18
-56.614  7.57327e+18
-56.0273  1.84085e+19
-55.4407  1.23227e+18
-54.854  7.99384e+18
-54.2673  8.15238e+18
-53.6806  1.22562e+19
-53.094  1.25051e+19
-52.5073  6.60265e+18
-51.9206  9.86788e+18
-51.334  1.84543e+19
-50.7473  6.05464e+18
-50.1606  2.48116e+19
-49.5739  2.66545e+19
-48.9873  4.25818e+18
-48.4006  2.50311e+19
-47.8139  3.51779e+19
-47.2273  4.35058e+18
-46.6406  4.22353e+19
-46.0539  2.91906e+19
-45.4673  1.38677e+18
-44.8806  4.83018e+19
-44.2939  3.3482e+19
-43.7072  1.4486e+18
-43.1206  4.54825e+19
-42.5339  2.70818e+19
-41.9472  6.14452e+16
-41.3606  3.7167e+19
-40.7739  3.46046e+19
-40.1872  4.46246e+17
-39.6006  2.10991e+19
-39.0139  2.28518e+19
-38.4272  2.098e+18
-37.8406  1.78958e+19
-37.2539  1.9155e+19
-36.6672  1.82215e+18
-36.0805  1.11698e+19
-35.4939  3.4629e+18
-34.9072  2.00635e+18
-34.3205  1.76205e+19
-33.7339  1.72188e+17
-33.1472  2.32669e+18
-32.5605  1.13764e+19
-31.9738  3.0582e+18
-31.3872  8.35747e+18
-30.8005  8.51704e+18
-30.2138  5.94099e+18
-29.6272  2.07315e+19
-29.0405  3.21253e+18
-28.4538  9.34312e+18
-27.8672  3.84494e+19
-27.2805  1.82728e+18
-26.6938  1.61577e+19
-26.1072  4.40725e+19
-25.5205  3.17781e+18
-24.9338  2.17652e+19
-24.3471  4.33345e+19
-23.7605  8.7709e+18
-23.1738  3.97748e+19
-22.5871  3.26126e+19
-22.0005  1.16586e+19
-21.4138  3.84891e+19
-20.8271  3.79744e+19
-20.2404  6.33149e+18
-19.6538  3.23512e+19
-19.0671  3.69523e+19
-18.4804  4.00663e+18
-17.8938  1.42432e+19
-17.3071  5.67631e+19
-16.7204  1.05593e+19
-16.1338  6.43759e+18
-15.5471  4.01884e+19
-14.9604  5.60093e+18
-14.3737  5.72494e+18
-13.7871  2.15947e+19
-13.2004  6.69344e+18
-12.6137  5.84857e+19
-12.0271  3.40047e+19
-11.4404  4.14019e+19
-10.8537  1.39114e+20
-10.2671  7.10868e+19
-9.68039  3.9521e+19
-9.09372  1.53182e+20
-8.50705  2.07624e+20
-7.92038  2.45941e+20
-7.33371  6.23825e+20
-6.74704  1.26616e+21
-6.16037  1.78164e+21
-5.5737  2.97028e+21
-4.98703  4.83079e+21
-4.40036  6.18722e+21
-3.81369  8.51377e+21
-3.22702  1.12116e+22
-2.64035  1.28158e+22
-2.05368  1.53058e+22
-1.46701  1.74273e+22
-0.88034  1.80118e+22
-0.29367  1.93394e+22
0.293  1.93346e+22
0.87967  1.80079e+22
1.46634  1.74211e+22
2.05301  1.5292e+22
2.63968  1.28057e+22
3.22635  1.12008e+22
3.81302  8.50006e+21
4.39969  6.18042e+21
4.98636  4.8246e+21
5.57303  2.96369e+21
6.1597  1.77916e+21
6.74637  1.26431e+21
7.33304  6.21631e+20
7.91971  2.45945e+20
8.50638  2.07853e+20
9.09305  1.53162e+20
9.67972  3.9607e+19
10.2664  7.09411e+19
10.8531  1.39193e+20
11.4397  4.14887e+19
12.0264  3.36888e+19
12.6131  5.86954e+19
13.1997  6.73493e+18
13.7864  2.15109e+19
14.3731  5.75373e+18
14.9597  5.50717e+18
15.5464  4.04331e+19
16.1331  6.32023e+18
16.7198  1.042e+19
17.3064  5.7012e+19
17.8931  1.41049e+19
18.4798  3.91928e+18
19.0664  3.70343e+19
19.6531  3.25e+19
20.2398  6.38378e+18
20.8265  3.76661e+19
21.4131  3.86393e+19
21.9998  1.17431e+19
22.5865  3.24474e+19
23.1731  3.99294e+19
23.7598  8.82021e+18
24.3465  4.31998e+19
24.9331  2.17435e+19
25.5198  3.24432e+18
26.1065  4.41892e+19
26.6931  1.60907e+19
27.2798  1.83549e+18
27.8665  3.8433e+19
28.4532  9.36941e+18
29.0398  3.24773e+18
29.6265  2.07484e+19
30.2132  5.98776e+18
30.7998  8.51639e+18
31.3865  8.29957e+18
31.9732  3.12632e+18
32.5599  1.13922e+19
33.1465  2.31409e+18
33.7332  1.79658e+17
34.3199  1.76215e+19
34.9065  1.96805e+18
35.4932  3.47594e+18
36.0799  1.11906e+19
36.6665  1.81524e+18
37.2532  1.9211e+19
37.8399  1.78608e+19
38.4265  2.06048e+18
39.0132  2.28772e+19
39.5999  2.10819e+19
40.1866  4.47528e+17
40.7732  3.46502e+19
41.3599  3.71614e+19
41.9466  6.14663e+16
42.5332  2.70361e+19
43.1199  4.55187e+19
43.7066  1.44427e+18
44.2933  3.34547e+19
44.8799  4.83379e+19
45.4666  1.42703e+18
46.0533  2.90964e+19
46.6399  4.22002e+19
47.2266  4.40112e+18
47.8133  3.51761e+19
48.3999  2.50558e+19
48.9866  4.3395e+18
49.5733  2.66002e+19
50.1599  2.47932e+19
50.7466  6.08206e+18
51.3333  1.85016e+19
51.92  9.8836e+18
52.5066  6.59502e+18
53.0933  1.24588e+19
53.68  1.23165e+19
54.2666  8.16672e+18
54.8533  8.00557e+18
55.44  1.26133e+18
56.0266  1.84126e+19
56.6133  7.49265e+18
57.2  2.67851e+18
57.7867  1.50131e+19
58.3733  5.34382e+18
58.96  1.18315e+19
59.5467  3.2209e+19
60.1333  9.97551e+18
60.72  7.3317e+18
61.3067  2.4876e+19
61.8933  3.37078e+18
62.48  2.61942e+19
63.0667  5.23906e+19
63.6534  8.52729e+18
64.24  1.12944e+19
64.8267  3.92034e+19
65.4134  2.68155e+18
66  3.20899e+19
66.5867  5.50469e+19
67.1734  6.39088e+18
67.7601  1.27432e+19
68.3467  4.30211e+19
68.9334  7.46073e+18
69.5201  2.95433e+19
70.1067  3.25132e+19
70.6934  5.12566e+18
71.2801  1.65756e+19
71.8667  3.14105e+19
72.4534  1.41063e+19
73.0401  2.29998e+19
73.6268  1.0273e+19
74.2134  2.61818e+18
74.8001  1.79677e+19
75.3868  1.92723e+19
75.9734  1.58183e+19
76.5601  1.47589e+19
77.1468  1.04624e+18
77.7334  1.24748e+19
78.3201  2.08867e+19
78.9068  7.09211e+18
79.4934  1.99202e+19
80.0801  6.86712e+18
80.6668  6.36839e+18
81.2535  3.45256e+19
81.8401  2.5104e+19
82.4268  7.98422e+17
83.0135  2.51553e+19
83.6001  2.89579e+18
84.1868  1.74833e+19
84.7735  4.91515e+19
85.3602  2.62804e+19
85.9468  5.40746e+18
86.5335  3.14582e+19
87.1202  3.55823e+18
87.7068  1.96105e+19
88.2935  5.25329e+19
88.8802  1.62712e+19
89.4668  9.99684e+18
90.0535  3.69485e+19
90.6402  8.53437e+18
91.2268  1.88109e+19
91.8135  3.33864e+19
92.4002  6.85314e+18
92.9869  1.38095e+19
93.5735  2.7674e+19
94.1602  2.06038e+19
94.7469  1.49788e+19
95.3335  1.174e+19
95.9202  6.18728e+18
96.5069  1.79007e+19
97.0935  1.47565e+19
97.6802  2.41212e+19
98.2669  1.35666e+19
98.8536  3.83748e+18
99.4402  1.37293e+19
100.027  2.43253e+19
100.614  6.07068e+18
101.2  1.77997e+19
101.787  1.30882e+19
102.374  4.63172e+18
102.96  2.3563e+19
103.547  3.38286e+19
104.134  3.67344e+17
104.72  2.08574e+19
105.307  8.49601e+18
105.894  4.90097e+18
106.48  3.26292e+19
107.067  2.81259e+19
107.654  9.3845e+17
108.24  2.71954e+19
108.827  1.08105e+19
109.414  4.44221e+18
110  2.9515e+19
110.587  1.78376e+19
111.174  4.19611e+18
111.76  2.82312e+19
112.347  1.49512e+19
112.934  6.82262e+18
113.52  1.95023e+19
114.107  9.65329e+18
114.694  1.20219e+19
115.28  2.23632e+19
115.867  1.63107e+19
116.454  9.28014e+18
117.04  1.31384e+19
117.627  9.69049e+18
118.214  2.00349e+19
118.8  1.12608e+19
119.387  1.77743e+19
119.974  9.92342e+18
120.56  8.24298e+18
121.147  1.72879e+19
121.734  3.13598e+19
122.32  2.45711e+18
122.907  1.69484e+19
123.494  1.24129e+19
124.08  6.4163e+18
124.667  2.14408e+19
125.254  3.1113e+19
125.84  1.38932e+18
126.427  1.76193e+19
127.014  1.76419e+19
127.6  7.93786e+18
128.187  1.64562e+19
128.774  2.43223e+19
129.36  1.59255e+17
129.947  2.38911e+19
130.534  2.15365e+19
131.12  8.86205e+18
131.707  1.00636e+19
132.294  1.35726e+19
132.88  1.38758e+18
133.467  2.40269e+19
134.054  2.45303e+19
134.64  8.39059e+18
135.227  6.4149e+18
135.814  9.87842e+18
136.4  1.35589e+19
136.987  1.61699e+19
137.574  1.91e+19
138.16  6.73517e+18
138.747  6.75857e+18
139.334  1.38338e+19
139.92  3.31268e+19
140.507  7.64162e+18
141.094  1.09897e+19
141.68  6.7185e+18
142.267  1.2558e+19
142.854  1.81599e+19
143.44  4.32743e+19
144.027  5.20192e+18
144.614  1.01104e+19
145.2  9.57563e+18
145.787  2.1229e+19
146.374  1.65989e+19
146.96  4.24688e+19
147.547  3.00829e+18
148.134  1.29727e+19
148.721  2.28135e+19
149.307  2.54525e+19
149.894  8.22529e+18
150.481  3.14107e+19
151.067  7.53793e+17
151.654  1.70522e+19
152.241  3.58148e+19
152.827  2.5882e+19
153.414  1.49102e+18
154.001  2.14168e+19
154.587  2.33133e+18
155.174  1.69953e+19
155.761  3.09562e+19
156.347  2.34564e+19
156.934  1.7695e+18
157.521  1.52709e+19
158.107  1.39042e+19
158.694  1.64767e+19
159.281  2.15377e+19
159.867  1.54104e+19
160.454  3.25772e+18
161.041  1.46207e+19
161.627  3.36495e+19
162.214  1.0957e+19
162.801  1.37652e+19
163.387  6.94782e+18
163.974  9.76283e+18
164.561  1.46482e+19
165.147  4.59713e+19
165.734  7.30253e+18
166.321  1.13942e+19
166.907  8.53924e+18
167.494  2.68442e+19
168.081  6.69823e+18
168.667  4.18408e+19
169.254  3.46185e+18
169.841  1.39115e+19
170.427  1.71094e+19
171.014  4.657e+19
171.601  7.43713e+17
172.187  2.98238e+19
172.774  7.00612e+17
173.361  2.39331e+19
173.947  2.44569e+19
174.534  4.58896e+19
175.121  3.27614e+18
175.707  2.21761e+19
176.294  4.42256e+18
176.881  3.53844e+19
177.467  2.41893e+19
178.054  2.98905e+19
178.641  4.88938e+18
179.227  2.48637e+19
179.814  2.51178e+19
180.401  3.41352e+19
180.987  1.7062e+19
181.574  1.6876e+19
182.161  2.97072e+18
182.747  3.12761e+19
183.334  5.37849e+19
183.921  2.11637e+19
184.507  1.36426e+19
185.094  1.28975e+19
185.681  1.46918e+19
186.267  2.74872e+19
186.854  5.90522e+19
187.441  8.17626e+18
188.027  1.26703e+19
188.614  1.28513e+19
189.201  5.61537e+19
189.787  1.33575e+19
190.374  4.1421e+19
190.961  7.02221e+18
191.547  7.64409e+18
192.134  1.28522e+19
192.721  8.92523e+19
193.307  1.90022e+18
193.894  2.87025e+19
194.481  8.45513e+18
195.067  1.8284e+19
195.654  2.17778e+19
196.241  8.66626e+19
196.827  4.86249e+18
197.414  1.75931e+19
198.001  2.91868e+18
198.587  5.43381e+19
199.174  2.30039e+19
199.761  6.42338e+19
200.347  2.24526e+19
200.934  5.14179e+18
201.521  4.90798e+18
202.107  7.98144e+19
202.694  1.89978e+19
203.281  4.22486e+19
203.867  2.47848e+19
204.454  5.51099e+18
205.041  1.66099e+19
205.627  7.36261e+19
206.214  2.94655e+19
206.801  2.04685e+19
207.388  1.12914e+19
207.974  1.39435e+19
208.561  1.84563e+19
209.148  4.13067e+19
209.734  3.1897e+19
210.321  1.12879e+19
210.908  1.80095e+19
211.494  1.97141e+19
212.081  2.44369e+19
212.668  1.13482e+19
213.254  2.23725e+19
213.841  7.24812e+18
214.428  3.51081e+19
215.014  1.60534e+19
215.601  3.33552e+19
216.188  3.06408e+18
216.774  2.131e+19
217.361  6.46077e+18
217.948  4.83012e+19
218.534  4.48727e+18
219.121  2.82995e+19
219.708  5.83739e+18
220.294  3.61681e+19
220.881  1.28718e+18
221.468  3.96534e+19
222.054  9.10065e+17
222.641  2.16308e+19
223.228  9.48937e+18
223.814  4.90928e+19
224.401  1.58132e+18
224.988  2.588e+19
225.574  1.82688e+18
226.161  2.21457e+19
226.748  7.59728e+18
227.334  4.31892e+19
227.921  6.82108e+18
228.508  1.62955e+19
229.094  6.74016e+18
229.681  3.16322e+19
230.268  9.82925e+18
230.854  2.41877e+19
231.441  6.99316e+18
232.028  1.56797e+19
232.614  1.91757e+19
233.201  3.01739e+19
233.788  1.46861e+19
234.374  9.61308e+18
