#S 1 spectral density
#N 2
#UFWHM 6.45337
#L  abscissas [um]  spectral density
-234.375  3.26447e+19
-233.788  1.91807e+19
-233.202  3.40128e+19
-232.615  2.78827e+19
-232.028  3.70224e+19
-231.442  1.73429e+19
-230.855  4.53926e+19
-230.268  1.20946e+19
-229.682  3.73539e+19
-229.095  1.3302e+19
-228.508  4.95321e+19
-227.922  5.13365e+18
-227.335  5.33181e+19
-226.748  1.09039e+19
-226.162  4.41138e+19
-225.575  1.94974e+18
-224.988  4.61798e+19
-224.402  2.05106e+18
-223.815  6.07051e+19
-223.228  6.49673e+18
-222.642  5.05055e+19
-222.055  2.71213e+18
-221.468  4.11965e+19
-220.882  6.97499e+17
-220.295  5.79699e+19
-219.708  3.67884e+18
-219.122  3.86011e+19
-218.535  1.10543e+19
-217.948  4.79201e+19
-217.362  2.78062e+18
-216.775  4.63825e+19
-216.188  1.11696e+19
-215.602  1.94692e+19
-215.015  1.77941e+19
-214.428  4.52884e+19
-213.842  1.52548e+19
-213.255  2.47263e+19
-212.668  1.52962e+19
-212.082  1.63942e+19
-211.495  2.57832e+19
-210.908  2.6484e+19
-210.322  3.27722e+19
-209.735  7.30968e+18
-209.148  2.23922e+19
-208.562  2.30514e+19
-207.975  5.15911e+19
-207.388  3.70903e+18
-206.802  3.09212e+19
-206.215  2.25304e+18
-205.628  3.97372e+19
-205.041  2.19208e+19
-204.455  8.25443e+19
-203.868  6.94704e+18
-203.281  1.59117e+19
-202.695  6.91741e+18
-202.108  6.64275e+19
-201.521  5.08306e+18
-200.935  8.21145e+19
-200.348  1.94283e+19
-199.761  1.24471e+19
-199.175  1.09797e+19
-198.588  8.26564e+19
-198.001  1.18753e+19
-197.415  5.83849e+19
-196.828  1.40744e+19
-196.241  3.54352e+19
-195.655  2.96238e+18
-195.068  7.69478e+19
-194.481  3.69463e+19
-193.895  2.44754e+19
-193.308  7.54258e+18
-192.721  6.07634e+19
-192.135  3.43331e+18
-191.548  5.96809e+19
-190.961  4.17722e+19
-190.375  1.07153e+19
-189.788  8.10027e+18
-189.201  5.48446e+19
-188.615  2.31199e+19
-188.028  4.28685e+19
-187.441  3.56103e+19
-186.855  2.14342e+19
-186.268  1.25097e+19
-185.681  2.67983e+19
-185.095  3.96708e+19
-184.508  1.82796e+19
-183.921  2.97701e+19
-183.335  2.99866e+19
-182.748  2.48734e+19
-182.161  1.78178e+19
-181.575  4.81156e+19
-180.988  1.87126e+18
-180.401  2.80032e+19
-179.815  1.20604e+19
-179.228  3.52732e+19
-178.641  1.36901e+19
-178.055  4.78165e+19
-177.468  5.03642e+18
-176.881  2.76952e+19
-176.295  1.6052e+18
-175.708  4.36111e+19
-175.121  8.82578e+18
-174.535  3.99281e+19
-173.948  5.787e+18
-173.361  3.13654e+19
-172.775  6.83641e+18
-172.188  3.72409e+19
-171.601  9.44674e+18
-171.015  3.14919e+19
-170.428  2.81792e+18
-169.841  4.04135e+19
-169.255  2.10415e+19
-168.668  2.59256e+19
-168.081  1.24152e+19
-167.495  2.85394e+19
-166.908  4.49287e+18
-166.321  3.85362e+19
-165.735  3.23677e+19
-165.148  1.69477e+19
-164.561  1.75519e+19
-163.975  3.5163e+19
-163.388  2.04528e+19
-162.801  1.84838e+19
-162.215  3.20688e+19
-161.628  1.1323e+19
-161.041  2.52395e+19
-160.455  3.3176e+19
-159.868  3.64544e+19
-159.281  6.59384e+18
-158.695  2.81471e+19
-158.108  7.36937e+18
-157.521  3.72176e+19
-156.935  2.03069e+19
-156.348  3.8903e+19
-155.761  3.51909e+18
-155.175  3.07796e+19
-154.588  5.6091e+18
-154.001  4.14299e+19
-153.415  9.66029e+18
-152.828  3.23844e+19
-152.241  3.93443e+18
-151.655  3.80856e+19
-151.068  1.2599e+19
-150.481  4.10294e+19
-149.895  8.04332e+17
-149.308  2.83774e+19
-148.721  5.10704e+17
-148.135  3.31792e+19
-147.548  2.09062e+19
-146.961  3.44431e+19
-146.375  4.02471e+18
-145.788  2.7526e+19
-145.201  3.9984e+18
-144.614  2.67617e+19
-144.028  1.91677e+19
-143.441  2.58748e+19
-142.854  1.41843e+19
-142.268  2.41601e+19
-141.681  1.43014e+19
-141.094  2.02189e+19
-140.508  1.70524e+19
-139.921  1.37591e+19
-139.334  2.04488e+19
-138.748  2.59935e+19
-138.161  2.60905e+19
-137.574  9.28887e+18
-136.988  2.37334e+19
-136.401  6.0078e+18
-135.814  2.38815e+19
-135.228  2.04025e+19
-134.641  3.41181e+19
-134.054  2.22646e+18
-133.468  2.46816e+19
-132.881  1.16448e+19
-132.294  3.07358e+19
-131.708  6.17787e+18
-131.121  3.83061e+19
-130.534  7.50747e+17
-129.948  2.08124e+19
-129.361  1.95151e+19
-128.774  3.69926e+19
-128.188  1.01287e+18
-127.601  3.33485e+19
-127.014  2.56145e+18
-126.428  2.13003e+19
-125.841  1.81824e+19
-125.254  3.36509e+19
-124.668  1.86944e+18
-124.081  3.04198e+19
-123.494  6.9561e+18
-122.908  1.65256e+19
-122.321  1.85422e+19
-121.734  2.10404e+19
-121.148  3.71335e+18
-120.561  2.83663e+19
-119.974  1.3406e+19
-119.388  9.10485e+18
-118.801  1.70445e+19
-118.214  1.33819e+19
-117.628  8.83538e+18
-117.041  1.37867e+19
-116.454  1.85833e+19
-115.868  3.91938e+18
-115.281  1.76468e+19
-114.694  1.40245e+19
-114.108  1.62182e+19
-113.521  4.28663e+18
-112.934  1.99938e+19
-112.348  1.98384e+18
-111.761  2.30478e+19
-111.174  1.55805e+19
-110.588  1.65794e+19
-110.001  1.81173e+18
-109.414  2.50869e+19
-108.828  3.46664e+18
-108.241  2.24424e+19
-107.654  1.86809e+19
-107.068  1.6572e+19
-106.481  1.17338e+18
-105.894  3.44429e+19
-105.308  1.29538e+19
-104.721  1.39847e+19
-104.134  1.39975e+19
-103.548  1.87663e+19
-102.961  4.29115e+18
-102.374  3.03708e+19
-101.788  2.33351e+19
-101.201  9.68247e+18
-100.614  6.25612e+18
-100.028  1.81464e+19
-99.4409  9.11651e+18
-98.8542  1.98559e+19
-98.2676  2.41716e+19
-97.6809  6.79828e+18
-97.0942  8.0128e+18
-96.5075  1.50411e+19
-95.9209  9.70883e+18
-95.3342  1.20435e+19
-94.7475  1.4413e+19
-94.1609  4.17703e+18
-93.5742  1.19116e+19
-92.9875  2.19355e+19
-92.4009  1.23688e+19
-91.8142  1.78815e+18
-91.2275  9.89721e+18
-90.6409  1.12062e+18
-90.0542  1.54724e+19
-89.4675  2.26009e+19
-88.8808  1.87539e+19
-88.2942  1.83351e+18
-87.7075  1.25339e+19
-87.1208  9.66374e+18
-86.5342  1.34089e+19
-85.9475  2.00054e+19
-85.3608  1.22385e+19
-84.7741  2.20205e+18
-84.1875  2.50858e+19
-83.6008  1.53612e+19
-83.0141  1.61863e+19
-82.4275  1.50369e+19
-81.8408  5.48047e+18
-81.2541  4.37203e+18
-80.6675  2.48823e+19
-80.0808  2.70205e+19
-79.4941  1.20311e+19
-78.9074  3.32972e+18
-78.3208  1.1657e+19
-77.7341  8.40059e+18
-77.1474  1.17501e+19
-76.5608  3.07886e+19
-75.9741  7.32467e+18
-75.3874  9.58979e+17
-74.8008  1.50528e+19
-74.2141  1.61434e+19
-73.6274  4.11937e+18
-73.0408  1.28211e+19
-72.4541  8.60661e+18
-71.8674  5.69019e+18
-71.2807  1.42227e+19
-70.6941  2.28799e+19
-70.1074  4.05153e+17
-69.5207  9.1438e+18
-68.9341  1.77362e+18
-68.3474  4.77893e+18
-67.7607  2.4944e+19
-67.174  9.72084e+18
-66.5874  1.3595e+18
-66.0007  1.72971e+19
-65.414  3.07375e+18
-64.8274  4.94731e+18
-64.2407  2.20172e+19
-63.654  7.43625e+18
-63.0674  5.59885e+18
-62.4807  1.46006e+19
-61.894  1.16727e+19
-61.3073  1.3528e+19
-60.7207  9.66376e+18
-60.134  8.36227e+18
-59.5473  1.20657e+19
-58.9607  9.98279e+18
-58.374  1.88867e+19
-57.7873  1.55026e+19
-57.2007  7.21546e+18
-56.614  1.29513e+19
-56.0273  1.12943e+19
-55.4407  6.79011e+18
-54.854  2.31789e+19
-54.2673  1.93259e+19
-53.6806  1.12678e+18
-53.094  1.61707e+19
-52.5073  1.97196e+19
-51.9206  3.52454e+17
-51.334  1.74152e+19
-50.7473  1.83095e+19
-50.1606  2.71579e+18
-49.5739  1.25571e+19
-48.9873  2.01303e+19
-48.4006  2.50541e+18
-47.8139  1.08276e+19
-47.2273  8.56626e+18
-46.6406  1.88949e+18
-46.0539  1.92916e+19
-45.4673  6.55646e+18
-44.8806  4.51085e+17
-44.2939  1.55607e+19
-43.7072  7.57003e+17
-43.1206  3.72359e+18
-42.5339  1.69223e+19
-41.9472  3.59375e+18
-41.3606  5.50477e+18
-40.7739  7.84644e+18
-40.1872  1.36466e+19
-39.6006  1.20281e+19
-39.0139  7.69295e+18
-38.4272  1.39309e+19
-37.8406  1.5968e+19
-37.2539  5.06711e+18
-36.6672  1.88643e+19
-36.0805  2.53132e+19
-35.4939  7.5318e+18
-34.9072  7.91345e+18
-34.3205  3.57533e+19
-33.7339  6.00711e+18
-33.1472  1.33247e+19
-32.5605  3.39232e+19
-31.9738  3.80843e+18
-31.3872  1.21744e+19
-30.8005  2.50163e+19
-30.2138  3.59695e+18
-29.6272  2.11279e+19
-29.0405  1.31449e+19
-28.4538  1.12044e+19
-27.8672  1.6193e+19
-27.2805  1.18118e+19
-26.6938  5.18035e+18
-26.1072  8.41115e+18
-25.5205  1.03106e+19
-24.9338  1.97296e+18
-24.3471  9.93755e+18
-23.7605  1.27734e+19
-23.1738  6.50518e+18
-22.5871  1.47688e+19
-22.0005  5.58463e+18
-21.4138  4.99676e+18
-20.8271  1.70593e+19
-20.2404  1.85664e+18
-19.6538  4.24581e+18
-19.0671  1.69827e+19
-18.4804  2.05835e+19
-17.8938  5.72134e+18
-17.3071  2.88452e+19
-16.7204  3.83399e+19
-16.1338  9.8055e+18
-15.5471  1.00939e+19
-14.9604  1.52183e+19
-14.3737  4.45713e+19
-13.7871  2.9501e+18
-13.2004  4.78773e+18
-12.6137  1.43549e+20
-12.0271  3.52567e+19
-11.4404  2.96097e+19
-10.8537  1.82716e+20
-10.2671  4.25883e+19
-9.68039  5.43889e+19
-9.09372  9.35461e+19
-8.50705  2.18501e+20
-7.92038  5.12365e+20
-7.33371  5.71407e+20
-6.74704  1.55044e+21
-6.16037  2.67207e+21
-5.5737  3.12397e+21
-4.98703  5.25607e+21
-4.40036  7.38728e+21
-3.81369  8.19612e+21
-3.22702  1.1031e+22
-2.64035  1.37441e+22
-2.05368  1.43369e+22
-1.46701  1.63478e+22
-0.88034  1.83478e+22
-0.29367  1.76414e+22
0.293  1.76395e+22
0.87967  1.83439e+22
1.46634  1.63417e+22
2.05301  1.43286e+22
2.63968  1.37332e+22
3.22635  1.10227e+22
3.81302  8.18744e+21
4.39969  7.38008e+21
4.98636  5.25171e+21
5.57303  3.12002e+21
6.1597  2.66945e+21
6.74637  1.54974e+21
7.33304  5.70077e+20
7.91971  5.12608e+20
8.50638  2.19252e+20
9.09305  9.32451e+19
9.67972  5.46637e+19
10.2664  4.30624e+19
10.8531  1.82443e+20
11.4397  2.94691e+19
12.0264  3.5617e+19
12.6131  1.43503e+20
13.1997  4.76593e+18
13.7864  3.03122e+18
14.3731  4.47512e+19
14.9597  1.54122e+19
15.5464  9.92321e+18
16.1331  9.9062e+18
16.7198  3.85211e+19
17.3064  2.86937e+19
17.8931  5.7516e+18
18.4798  2.08126e+19
19.0664  1.6971e+19
19.6531  4.16058e+18
20.2398  1.88523e+18
20.8265  1.72653e+19
21.4131  4.92277e+18
21.9998  5.509e+18
22.5865  1.48467e+19
23.1731  6.46554e+18
23.7598  1.27673e+19
24.3465  9.96804e+18
24.9331  1.92647e+18
25.5198  1.03564e+19
26.1065  8.31909e+18
26.6931  5.12487e+18
27.2798  1.19256e+19
27.8665  1.61853e+19
28.4532  1.11022e+19
29.0398  1.31319e+19
29.6265  2.11843e+19
30.2132  3.58138e+18
30.7998  2.49219e+19
31.3865  1.22783e+19
31.9732  3.8761e+18
32.5599  3.37521e+19
33.1465  1.33898e+19
33.7332  6.07813e+18
34.3199  3.57228e+19
34.9065  7.94145e+18
35.4932  7.56382e+18
36.0799  2.53031e+19
36.6665  1.89201e+19
37.2532  5.04903e+18
37.8399  1.60452e+19
38.4265  1.40073e+19
39.0132  7.6777e+18
39.5999  1.19499e+19
40.1866  1.37765e+19
40.7732  7.88592e+18
41.3599  5.46767e+18
41.9466  3.64189e+18
42.5332  1.69919e+19
43.1199  3.64822e+18
43.7066  7.57225e+17
44.2933  1.56518e+19
44.8799  4.39212e+17
45.4666  6.58061e+18
46.0533  1.92847e+19
46.6399  1.84957e+18
47.2266  8.54596e+18
47.8133  1.07998e+19
48.3999  2.46725e+18
48.9866  2.02458e+19
49.5733  1.2516e+19
50.1599  2.67078e+18
50.7466  1.82176e+19
51.3333  1.74702e+19
51.92  3.51415e+17
52.5066  1.96894e+19
53.0933  1.62166e+19
53.68  1.14812e+18
54.2666  1.92029e+19
54.8533  2.32538e+19
55.44  6.90217e+18
56.0266  1.12973e+19
56.6133  1.29646e+19
57.2  7.30611e+18
57.7867  1.55069e+19
58.3733  1.895e+19
58.96  1.01338e+19
59.5467  1.20483e+19
60.1333  8.44623e+18
60.72  9.72041e+18
61.3067  1.3487e+19
61.8933  1.18485e+19
62.48  1.46714e+19
63.0667  5.58217e+18
63.6534  7.57205e+18
64.24  2.20063e+19
64.8267  4.92251e+18
65.4134  3.152e+18
66  1.73439e+19
66.5867  1.34092e+18
67.1734  9.78993e+18
67.7601  2.49759e+19
68.3467  4.74124e+18
68.9334  1.77125e+18
69.5201  9.15586e+18
70.1067  4.04063e+17
70.6934  2.2943e+19
71.2801  1.4215e+19
71.8667  5.70069e+18
72.4534  8.55482e+18
73.0401  1.27882e+19
73.6268  4.16931e+18
74.2134  1.62313e+19
74.8001  1.50247e+19
75.3868  9.86529e+17
75.9734  7.28107e+18
76.5601  3.08178e+19
77.1468  1.18946e+19
77.7334  8.40009e+18
78.3201  1.16847e+19
78.9068  3.39688e+18
79.4934  1.19816e+19
80.0801  2.71243e+19
80.6668  2.5116e+19
81.2535  4.34189e+18
81.8401  5.56316e+18
82.4268  1.51051e+19
83.0135  1.61924e+19
83.6001  1.54847e+19
84.1868  2.52092e+19
84.7735  2.1961e+18
85.3602  1.2458e+19
85.9468  1.99722e+19
86.5335  1.34196e+19
87.1202  9.76255e+18
87.7068  1.25622e+19
88.2935  1.79984e+18
88.8802  1.8955e+19
89.4668  2.25592e+19
90.0535  1.5448e+19
90.6402  1.12588e+18
91.2268  9.92752e+18
91.8135  1.80934e+18
92.4002  1.24367e+19
92.9869  2.1869e+19
93.5735  1.19821e+19
94.1602  4.17679e+18
94.7469  1.44108e+19
95.3335  1.21682e+19
95.9202  9.76082e+18
96.5069  1.4979e+19
97.0935  8.09477e+18
97.6802  6.82335e+18
98.2669  2.41613e+19
98.8536  1.99886e+19
99.4402  9.15019e+18
100.027  1.82643e+19
100.614  6.29638e+18
101.2  9.69483e+18
101.787  2.3378e+19
102.374  3.05185e+19
102.96  4.27422e+18
103.547  1.89516e+19
104.134  1.40435e+19
104.72  1.40147e+19
105.307  1.29477e+19
105.894  3.46527e+19
106.48  1.13563e+18
107.067  1.67389e+19
107.654  1.87066e+19
108.24  2.25126e+19
108.827  3.47454e+18
109.414  2.51761e+19
110  1.80033e+18
110.587  1.68135e+19
111.174  1.55292e+19
111.76  2.31375e+19
112.347  2.01809e+18
112.934  1.99791e+19
113.52  4.32974e+18
114.107  1.64316e+19
114.694  1.40131e+19
115.28  1.76674e+19
115.867  3.94759e+18
116.454  1.85973e+19
117.04  1.39317e+19
117.627  8.933e+18
118.214  1.34192e+19
118.8  1.70876e+19
119.387  9.16065e+18
119.974  1.33979e+19
120.56  2.86316e+19
121.147  3.74703e+18
121.734  2.11206e+19
122.32  1.85947e+19
122.907  1.66611e+19
123.494  6.93844e+18
124.08  3.06402e+19
124.667  1.85871e+18
125.254  3.38588e+19
125.84  1.81743e+19
126.427  2.1395e+19
127.014  2.56881e+18
127.6  3.34696e+19
128.187  9.76661e+17
128.774  3.72546e+19
129.36  1.95132e+19
129.947  2.08815e+19
130.534  7.52559e+17
131.12  3.83587e+19
131.707  6.16071e+18
132.294  3.09441e+19
132.88  1.1642e+19
133.467  2.46869e+19
134.054  2.25479e+18
134.64  3.41256e+19
135.227  2.04571e+19
135.814  2.40589e+19
136.4  6.00966e+18
136.987  2.37602e+19
137.574  9.3903e+18
138.16  2.60369e+19
138.747  2.61263e+19
139.334  2.05602e+19
139.92  1.38271e+19
140.507  1.70407e+19
141.094  2.03492e+19
141.68  1.42851e+19
142.267  2.42767e+19
142.854  1.42726e+19
143.44  2.60213e+19
144.027  1.91621e+19
144.614  2.6869e+19
145.2  3.99111e+18
145.787  2.77114e+19
146.374  4.06414e+18
146.96  3.46006e+19
147.547  2.09198e+19
148.134  3.33297e+19
148.721  5.27332e+17
149.307  2.85427e+19
149.894  7.82698e+17
150.481  4.12023e+19
151.067  1.25657e+19
151.654  3.82099e+19
152.241  3.9796e+18
152.827  3.24912e+19
153.414  9.59502e+18
154.001  4.17107e+19
154.587  5.57403e+18
155.174  3.08281e+19
155.761  3.58361e+18
156.347  3.8995e+19
156.934  2.02668e+19
157.521  3.74588e+19
158.107  7.38033e+18
158.694  2.81273e+19
159.281  6.65291e+18
159.867  3.65926e+19
160.454  3.32187e+19
161.041  2.53635e+19
161.627  1.14095e+19
162.214  3.20528e+19
162.801  1.85753e+19
163.387  2.05081e+19
163.974  3.52628e+19
164.561  1.76142e+19
165.147  1.70411e+19
165.734  3.23694e+19
166.321  3.87373e+19
166.907  4.5431e+18
167.494  2.86553e+19
168.081  1.24536e+19
168.667  2.609e+19
169.254  2.10292e+19
169.841  4.06011e+19
170.427  2.85448e+18
171.014  3.1676e+19
171.601  9.43597e+18
172.187  3.74677e+19
172.774  6.82288e+18
173.361  3.15001e+19
173.947  5.84568e+18
174.534  4.01672e+19
175.121  8.72113e+18
175.707  4.38237e+19
176.294  1.59169e+18
176.881  2.78004e+19
177.467  5.11974e+18
178.054  4.79742e+19
178.641  1.35898e+19
179.227  3.54345e+19
179.814  1.20641e+19
180.401  2.80909e+19
180.987  1.89227e+18
181.574  4.82821e+19
182.161  1.77327e+19
182.747  2.50427e+19
183.334  3.0081e+19
183.921  2.98104e+19
184.507  1.82583e+19
185.094  3.97699e+19
185.681  2.68047e+19
186.267  1.26395e+19
186.854  2.15734e+19
187.441  3.55546e+19
188.027  4.28147e+19
188.614  2.32165e+19
189.201  5.49915e+19
189.787  8.11756e+18
190.374  1.08127e+19
190.961  4.1662e+19
191.547  5.95673e+19
192.134  3.48305e+18
192.721  6.10162e+19
193.307  7.52299e+18
193.894  2.44229e+19
194.481  3.67799e+19
195.067  7.68888e+19
195.654  2.96866e+18
196.241  3.5676e+19
196.827  1.40058e+19
197.414  5.81657e+19
198.001  1.17482e+19
198.587  8.26036e+19
199.174  1.09535e+19
199.761  1.26523e+19
200.347  1.92857e+19
200.934  8.18253e+19
201.521  4.99313e+18
202.107  6.63573e+19
202.694  6.88203e+18
203.281  1.6022e+19
203.867  6.81466e+18
204.454  8.21351e+19
205.041  2.18044e+19
205.627  3.973e+19
206.214  2.27737e+18
206.801  3.09421e+19
207.388  3.71693e+18
207.974  5.12074e+19
208.561  2.2895e+19
209.148  2.24682e+19
209.734  7.39924e+18
210.321  3.28182e+19
210.908  2.66108e+19
211.494  2.56069e+19
212.081  1.63376e+19
212.668  1.53833e+19
213.254  2.48014e+19
213.841  1.53023e+19
214.428  4.53244e+19
215.014  1.77671e+19
215.601  1.95391e+19
216.188  1.11834e+19
216.774  4.6408e+19
217.361  2.77456e+18
217.948  4.79021e+19
218.534  1.1039e+19
219.121  3.86769e+19
219.708  3.70967e+18
220.294  5.79755e+19
220.881  6.83823e+17
221.468  4.12248e+19
222.054  2.68775e+18
222.641  5.04992e+19
223.228  6.55347e+18
223.814  6.0678e+19
224.401  2.02456e+18
224.988  4.62422e+19
225.574  1.95903e+18
226.161  4.40564e+19
226.748  1.09535e+19
227.334  5.33707e+19
227.921  5.1072e+18
228.508  4.95269e+19
229.094  1.33462e+19
229.681  3.72596e+19
230.268  1.21341e+19
230.854  4.54699e+19
231.441  1.73138e+19
232.028  3.69533e+19
232.614  2.79072e+19
233.201  3.39694e+19
233.788  1.92578e+19
234.374  3.27027e+19
