#S 1 spectral density
#N 2
#UFWHM 5.28003
#L  abscissas [um]  spectral density
-234.375  1.78154e+18
-233.788  8.80491e+18
-233.202  1.51283e+19
-232.615  6.61971e+18
-232.028  8.78039e+18
-231.442  5.07127e+18
-230.855  2.29006e+18
-230.268  4.84248e+18
-229.682  1.02929e+19
-229.095  4.31553e+18
-228.508  1.17429e+19
-227.922  7.6722e+18
-227.335  2.14132e+19
-226.748  1.74234e+18
-226.162  1.71446e+17
-225.575  4.99911e+17
-224.988  1.02666e+19
-224.402  1.90902e+18
-223.815  2.52361e+19
-223.228  1.71881e+18
-222.642  6.07953e+18
-222.055  2.39032e+18
-221.468  2.68491e+19
-220.882  4.31587e+18
-220.295  1.25349e+19
-219.708  6.87357e+17
-219.122  1.43829e+19
-218.535  2.35739e+17
-217.948  3.99742e+19
-217.362  1.93601e+19
-216.775  3.75461e+17
-216.188  1.03733e+19
-215.602  3.49815e+19
-215.015  1.15956e+19
-214.428  2.48303e+19
-213.842  1.18418e+19
-213.255  1.77265e+19
-212.668  9.29405e+18
-212.082  3.61269e+19
-211.495  2.88998e+19
-210.908  1.26559e+19
-210.322  4.7161e+18
-209.735  5.14205e+19
-209.148  3.62413e+18
-208.562  3.83016e+19
-207.975  2.52588e+19
-207.388  5.66539e+17
-206.802  4.21872e+18
-206.215  7.19497e+19
-205.628  4.65997e+18
-205.041  2.93399e+19
-204.455  8.61734e+18
-203.868  1.40798e+19
-203.281  4.45259e+18
-202.695  4.21927e+19
-202.108  1.25731e+19
-201.521  1.60779e+19
-200.935  5.57772e+18
-200.348  4.39753e+19
-199.761  1.0267e+19
-199.175  1.55875e+19
-198.588  1.30991e+19
-198.001  1.83426e+18
-197.415  2.48175e+18
-196.828  3.99417e+19
-196.241  1.60034e+19
-195.655  1.14029e+19
-195.068  9.97074e+18
-194.481  1.07563e+19
-193.895  5.46095e+18
-193.308  1.66753e+19
-192.721  2.59535e+19
-192.135  8.37233e+18
-191.548  5.18448e+18
-190.961  1.46778e+19
-190.375  3.65515e+18
-189.788  7.57455e+18
-189.201  3.10541e+19
-188.615  9.07832e+18
-188.028  5.67637e+18
-187.441  1.4257e+19
-186.855  1.22511e+19
-186.268  1.50822e+18
-185.681  1.7266e+19
-185.095  1.2474e+19
-184.508  5.25852e+18
-183.921  1.03964e+19
-183.335  2.31559e+19
-182.748  3.85798e+18
-182.161  1.36813e+19
-181.575  2.37111e+19
-180.988  1.95263e+19
-180.401  1.07807e+19
-179.815  8.1356e+18
-179.228  4.01556e+18
-178.641  1.41532e+19
-178.055  4.41355e+19
-177.468  4.03353e+19
-176.881  3.3525e+18
-176.295  1.22124e+18
-175.708  3.34875e+18
-175.121  2.56428e+19
-174.535  4.9804e+19
-173.948  3.43122e+19
-173.361  9.79953e+17
-172.775  1.05383e+18
-172.188  3.17864e+18
-171.601  2.40817e+19
-171.015  3.8167e+19
-170.428  2.62474e+19
-169.841  2.56932e+18
-169.255  3.13848e+18
-168.668  1.59795e+19
-168.081  1.34725e+19
-167.495  1.70217e+19
-166.908  1.95289e+19
-166.321  3.32003e+18
-165.735  6.23639e+18
-165.148  1.46592e+19
-164.561  6.29595e+18
-163.975  1.25838e+19
-163.388  2.17491e+19
-162.801  7.08136e+18
-162.215  4.25381e+18
-161.628  6.46856e+18
-161.041  2.07637e+18
-160.455  6.09835e+18
-159.868  3.44534e+19
-159.281  1.14678e+19
-158.695  1.34334e+18
-158.108  5.39222e+17
-157.521  6.61391e+18
-156.935  1.38651e+19
-156.348  3.94045e+19
-155.761  2.22516e+19
-155.175  9.95786e+18
-154.588  7.04345e+17
-154.001  1.55325e+19
-153.415  1.23595e+19
-152.828  3.54017e+19
-152.241  4.34572e+19
-151.655  1.05687e+19
-151.068  5.57933e+18
-150.481  3.04828e+19
-149.895  1.94177e+19
-149.308  2.57781e+19
-148.721  3.4934e+19
-148.135  4.33348e+18
-147.548  1.13554e+19
-146.961  2.83403e+19
-146.375  2.145e+19
-145.788  2.40118e+19
-145.201  1.51528e+19
-144.614  1.97884e+18
-144.028  7.31885e+18
-143.441  2.58489e+19
-142.854  2.1418e+19
-142.268  1.00528e+19
-141.681  5.2816e+18
-141.094  6.83699e+18
-140.508  1.24084e+18
-139.921  1.60303e+19
-139.334  1.45557e+19
-138.748  1.01044e+19
-138.161  9.26729e+18
-137.574  1.37965e+19
-136.988  8.59304e+17
-136.401  1.15626e+19
-135.814  1.01006e+19
-135.228  7.94151e+18
-134.641  2.12022e+19
-134.054  1.7583e+19
-133.468  6.56425e+18
-132.881  1.52809e+19
-132.294  1.60915e+19
-131.708  2.8725e+19
-131.121  2.54487e+19
-130.534  1.35047e+19
-129.948  1.76165e+19
-129.361  1.39288e+19
-128.774  3.76867e+19
-128.188  3.68905e+19
-127.601  2.44633e+19
-127.014  2.24524e+19
-126.428  7.88911e+18
-125.841  1.02449e+19
-125.254  6.60774e+19
-124.668  3.3564e+19
-124.081  1.35664e+19
-123.494  2.03279e+19
-122.908  1.3032e+18
-122.321  8.80678e+18
-121.734  4.44471e+19
-121.148  2.32451e+19
-120.561  2.06856e+19
-119.974  6.78237e+18
-119.388  2.62446e+18
-118.801  7.38838e+18
-118.214  1.6587e+19
-117.628  1.79418e+19
-117.041  1.6203e+19
-116.454  5.1525e+18
-115.868  7.96333e+17
-115.281  3.82395e+18
-114.694  1.04565e+19
-114.108  1.95138e+19
-113.521  2.45621e+19
-112.934  6.67736e+18
-112.348  2.06e+18
-111.761  3.40978e+18
-111.174  2.26143e+19
-110.588  2.15706e+19
-110.001  2.79421e+19
-109.414  2.64332e+19
-108.828  4.99443e+18
-108.241  4.87297e+18
-107.654  2.67217e+19
-107.068  2.42622e+19
-106.481  5.61794e+19
-105.894  2.29478e+19
-105.308  6.77147e+18
-104.721  1.56365e+19
-104.134  9.55915e+18
-103.548  2.69754e+19
-102.961  6.14722e+19
-102.374  2.00982e+19
-101.788  9.13385e+18
-101.201  1.33754e+19
-100.614  6.24153e+18
-100.028  4.00276e+19
-99.4409  2.29292e+19
-98.8542  8.26334e+18
-98.2676  2.08186e+19
-97.6809  1.01715e+19
-97.0942  2.69534e+18
-96.5075  2.27569e+19
-95.9209  7.67078e+18
-95.3342  8.84773e+18
-94.7475  6.04842e+18
-94.1609  2.0344e+19
-93.5742  7.06378e+17
-92.9875  5.14502e+18
-92.4009  4.1906e+18
-91.8142  1.52398e+19
-91.2275  9.95351e+18
-90.6409  6.46947e+18
-90.0542  8.51597e+17
-89.4675  9.1385e+18
-88.8808  1.33299e+19
-88.2942  2.39887e+19
-87.7075  1.80225e+19
-87.1208  6.92086e+18
-86.5342  1.34176e+18
-85.9475  1.74977e+19
-85.3608  9.2151e+18
-84.7741  2.37147e+19
-84.1875  3.78339e+19
-83.6008  4.94781e+18
-83.0141  1.20029e+19
-82.4275  2.41379e+19
-81.8408  1.47691e+18
-81.2541  2.44482e+19
-80.6675  2.50095e+19
-80.0808  1.31216e+19
-79.4941  1.6437e+19
-78.9074  1.71578e+19
-78.3208  5.77507e+18
-77.7341  2.18494e+19
-77.1474  4.23e+18
-76.5608  2.0182e+19
-75.9741  2.86425e+19
-75.3874  1.58734e+19
-74.8008  2.63982e+18
-74.2141  4.51492e+18
-73.6274  4.21162e+18
-73.0408  7.81552e+18
-72.4541  2.67814e+19
-71.8674  1.65707e+19
-71.2807  4.86927e+18
-70.6941  5.50836e+18
-70.1074  5.87882e+17
-69.5207  3.43842e+18
-68.9341  2.73157e+19
-68.3474  3.58659e+18
-67.7607  1.29095e+18
-67.174  6.5119e+18
-66.5874  6.34994e+18
-66.0007  2.49963e+18
-65.414  3.47431e+19
-64.8274  1.53398e+17
-64.2407  8.04391e+18
-63.654  3.82377e+18
-63.0674  1.68881e+18
-62.4807  2.74077e+19
-61.894  2.09161e+19
-61.3073  4.34559e+18
-60.7207  3.00438e+19
-60.134  5.7283e+18
-59.5473  1.29769e+18
-58.9607  3.14496e+19
-58.374  3.58256e+19
-57.7873  1.62096e+19
-57.2007  1.16013e+19
-56.614  2.9472e+19
-56.0273  8.30783e+18
-55.4407  1.38613e+19
-54.854  3.76804e+19
-54.2673  2.60997e+19
-53.6806  1.82332e+19
-53.094  1.16702e+19
-52.5073  3.16173e+18
-51.9206  4.0144e+19
-51.334  1.42145e+19
-50.7473  8.17584e+18
-50.1606  3.49859e+19
-49.5739  1.16089e+18
-48.9873  5.43405e+18
-48.4006  2.46668e+19
-47.8139  4.22606e+17
-47.2273  2.64373e+19
-46.6406  4.80129e+18
-46.0539  8.87016e+18
-45.4673  2.8457e+19
-44.8806  1.83701e+18
-44.2939  1.5134e+18
-43.7072  2.77266e+19
-43.1206  4.71889e+18
-42.5339  4.63804e+18
-41.9472  1.35489e+19
-41.3606  1.19851e+19
-40.7739  1.44725e+19
-40.1872  3.39389e+19
-39.6006  1.22452e+19
-39.0139  7.16831e+18
-38.4272  1.9833e+19
-37.8406  1.13378e+19
-37.2539  1.21108e+19
-36.6672  2.67613e+19
-36.0805  2.05314e+19
-35.4939  1.05415e+19
-34.9072  3.07062e+19
-34.3205  3.05574e+19
-33.7339  5.75532e+18
-33.1472  3.36652e+19
-32.5605  9.95244e+18
-31.9738  5.11607e+18
-31.3872  2.33457e+19
-30.8005  6.71936e+18
-30.2138  2.18113e+19
-29.6272  3.25571e+19
-29.0405  5.93832e+18
-28.4538  3.00611e+19
-27.8672  1.23578e+19
-27.2805  5.74076e+18
-26.6938  1.31089e+19
-26.1072  1.401e+19
-25.5205  1.2616e+19
-24.9338  1.01406e+19
-24.3471  4.02332e+19
-23.7605  1.93241e+19
-23.1738  1.0308e+19
-22.5871  3.24734e+19
-22.0005  5.79841e+18
-21.4138  1.95233e+19
-20.8271  1.16644e+19
-20.2404  3.18015e+19
-19.6538  4.60592e+19
-19.0671  8.87759e+18
-18.4804  4.33869e+19
-17.8938  4.98221e+19
-17.3071  2.9287e+18
-16.7204  1.11116e+19
-16.1338  5.18579e+19
-15.5471  3.09864e+19
-14.9604  2.41901e+19
-14.3737  1.1268e+20
-13.7871  5.17486e+19
-13.2004  4.79918e+19
-12.6137  7.07156e+19
-12.0271  2.77312e+19
-11.4404  7.21923e+19
-10.8537  3.97273e+18
-10.2671  1.77756e+20
-9.68039  3.0308e+20
-9.09372  2.06732e+20
-8.50705  4.82924e+20
-7.92038  3.95356e+20
-7.33371  4.74893e+20
-6.74704  6.93231e+20
-6.16037  6.70678e+20
-5.5737  1.72316e+21
-4.98703  2.57371e+21
-4.40036  3.8836e+21
-3.81369  7.21099e+21
-3.22702  9.41105e+21
-2.64035  1.19501e+22
-2.05368  1.62013e+22
-1.46701  1.85177e+22
-0.88034  2.00144e+22
-0.29367  2.23404e+22
0.293  2.23434e+22
0.87967  2.00105e+22
1.46634  1.85064e+22
2.05301  1.61931e+22
2.63968  1.19391e+22
3.22635  9.39467e+21
3.81302  7.20121e+21
4.39969  3.87447e+21
4.98636  2.56416e+21
5.57303  1.71642e+21
6.1597  6.654e+20
6.74637  6.89365e+20
7.33304  4.72421e+20
7.91971  3.93341e+20
8.50638  4.82412e+20
9.09305  2.06425e+20
9.67972  3.01643e+20
10.2664  1.77627e+20
10.8531  3.91951e+18
11.4397  7.14411e+19
12.0264  2.71797e+19
12.6131  7.05439e+19
13.1997  4.78643e+19
13.7864  5.14063e+19
14.3731  1.12271e+20
14.9597  2.43899e+19
15.5464  3.08074e+19
16.1331  5.14129e+19
16.7198  1.105e+19
17.3064  3.01165e+18
17.8931  4.94969e+19
18.4798  4.30963e+19
19.0664  8.90459e+18
19.6531  4.6184e+19
20.2398  3.14265e+19
20.8265  1.15114e+19
21.4131  1.96798e+19
21.9998  5.69995e+18
22.5865  3.22197e+19
23.1731  1.03119e+19
23.7598  1.93795e+19
24.3465  4.00668e+19
24.9331  1.00768e+19
25.5198  1.26845e+19
26.1065  1.40495e+19
26.6931  1.29214e+19
27.2798  5.77249e+18
27.8665  1.24394e+19
28.4532  3.01036e+19
29.0398  5.8669e+18
29.6265  3.25616e+19
30.2132  2.18723e+19
30.7998  6.83824e+18
31.3865  2.31816e+19
31.9732  5.21787e+18
32.5599  1.01338e+19
33.1465  3.35302e+19
33.7332  5.68743e+18
34.3199  3.06804e+19
34.9065  3.06907e+19
35.4932  1.04107e+19
36.0799  2.06176e+19
36.6665  2.68388e+19
37.2532  1.1914e+19
37.8399  1.12357e+19
38.4265  1.98723e+19
39.0132  7.13532e+18
39.5999  1.21699e+19
40.1866  3.37827e+19
40.7732  1.447e+19
41.3599  1.19401e+19
41.9466  1.3422e+19
42.5332  4.61223e+18
43.1199  4.74315e+18
43.7066  2.75571e+19
44.2933  1.49648e+18
44.8799  1.82534e+18
45.4666  2.84651e+19
46.0533  8.75691e+18
46.6399  4.79606e+18
47.2266  2.6454e+19
47.8133  4.3893e+17
48.3999  2.45643e+19
48.9866  5.46271e+18
49.5733  1.21695e+18
50.1599  3.49863e+19
50.7466  8.24445e+18
51.3333  1.42107e+19
51.92  4.00353e+19
52.5066  3.23429e+18
53.0933  1.17174e+19
53.68  1.8271e+19
54.2666  2.6268e+19
54.8533  3.75774e+19
55.44  1.38418e+19
56.0266  8.34934e+18
56.6133  2.96438e+19
57.2  1.15528e+19
57.7867  1.62817e+19
58.3733  3.59084e+19
58.96  3.13471e+19
59.5467  1.32067e+18
60.1333  5.79787e+18
60.72  2.98965e+19
61.3067  4.3919e+18
61.8933  2.09146e+19
62.48  2.73396e+19
63.0667  1.64245e+18
63.6534  3.78964e+18
64.24  7.97115e+18
64.8267  1.59643e+17
65.4134  3.46565e+19
66  2.48168e+18
66.5867  6.27861e+18
67.1734  6.46287e+18
67.7601  1.27925e+18
68.3467  3.59519e+18
68.9334  2.71787e+19
69.5201  3.45468e+18
70.1067  5.70414e+17
70.6934  5.49656e+18
71.2801  4.79226e+18
71.8667  1.65965e+19
72.4534  2.67317e+19
73.0401  7.86769e+18
73.6268  4.15894e+18
74.2134  4.52206e+18
74.8001  2.62285e+18
75.3868  1.5849e+19
75.9734  2.86286e+19
76.5601  2.0366e+19
77.1468  4.22793e+18
77.7334  2.17279e+19
78.3201  5.82395e+18
78.9068  1.71593e+19
79.4934  1.63738e+19
80.0801  1.3251e+19
80.6668  2.51235e+19
81.2535  2.43367e+19
81.8401  1.49393e+18
82.4268  2.40516e+19
83.0135  1.20313e+19
83.6001  5.02968e+18
84.1868  3.78855e+19
84.7735  2.36797e+19
85.3602  9.29961e+18
85.9468  1.7331e+19
86.5335  1.31485e+18
87.1202  6.98548e+18
87.7068  1.80414e+19
88.2935  2.37662e+19
88.8802  1.3414e+19
89.4668  9.05967e+18
90.0535  8.19353e+17
90.6402  6.41654e+18
91.2268  9.95905e+18
91.8135  1.51753e+19
92.4002  4.19879e+18
92.9869  5.07008e+18
93.5735  7.1053e+17
94.1602  2.02044e+19
94.7469  6.02788e+18
95.3335  8.91314e+18
95.9202  7.67827e+18
96.5069  2.2663e+19
97.0935  2.69112e+18
97.6802  1.00854e+19
98.2669  2.08794e+19
98.8536  8.43346e+18
99.4402  2.28684e+19
100.027  3.99195e+19
100.614  6.27767e+18
101.2  1.3303e+19
101.787  9.1776e+18
102.374  2.02914e+19
102.96  6.13619e+19
103.547  2.69126e+19
104.134  9.60147e+18
104.72  1.55789e+19
105.307  6.88216e+18
105.894  2.30274e+19
106.48  5.59932e+19
107.067  2.4274e+19
107.654  2.6798e+19
108.24  4.84207e+18
108.827  5.00016e+18
109.414  2.65646e+19
110  2.77789e+19
110.587  2.15489e+19
111.174  2.26433e+19
111.76  3.41391e+18
112.347  2.03388e+18
112.934  6.70821e+18
113.52  2.43455e+19
114.107  1.96051e+19
114.694  1.0367e+19
115.28  3.82119e+18
115.867  7.68692e+17
116.454  5.16717e+18
117.04  1.60183e+19
117.627  1.79874e+19
118.214  1.64714e+19
118.8  7.41539e+18
119.387  2.57306e+18
119.974  6.72263e+18
120.56  2.06183e+19
121.147  2.32389e+19
121.734  4.42262e+19
122.32  8.87405e+18
122.907  1.33985e+18
123.494  2.01898e+19
124.08  1.35982e+19
124.667  3.34735e+19
125.254  6.58162e+19
125.84  1.03845e+19
126.427  7.99176e+18
127.014  2.22749e+19
127.6  2.45209e+19
128.187  3.67298e+19
128.774  3.75258e+19
129.36  1.41348e+19
129.947  1.77555e+19
130.534  1.33663e+19
131.12  2.53948e+19
131.707  2.85343e+19
132.294  1.60559e+19
132.88  1.54628e+19
133.467  6.62449e+18
134.054  1.74185e+19
134.64  2.11526e+19
135.227  7.80803e+18
135.814  1.00782e+19
136.4  1.16544e+19
136.987  8.75275e+17
137.574  1.36533e+19
138.16  9.31902e+18
138.747  9.9459e+18
139.334  1.46351e+19
139.92  1.58383e+19
140.507  1.24774e+18
141.094  6.82169e+18
141.68  5.31609e+18
142.267  9.8422e+18
142.854  2.14702e+19
143.44  2.56617e+19
144.027  7.32842e+18
144.614  2.04464e+18
145.2  1.51963e+19
145.787  2.37165e+19
146.374  2.14168e+19
146.96  2.81059e+19
147.547  1.13704e+19
148.134  4.46914e+18
148.721  3.48366e+19
149.307  2.55261e+19
149.894  1.93764e+19
150.481  3.02045e+19
151.067  5.6269e+18
151.654  1.0738e+19
152.241  4.32944e+19
152.827  3.51887e+19
153.414  1.23004e+19
154.001  1.52978e+19
154.587  7.40244e+17
155.174  1.00895e+19
155.761  2.21154e+19
156.347  3.91483e+19
156.934  1.38373e+19
157.521  6.50331e+18
158.107  5.16282e+17
158.694  1.36829e+18
159.281  1.13547e+19
159.867  3.41963e+19
160.454  6.04298e+18
161.041  2.03158e+18
161.627  6.38577e+18
162.214  4.17127e+18
162.801  6.94536e+18
163.387  2.17197e+19
163.974  1.2451e+19
164.561  6.29433e+18
165.147  1.44789e+19
165.734  6.13016e+18
166.321  3.27555e+18
166.907  1.96718e+19
167.494  1.68288e+19
168.081  1.33835e+19
168.667  1.57772e+19
169.254  3.09624e+18
169.841  2.63471e+18
170.427  2.63989e+19
171.014  3.77632e+19
171.601  2.39193e+19
172.187  3.09673e+18
172.774  1.03122e+18
173.361  1.03954e+18
173.947  3.43318e+19
174.534  4.92856e+19
175.121  2.55424e+19
175.707  3.28946e+18
176.294  1.23401e+18
176.881  3.21474e+18
177.467  4.02459e+19
178.054  4.37008e+19
178.641  1.4113e+19
179.227  4.01607e+18
179.814  8.1085e+18
180.401  1.05348e+19
180.987  1.94629e+19
181.574  2.33611e+19
182.161  1.36895e+19
182.747  3.75882e+18
183.334  2.30604e+19
183.921  1.01909e+19
184.507  5.22002e+18
185.094  1.21732e+19
185.681  1.72121e+19
186.267  1.43777e+18
186.854  1.21461e+19
187.441  1.40126e+19
188.027  5.65978e+18
188.614  8.90254e+18
189.201  3.08768e+19
189.787  7.4326e+18
190.374  3.60352e+18
190.961  1.44008e+19
191.547  5.1134e+18
192.134  8.35056e+18
192.721  2.57889e+19
193.307  1.64201e+19
193.894  5.50519e+18
194.481  1.05712e+19
195.067  9.80703e+18
195.654  1.14219e+19
196.241  1.58848e+19
196.827  3.94978e+19
197.414  2.52642e+18
198.001  1.90316e+18
198.587  1.2895e+19
199.174  1.55041e+19
199.761  1.01684e+19
200.347  4.35913e+19
200.934  5.54759e+18
201.521  1.61698e+19
202.107  1.24401e+19
202.694  4.18496e+19
203.281  4.34351e+18
203.867  1.39774e+19
204.454  8.5537e+18
205.041  2.94378e+19
205.627  4.6094e+18
206.214  7.16142e+19
206.801  4.0402e+18
207.388  5.65866e+17
207.974  2.51345e+19
208.561  3.81913e+19
209.148  3.51505e+18
209.734  5.11805e+19
210.321  4.47928e+18
210.908  1.25706e+19
211.494  2.8722e+19
212.081  3.5746e+19
212.668  9.12114e+18
213.254  1.76449e+19
213.841  1.15501e+19
214.428  2.46566e+19
215.014  1.15462e+19
215.601  3.46693e+19
216.188  1.02334e+19
216.774  3.7118e+17
217.361  1.91264e+19
217.948  3.97514e+19
218.534  2.24898e+17
219.121  1.4289e+19
219.708  7.02485e+17
220.294  1.25557e+19
220.881  4.23491e+18
221.468  2.67396e+19
222.054  2.38307e+18
222.641  6.06192e+18
223.228  1.79697e+18
223.814  2.51433e+19
224.401  1.85376e+18
224.988  1.02922e+19
225.574  5.10774e+17
226.161  1.79548e+17
226.748  1.81402e+18
227.334  2.12954e+19
227.921  7.58632e+18
228.508  1.18264e+19
229.094  4.35752e+18
229.681  1.02192e+19
230.268  4.87014e+18
230.854  2.24802e+18
231.441  4.96787e+18
232.028  8.86752e+18
232.614  6.75396e+18
233.201  1.49723e+19
233.788  8.78531e+18
234.374  1.82743e+18
