#S 1 spectral density
#N 2
#UFWHM 49.2803
#L  abscissas [um]  spectral density
-234.375  1.82869e+18
-233.788  1.61143e+18
-233.202  2.89461e+18
-232.615  5.79988e+18
-232.028  8.66872e+17
-231.442  5.0072e+18
-230.855  9.98216e+17
-230.268  1.66952e+18
-229.682  6.28208e+17
-229.095  4.2475e+18
-228.508  4.4991e+17
-227.922  9.73007e+18
-227.335  1.00186e+18
-226.748  5.27276e+18
-226.162  6.2707e+17
-225.575  4.50268e+17
-224.988  1.67677e+17
-224.402  6.54242e+18
-223.815  1.37254e+18
-223.228  8.39722e+18
-222.642  3.33301e+18
-222.055  7.52329e+17
-221.468  2.07113e+18
-220.882  1.49508e+18
-220.295  5.72168e+17
-219.708  7.20103e+18
-219.122  5.10184e+18
-218.535  2.19104e+18
-217.948  7.55936e+18
-217.362  1.97968e+17
-216.775  1.65426e+18
-216.188  5.9197e+18
-215.602  3.32933e+18
-215.015  5.15641e+18
-214.428  1.09163e+19
-213.842  3.46535e+18
-213.255  9.39274e+18
-212.668  2.21158e+18
-212.082  1.98475e+18
-211.495  8.06828e+18
-210.908  6.17531e+18
-210.322  1.23046e+19
-209.735  1.44344e+19
-209.148  1.83285e+18
-208.562  9.87578e+18
-207.975  3.38615e+18
-207.388  4.2048e+18
-206.802  1.3804e+19
-206.215  5.21355e+18
-205.628  9.52741e+18
-205.041  1.39156e+19
-204.455  4.7204e+18
-203.868  1.47649e+19
-203.281  5.581e+18
-202.695  2.26682e+18
-202.108  1.13973e+19
-201.521  3.3073e+18
-200.935  1.53309e+19
-200.348  1.36682e+19
-199.761  6.94165e+18
-199.175  8.9412e+18
-198.588  4.47909e+18
-198.001  3.0364e+18
-197.415  1.57535e+19
-196.828  1.00645e+18
-196.241  1.68145e+19
-195.655  4.80391e+18
-195.068  5.62771e+18
-194.481  6.91491e+18
-193.895  7.7157e+18
-193.308  2.91713e+18
-192.721  1.56201e+19
-192.135  2.15668e+17
-191.548  1.62545e+19
-190.961  1.33603e+18
-190.375  5.93375e+18
-189.788  5.08776e+18
-189.201  3.75747e+18
-188.615  4.33654e+18
-188.028  1.42281e+19
-187.441  3.39534e+18
-186.855  1.27445e+19
-186.268  7.32145e+16
-185.681  2.30991e+18
-185.095  2.77905e+18
-184.508  1.84842e+18
-183.921  9.47137e+18
-183.335  9.28831e+18
-182.748  4.94965e+18
-182.161  6.54555e+18
-181.575  8.58658e+17
-180.988  1.59212e+18
-180.401  4.30406e+18
-179.815  1.1438e+18
-179.228  8.99134e+18
-178.641  1.81148e+18
-178.055  8.06089e+18
-177.468  4.28387e+18
-176.881  8.5074e+17
-176.295  1.05313e+18
-175.708  2.38099e+18
-175.121  2.61549e+18
-174.535  6.78903e+18
-173.948  3.2214e+18
-173.361  6.8478e+18
-172.775  9.95665e+16
-172.188  7.7346e+17
-171.601  2.6409e+18
-171.015  2.49211e+18
-170.428  4.70745e+18
-169.841  6.27805e+18
-169.255  3.87351e+18
-168.668  3.06952e+18
-168.081  7.79983e+17
-167.495  8.73895e+17
-166.908  5.12011e+18
-166.321  1.39607e+18
-165.735  6.71823e+18
-165.148  6.51303e+18
-164.561  4.20194e+18
-163.975  1.88734e+18
-163.388  6.99983e+17
-162.801  1.65646e+18
-162.215  1.01951e+18
-161.628  2.97107e+18
-161.041  1.19761e+19
-160.455  1.7069e+18
-159.868  8.16831e+18
-159.281  2.40653e+18
-158.695  1.98519e+17
-158.108  2.89681e+16
-157.521  2.3889e+18
-156.935  9.64625e+18
-156.348  1.5399e+18
-155.761  9.96629e+18
-155.175  5.43905e+18
-154.588  1.24565e+18
-154.001  2.77004e+18
-153.415  7.17247e+18
-152.828  3.73418e+18
-152.241  5.60747e+18
-151.655  1.10646e+19
-151.068  1.06302e+18
-150.481  5.39368e+18
-149.895  2.96213e+18
-149.308  5.94487e+18
-148.721  3.83424e+17
-148.135  9.85408e+18
-147.548  1.09737e+19
-146.961  2.64591e+18
-146.375  1.78098e+19
-145.788  2.65185e+18
-145.201  4.15148e+18
-144.614  6.61686e+18
-144.028  1.36274e+19
-143.441  7.58305e+15
-142.854  2.67729e+19
-142.268  4.57048e+18
-141.681  6.95664e+18
-141.094  1.05462e+19
-140.508  1.26978e+19
-139.921  7.53949e+18
-139.334  2.59801e+19
-138.748  2.2518e+19
-138.161  1.01574e+19
-137.574  3.07518e+19
-136.988  1.17063e+19
-136.401  2.28936e+19
-135.814  2.40324e+19
-135.228  3.51837e+19
-134.641  1.37123e+19
-134.054  4.69635e+19
-133.468  1.40429e+19
-132.881  3.65544e+19
-132.294  3.01675e+19
-131.708  3.78271e+19
-131.121  2.65976e+19
-130.534  5.5483e+19
-129.948  2.26467e+19
-129.361  4.66999e+19
-128.774  4.42748e+19
-128.188  3.22265e+19
-127.601  4.25289e+19
-127.014  4.5963e+19
-126.428  2.44484e+19
-125.841  4.08416e+19
-125.254  3.49274e+19
-124.668  2.00428e+19
-124.081  3.58081e+19
-123.494  1.69947e+19
-122.908  1.72499e+19
-122.321  1.73765e+19
-121.734  1.20984e+19
-121.148  9.6043e+18
-120.561  1.37006e+19
-119.974  1.86023e+18
-119.388  6.39763e+18
-118.801  1.29726e+18
-118.214  6.60639e+17
-117.628  1.74477e+18
-117.041  2.00538e+18
-116.454  3.31638e+18
-115.868  2.15718e+18
-115.281  4.85448e+18
-114.694  1.27234e+18
-114.108  6.92583e+17
-113.521  5.20902e+17
-112.934  1.34837e+18
-112.348  2.69158e+18
-111.761  3.2886e+18
-111.174  9.35356e+18
-110.588  1.81168e+18
-110.001  6.7044e+18
-109.414  8.73953e+18
-108.828  9.07021e+18
-108.241  7.507e+18
-107.654  3.12405e+19
-107.068  8.71708e+18
-106.481  2.99947e+19
-105.894  2.93056e+19
-105.308  1.93224e+19
-104.721  2.65672e+19
-104.134  4.06613e+19
-103.548  1.9255e+19
-102.961  4.68162e+19
-102.374  4.65638e+19
-101.788  2.42838e+19
-101.201  5.73563e+19
-100.614  3.94142e+19
-100.028  3.97802e+19
-99.4409  6.17192e+19
-98.8542  6.62446e+19
-98.2676  3.55708e+19
-97.6809  1.07534e+20
-97.0942  4.65759e+19
-96.5075  8.4805e+19
-95.9209  9.30753e+19
-95.3342  9.06265e+19
-94.7475  6.44304e+19
-94.1609  1.42179e+20
-93.5742  5.44348e+19
-92.9875  1.24045e+20
-92.4009  1.09106e+20
-91.8142  9.55436e+19
-91.2275  1.01868e+20
-90.6409  1.34815e+20
-90.0542  6.93131e+19
-89.4675  1.44237e+20
-88.8808  1.21088e+20
-88.2942  9.84761e+19
-87.7075  1.54127e+20
-87.1208  1.15042e+20
-86.5342  1.05951e+20
-85.9475  1.53909e+20
-85.3608  1.35428e+20
-84.7741  1.09939e+20
-84.1875  2.03146e+20
-83.6008  9.58697e+19
-83.0141  1.48045e+20
-82.4275  1.42807e+20
-81.8408  1.26236e+20
-81.2541  1.17225e+20
-80.6675  1.98335e+20
-80.0808  7.79764e+19
-79.4941  1.71573e+20
-78.9074  1.18969e+20
-78.3208  1.07941e+20
-77.7341  1.2594e+20
-77.1474  1.57542e+20
-76.5608  7.47034e+19
-75.9741  1.73306e+20
-75.3874  1.01344e+20
-74.8008  9.18491e+19
-74.2141  1.33729e+20
-73.6274  1.05689e+20
-73.0408  8.08625e+19
-72.4541  1.44968e+20
-71.8674  8.01928e+19
-71.2807  7.55601e+19
-70.6941  1.17024e+20
-70.1074  5.61934e+19
-69.5207  7.98435e+19
-68.9341  9.10965e+19
-68.3474  5.38583e+19
-67.7607  5.60484e+19
-67.174  7.51218e+19
-66.5874  2.38657e+19
-66.0007  6.75998e+19
-65.414  3.83562e+19
-64.8274  3.19488e+19
-64.2407  3.77278e+19
-63.654  3.18177e+19
-63.0674  8.71642e+18
-62.4807  4.38425e+19
-61.894  8.41132e+18
-61.3073  1.55484e+19
-60.7207  1.89412e+19
-60.134  4.77047e+18
-59.5473  3.82904e+18
-58.9607  1.78326e+19
-58.374  2.67755e+18
-57.7873  1.00995e+19
-57.2007  3.49215e+18
-56.614  5.46257e+18
-56.0273  7.08919e+18
-55.4407  5.79221e+18
-54.854  1.87453e+19
-54.2673  1.83381e+19
-53.6806  1.09015e+19
-53.094  3.09985e+19
-52.5073  2.45779e+19
-51.9206  3.56299e+19
-51.334  4.99468e+19
-50.7473  5.15071e+19
-50.1606  5.62313e+19
-49.5739  7.69681e+19
-48.9873  6.89939e+19
-48.4006  1.06558e+20
-47.8139  1.03484e+20
-47.2273  1.23198e+20
-46.6406  1.41264e+20
-46.0539  1.54043e+20
-45.4673  1.59909e+20
-44.8806  2.17672e+20
-44.2939  1.99089e+20
-43.7072  2.47812e+20
-43.1206  2.62045e+20
-42.5339  2.70024e+20
-41.9472  2.98326e+20
-41.3606  3.46288e+20
-40.7739  3.37576e+20
-40.1872  4.12729e+20
-39.6006  4.08941e+20
-39.0139  4.37243e+20
-38.4272  4.72239e+20
-37.8406  5.01752e+20
-37.2539  5.24612e+20
-36.6672  5.95969e+20
-36.0805  5.95457e+20
-35.4939  6.58706e+20
-34.9072  6.79075e+20
-34.3205  7.18103e+20
-33.7339  7.75542e+20
-33.1472  8.15256e+20
-32.5605  8.4639e+20
-31.9738  9.21467e+20
-31.3872  9.07205e+20
-30.8005  9.70147e+20
-30.2138  1.03256e+21
-29.6272  1.03852e+21
-29.0405  1.12495e+21
-28.4538  1.17654e+21
-27.8672  1.16919e+21
-27.2805  1.25341e+21
-26.6938  1.28177e+21
-26.1072  1.30146e+21
-25.5205  1.41514e+21
-24.9338  1.41919e+21
-24.3471  1.48269e+21
-23.7605  1.56047e+21
-23.1738  1.55192e+21
-22.5871  1.63791e+21
-22.0005  1.72266e+21
-21.4138  1.68907e+21
-20.8271  1.82181e+21
-20.2404  1.83979e+21
-19.6538  1.80741e+21
-19.0671  1.94305e+21
-18.4804  1.95702e+21
-17.8938  1.94951e+21
-17.3071  2.10885e+21
-16.7204  2.07454e+21
-16.1338  2.08898e+21
-15.5471  2.20515e+21
-14.9604  2.16319e+21
-14.3737  2.23137e+21
-13.7871  2.33224e+21
-13.2004  2.29204e+21
-12.6137  2.39664e+21
-12.0271  2.42641e+21
-11.4404  2.39661e+21
-10.8537  2.52421e+21
-10.2671  2.51241e+21
-9.68039  2.50012e+21
-9.09372  2.63402e+21
-8.50705  2.54678e+21
-7.92038  2.57137e+21
-7.33371  2.68216e+21
-6.74704  2.60159e+21
-6.16037  2.66456e+21
-5.5737  2.75802e+21
-4.98703  2.64184e+21
-4.40036  2.73289e+21
-3.81369  2.75144e+21
-3.22702  2.68144e+21
-2.64035  2.79256e+21
-2.05368  2.78615e+21
-1.46701  2.74158e+21
-0.88034  2.84216e+21
-0.29367  2.76995e+21
0.293  2.7697e+21
0.87967  2.84258e+21
1.46634  2.74261e+21
2.05301  2.78675e+21
2.63968  2.79346e+21
3.22635  2.6828e+21
3.81302  2.75278e+21
4.39969  2.73467e+21
4.98636  2.64363e+21
5.57303  2.76021e+21
6.1597  2.66693e+21
6.74637  2.60377e+21
7.33304  2.68482e+21
7.91971  2.57457e+21
8.50638  2.54965e+21
9.09305  2.63751e+21
9.67972  2.50376e+21
10.2664  2.51605e+21
10.8531  2.52817e+21
11.4397  2.40073e+21
12.0264  2.43047e+21
12.6131  2.40148e+21
13.1997  2.29646e+21
13.7864  2.33675e+21
14.3731  2.2364e+21
14.9597  2.16806e+21
15.5464  2.20975e+21
16.1331  2.09441e+21
16.7198  2.0797e+21
17.3064  2.11399e+21
17.8931  1.95469e+21
18.4798  1.9626e+21
19.0664  1.94833e+21
19.6531  1.81288e+21
20.2398  1.84537e+21
20.8265  1.82772e+21
21.4131  1.69445e+21
21.9998  1.72861e+21
22.5865  1.64368e+21
23.1731  1.55778e+21
23.7598  1.5662e+21
24.3465  1.48882e+21
24.9331  1.42474e+21
25.5198  1.42099e+21
26.1065  1.30707e+21
26.6931  1.28751e+21
27.2798  1.25891e+21
27.8665  1.17513e+21
28.4532  1.18177e+21
29.0398  1.13054e+21
29.6265  1.04396e+21
30.2132  1.03783e+21
30.7998  9.75252e+20
31.3865  9.12877e+20
31.9732  9.26358e+20
32.5599  8.515e+20
33.1465  8.2028e+20
33.7332  7.80405e+20
34.3199  7.22644e+20
34.9065  6.83917e+20
35.4932  6.63186e+20
36.0799  6.00005e+20
36.6665  6.00192e+20
37.2532  5.28754e+20
37.8399  5.05654e+20
38.4265  4.76058e+20
39.0132  4.40965e+20
39.5999  4.12719e+20
40.1866  4.16213e+20
40.7732  3.40837e+20
41.3599  3.49501e+20
41.9466  3.0124e+20
42.5332  2.72954e+20
43.1199  2.64895e+20
43.7066  2.50496e+20
44.2933  2.01586e+20
44.8799  2.20209e+20
45.4666  1.61929e+20
46.0533  1.56209e+20
46.6399  1.4322e+20
47.2266  1.25001e+20
47.8133  1.05178e+20
48.3999  1.08324e+20
48.9866  7.01778e+19
49.5733  7.84047e+19
50.1599  5.73592e+19
50.7466  5.25333e+19
51.3333  5.10173e+19
51.92  3.65779e+19
52.5066  2.51756e+19
53.0933  3.18492e+19
53.68  1.13326e+19
54.2666  1.87352e+19
54.8533  1.93061e+19
55.44  5.98667e+18
56.0266  7.26331e+18
56.6133  5.74279e+18
57.2  3.4086e+18
57.7867  1.0006e+19
58.3733  2.77702e+18
58.96  1.74718e+19
59.5467  3.70215e+18
60.1333  4.56117e+18
60.72  1.85211e+19
61.3067  1.51558e+19
61.8933  8.13259e+18
62.48  4.3254e+19
63.0667  8.40572e+18
63.6534  3.12859e+19
64.24  3.71487e+19
64.8267  3.14311e+19
65.4134  3.7754e+19
66  6.6964e+19
66.5867  2.33796e+19
67.1734  7.44653e+19
67.7601  5.54284e+19
68.3467  5.33637e+19
68.9334  9.03636e+19
69.5201  7.92672e+19
70.1067  5.56276e+19
70.6934  1.1642e+20
71.2801  7.49849e+19
71.8667  7.9806e+19
72.4534  1.4432e+20
73.0401  8.04479e+19
73.6268  1.05173e+20
74.2134  1.3318e+20
74.8001  9.14656e+19
75.3868  1.01014e+20
75.9734  1.72834e+20
76.5601  7.44702e+19
77.1468  1.5721e+20
77.7334  1.25517e+20
78.3201  1.07789e+20
78.9068  1.18707e+20
79.4934  1.71411e+20
80.0801  7.78471e+19
80.6668  1.98381e+20
81.2535  1.17061e+20
81.8401  1.26228e+20
82.4268  1.42731e+20
83.0135  1.48175e+20
83.6001  9.58539e+19
84.1868  2.03427e+20
84.7735  1.10025e+20
85.3602  1.35595e+20
85.9468  1.54052e+20
86.5335  1.06179e+20
87.1202  1.15245e+20
87.7068  1.54452e+20
88.2935  9.8767e+19
88.8802  1.21357e+20
89.4668  1.44598e+20
90.0535  6.9537e+19
90.6402  1.352e+20
91.2268  1.02248e+20
91.8135  9.59637e+19
92.4002  1.09449e+20
92.9869  1.24599e+20
93.5735  5.4682e+19
94.1602  1.42701e+20
94.7469  6.48049e+19
95.3335  9.11693e+19
95.9202  9.35576e+19
96.5069  8.53364e+19
97.0935  4.69335e+19
97.6802  1.08135e+20
98.2669  3.58882e+19
98.8536  6.68058e+19
99.4402  6.22404e+19
100.027  4.01611e+19
100.614  3.98209e+19
101.2  5.78092e+19
101.787  2.4575e+19
102.374  4.69838e+19
102.96  4.73032e+19
103.547  1.95374e+19
104.134  4.11113e+19
104.72  2.68857e+19
105.307  1.95934e+19
105.894  2.959e+19
106.48  3.03883e+19
107.067  8.89821e+18
107.654  3.16585e+19
108.24  7.68527e+18
108.827  9.28029e+18
109.414  8.89725e+18
110  6.89699e+18
110.587  1.85476e+18
111.174  9.58514e+18
111.76  3.30437e+18
112.347  2.75428e+18
112.934  1.41401e+18
113.52  5.3423e+17
114.107  6.87953e+17
114.694  1.3412e+18
115.28  4.84458e+18
115.867  2.13187e+18
116.454  3.36969e+18
117.04  1.9342e+18
117.627  1.74009e+18
118.214  6.29299e+17
118.8  1.23439e+18
119.387  6.30349e+18
119.974  1.80152e+18
120.56  1.34994e+19
121.147  9.50797e+18
121.734  1.19422e+19
122.32  1.71546e+19
122.907  1.70682e+19
123.494  1.67577e+19
124.08  3.55262e+19
124.667  1.98141e+19
125.254  3.46794e+19
125.84  4.057e+19
126.427  2.4229e+19
127.014  4.56449e+19
127.6  4.22612e+19
128.187  3.19914e+19
128.774  4.40539e+19
129.36  4.64673e+19
129.947  2.25231e+19
130.534  5.52746e+19
131.12  2.64079e+19
131.707  3.76894e+19
132.294  3.00094e+19
132.88  3.64644e+19
133.467  1.3987e+19
134.054  4.68822e+19
134.64  1.3622e+19
135.227  3.51432e+19
135.814  2.39057e+19
136.4  2.28676e+19
136.987  1.16456e+19
137.574  3.07246e+19
138.16  1.01145e+19
138.747  2.2507e+19
139.334  2.58799e+19
139.92  7.54016e+18
140.507  1.26735e+19
141.094  1.0493e+19
141.68  6.95023e+18
142.267  4.57324e+18
142.854  2.67117e+19
143.44  7.46004e+15
144.027  1.36396e+19
144.614  6.5721e+18
145.2  4.16906e+18
145.787  2.65074e+18
146.374  1.78267e+19
146.96  2.65234e+18
147.547  1.09763e+19
148.134  9.81659e+18
148.721  3.88705e+17
149.307  5.94382e+18
149.894  2.9586e+18
150.481  5.40273e+18
151.067  1.06513e+18
151.654  1.10877e+19
152.241  5.6293e+18
152.827  3.73324e+18
153.414  7.16266e+18
154.001  2.76057e+18
154.587  1.24624e+18
155.174  5.4408e+18
155.761  9.9774e+18
156.347  1.54417e+18
156.934  9.63916e+18
157.521  2.39753e+18
158.107  3.04886e+16
158.694  1.95654e+17
159.281  2.39076e+18
159.867  8.16204e+18
160.454  1.71787e+18
161.041  1.19945e+19
161.627  2.96768e+18
162.214  1.02692e+18
162.801  1.64901e+18
163.387  6.98288e+17
163.974  1.89282e+18
164.561  4.21576e+18
165.147  6.50135e+18
165.734  6.71985e+18
166.321  1.40976e+18
166.907  5.12139e+18
167.494  8.65943e+17
168.081  7.73675e+17
168.667  3.07871e+18
169.254  3.8753e+18
169.841  6.30041e+18
170.427  4.70563e+18
171.014  2.49328e+18
171.601  2.63375e+18
172.187  7.79094e+17
172.774  1.00739e+17
173.361  6.86384e+18
173.947  3.21375e+18
174.534  6.80661e+18
175.121  2.61268e+18
175.707  2.40048e+18
176.294  1.04691e+18
176.881  8.5977e+17
177.467  4.27874e+18
178.054  8.08115e+18
178.641  1.81752e+18
179.227  9.01891e+18
179.814  1.13056e+18
180.401  4.32441e+18
180.987  1.59862e+18
181.574  8.67263e+17
182.161  6.56605e+18
182.747  4.95134e+18
183.334  9.32841e+18
183.921  9.48578e+18
184.507  1.85319e+18
185.094  2.79886e+18
185.681  2.3354e+18
186.267  7.52835e+16
186.854  1.27877e+19
187.441  3.39432e+18
188.027  1.42777e+19
188.614  4.33921e+18
189.201  3.80712e+18
189.787  5.11851e+18
190.374  5.96474e+18
190.961  1.32819e+18
191.547  1.63343e+19
192.134  2.0553e+17
192.721  1.57165e+19
193.307  2.92578e+18
193.894  7.77034e+18
194.481  6.93563e+18
195.067  5.67942e+18
195.654  4.83555e+18
196.241  1.69343e+19
196.827  1.0058e+18
197.414  1.58266e+19
198.001  3.06495e+18
198.587  4.5406e+18
199.174  9.01721e+18
199.761  7.01312e+18
200.347  1.37213e+19
200.934  1.54095e+19
201.521  3.32988e+18
202.107  1.15041e+19
202.694  2.30937e+18
203.281  5.66172e+18
203.867  1.48666e+19
204.454  4.76819e+18
205.041  1.39402e+19
205.627  9.63615e+18
206.214  5.2573e+18
206.801  1.3891e+19
207.388  4.25585e+18
207.974  3.4267e+18
208.561  9.93658e+18
209.148  1.87833e+18
209.734  1.45184e+19
210.321  1.24025e+19
210.908  6.19516e+18
211.494  8.10595e+18
212.081  2.00456e+18
212.668  2.21672e+18
213.254  9.46669e+18
213.841  3.50425e+18
214.428  1.0935e+19
215.014  5.19187e+18
215.601  3.30629e+18
216.188  5.94912e+18
216.774  1.68054e+18
217.361  2.09079e+17
217.948  7.57025e+18
218.534  2.21386e+18
219.121  5.05929e+18
219.708  7.2705e+18
220.294  5.65857e+17
220.881  1.5115e+18
221.468  2.07099e+18
222.054  7.58491e+17
222.641  3.28975e+18
223.228  8.46612e+18
223.814  1.3541e+18
224.401  6.56103e+18
224.988  1.71076e+17
225.574  4.45402e+17
226.161  6.16125e+17
226.748  5.33167e+18
227.334  9.89344e+17
227.921  9.73621e+18
228.508  4.57466e+17
229.094  4.24312e+18
229.681  6.4502e+17
230.268  1.70056e+18
230.854  9.95068e+17
231.441  5.01783e+18
232.028  8.69858e+17
232.614  5.78834e+18
233.201  2.91658e+18
233.788  1.62906e+18
234.374  1.82756e+18
