#S 1 spectral density
#N 2
#UFWHM 4.10669
#L  abscissas [um]  spectral density
-234.375  1.30538e+18
-233.788  3.82535e+18
-233.202  1.7582e+19
-232.615  6.95608e+18
-232.028  5.98117e+17
-231.442  1.65016e+18
-230.855  7.0973e+18
-230.268  7.36513e+18
-229.682  1.12038e+19
-229.095  2.86928e+18
-228.508  4.69256e+17
-227.922  2.14844e+18
-227.335  3.28034e+19
-226.748  5.36794e+18
-226.162  2.33499e+18
-225.575  8.42436e+17
-224.988  1.06657e+18
-224.402  9.52583e+17
-223.815  4.14007e+19
-223.228  7.3633e+18
-222.642  3.46559e+18
-222.055  1.48406e+18
-221.468  2.21575e+19
-220.882  6.68412e+17
-220.295  4.20836e+19
-219.708  2.29092e+18
-219.122  3.33448e+18
-218.535  2.67532e+18
-217.948  5.43438e+19
-217.362  5.85826e+18
-216.775  1.24859e+19
-216.188  1.38821e+19
-215.602  3.75628e+18
-215.015  3.70384e+18
-214.428  6.77843e+19
-213.842  6.65992e+18
-213.255  2.10987e+18
-212.668  2.25603e+19
-212.082  1.40735e+19
-211.495  1.12166e+19
-210.908  5.03475e+19
-210.322  6.75628e+18
-209.735  2.6606e+18
-209.148  2.03888e+19
-208.562  4.07306e+19
-207.975  1.37458e+19
-207.388  2.80899e+19
-206.802  1.68153e+19
-206.215  1.3565e+19
-205.628  5.83947e+18
-205.041  4.77082e+19
-204.455  4.87365e+18
-203.868  1.37374e+18
-203.281  1.88194e+19
-202.695  2.47379e+19
-202.108  4.66872e+18
-201.521  4.79075e+19
-200.935  4.33171e+18
-200.348  8.84852e+18
-199.761  1.77865e+19
-199.175  3.21681e+19
-198.588  6.52562e+18
-198.001  1.52332e+19
-197.415  3.3713e+18
-196.828  1.80125e+19
-196.241  1.69568e+19
-195.655  4.75996e+19
-195.068  1.26643e+19
-194.481  1.80681e+18
-193.895  1.70923e+18
-193.308  1.22252e+19
-192.721  3.0494e+19
-192.135  3.66966e+19
-191.548  1.13964e+19
-190.961  3.10369e+18
-190.375  3.11042e+18
-189.788  1.0742e+19
-189.201  4.1003e+19
-188.615  1.92255e+19
-188.028  8.45682e+18
-187.441  5.53694e+18
-186.855  1.62833e+19
-186.268  4.10606e+18
-185.681  2.28594e+19
-185.095  1.1364e+19
-184.508  8.8453e+18
-183.921  2.91485e+18
-183.335  3.05765e+19
-182.748  3.3514e+18
-182.161  4.15195e+18
-181.575  2.19067e+19
-180.988  1.91076e+19
-180.401  5.28801e+18
-179.815  2.17029e+19
-179.228  8.73271e+17
-178.641  3.56522e+17
-178.055  3.24075e+19
-177.468  4.72135e+19
-176.881  5.88275e+18
-176.295  7.55892e+18
-175.708  2.92588e+18
-175.121  7.58594e+18
-174.535  3.33184e+19
-173.948  6.18584e+19
-173.361  6.24876e+18
-172.775  1.71597e+18
-172.188  1.87837e+18
-171.601  1.65858e+19
-171.015  2.65622e+19
-170.428  5.42691e+19
-169.841  1.5318e+19
-169.255  1.06782e+18
-168.668  1.06383e+19
-168.081  2.45344e+19
-167.495  1.70551e+19
-166.908  3.38647e+19
-166.321  2.09455e+19
-165.735  2.08069e+17
-165.148  1.30369e+19
-164.561  2.23971e+19
-163.975  2.03646e+19
-163.388  1.67876e+19
-162.801  1.75483e+19
-162.215  9.16278e+17
-161.628  1.16508e+19
-161.041  1.08988e+19
-160.455  1.29694e+19
-159.868  1.25528e+19
-159.281  9.56658e+18
-158.695  5.3268e+18
-158.108  1.70354e+18
-157.521  1.06446e+19
-156.935  8.96887e+18
-156.348  1.61792e+19
-155.761  1.65615e+19
-155.175  1.79748e+19
-154.588  8.82911e+17
-154.001  1.20905e+19
-153.415  5.7375e+18
-152.828  1.82051e+19
-152.241  3.79444e+19
-151.655  2.50797e+19
-151.068  2.74389e+18
-150.481  2.40981e+19
-149.895  2.40279e+19
-149.308  1.81128e+19
-148.721  4.22042e+19
-148.135  1.07285e+19
-147.548  1.30572e+19
-146.961  2.36326e+19
-146.375  3.46959e+19
-145.788  2.81065e+19
-145.201  2.65548e+19
-144.614  8.0751e+18
-144.028  1.01402e+19
-143.441  1.96937e+19
-142.854  4.9758e+19
-142.268  2.2089e+19
-141.681  1.19798e+19
-141.094  1.02141e+19
-140.508  2.42233e+18
-139.921  1.22537e+19
-139.334  3.76784e+19
-138.748  2.8368e+19
-138.161  3.77242e+18
-137.574  8.65937e+18
-136.988  1.38436e+18
-136.401  9.17782e+18
-135.814  1.68959e+19
-135.228  1.70088e+19
-134.641  7.31571e+18
-134.054  6.66823e+18
-133.468  5.28183e+18
-132.881  3.0118e+18
-132.294  1.12645e+19
-131.708  2.76108e+19
-131.121  1.96189e+19
-130.534  6.20334e+18
-129.948  9.97527e+18
-129.361  6.23322e+18
-128.774  2.3403e+19
-128.188  3.18045e+19
-127.601  3.30006e+19
-127.014  2.16999e+19
-126.428  8.20461e+18
-125.841  3.91886e+18
-125.254  5.2667e+19
-124.668  4.19864e+19
-124.081  2.79442e+19
-123.494  3.35778e+19
-122.908  2.33059e+18
-122.321  8.26632e+18
-121.734  3.78273e+19
-121.148  3.27422e+19
-120.561  4.06606e+19
-119.974  2.83533e+19
-119.388  2.20993e+18
-118.801  6.9029e+18
-118.214  1.60963e+19
-117.628  2.93871e+19
-117.041  2.60302e+19
-116.454  1.77928e+19
-115.868  7.83701e+17
-115.281  5.1365e+17
-114.694  4.72853e+18
-114.108  2.15528e+19
-113.521  2.6729e+19
-112.934  5.89418e+18
-112.348  1.20003e+18
-111.761  6.00597e+17
-111.174  6.15852e+18
-110.588  7.17325e+18
-110.001  1.66108e+19
-109.414  1.94044e+19
-108.828  7.84699e+18
-108.241  3.79523e+16
-107.654  6.19149e+18
-107.068  1.1785e+19
-106.481  3.34224e+19
-105.894  2.53099e+19
-105.308  1.09208e+19
-104.721  9.85665e+18
-104.134  1.86849e+18
-103.548  1.47773e+19
-102.961  4.42083e+19
-102.374  3.56073e+19
-101.788  1.75377e+19
-101.201  1.89286e+19
-100.614  4.17396e+18
-100.028  3.81334e+19
-99.4409  2.12713e+19
-98.8542  1.50993e+19
-98.2676  4.00472e+19
-97.6809  1.78286e+19
-97.0942  7.10043e+18
-96.5075  2.78931e+19
-95.9209  1.07647e+19
-95.3342  1.29649e+19
-94.7475  1.90599e+19
-94.1609  2.86213e+19
-93.5742  5.62769e+18
-92.9875  6.87362e+18
-92.4009  6.35167e+18
-91.8142  6.44067e+18
-91.2275  1.15762e+19
-90.6409  8.57818e+18
-90.0542  4.36858e+18
-89.4675  5.85442e+18
-88.8808  3.98697e+18
-88.2942  1.58974e+19
-87.7075  4.5977e+18
-87.1208  4.38775e+18
-86.5342  7.09547e+17
-85.9475  4.87629e+18
-85.3608  9.22466e+17
-84.7741  1.32219e+19
-84.1875  1.63738e+19
-83.6008  3.13904e+18
-83.0141  1.03329e+19
-82.4275  1.6116e+19
-81.8408  6.02942e+17
-81.2541  1.31054e+19
-80.6675  1.02249e+19
-80.0808  9.38088e+18
-79.4941  1.91535e+19
-78.9074  2.05251e+19
-78.3208  5.95778e+18
-77.7341  2.43336e+19
-77.1474  4.15506e+17
-76.5608  1.10985e+19
-75.9741  4.48495e+19
-75.3874  2.46897e+19
-74.8008  9.83828e+18
-74.2141  1.24773e+19
-73.6274  3.13095e+18
-73.0408  1.03842e+19
-72.4541  3.01465e+19
-71.8674  3.89067e+19
-71.2807  1.09484e+19
-70.6941  1.41922e+19
-70.1074  5.06946e+18
-69.5207  1.13218e+18
-68.9341  3.91753e+19
-68.3474  1.06365e+19
-67.7607  6.11667e+18
-67.174  1.67544e+19
-66.5874  3.54742e+18
-66.0007  1.24998e+18
-65.414  3.37005e+19
-64.8274  3.23262e+18
-64.2407  3.68112e+18
-63.654  2.81711e+18
-63.0674  1.13077e+19
-62.4807  3.97517e+18
-61.894  6.47719e+18
-61.3073  3.66049e+18
-60.7207  1.53479e+19
-60.134  2.97192e+18
-59.5473  2.25488e+18
-58.9607  7.37526e+18
-58.374  7.4894e+18
-57.7873  2.34061e+19
-57.2007  9.36732e+18
-56.614  1.10199e+19
-56.0273  1.03493e+19
-55.4407  7.09059e+18
-54.854  9.43695e+18
-54.2673  4.55827e+19
-53.6806  2.46465e+19
-53.094  7.28626e+18
-52.5073  8.99109e+18
-51.9206  4.8291e+19
-51.334  1.49988e+19
-50.7473  2.23472e+19
-50.1606  5.21981e+19
-49.5739  3.6642e+18
-48.9873  1.42111e+19
-48.4006  4.67869e+19
-47.8139  1.03384e+18
-47.2273  3.87008e+19
-46.6406  2.68539e+19
-46.0539  1.10667e+19
-45.4673  3.5455e+19
-44.8806  1.5915e+19
-44.2939  3.17794e+18
-43.7072  2.38537e+19
-43.1206  1.50407e+19
-42.5339  3.02684e+18
-41.9472  6.61333e+18
-41.3606  1.92725e+19
-40.7739  4.19591e+18
-40.1872  2.83871e+19
-39.6006  9.83545e+18
-39.0139  6.43596e+17
-38.4272  4.59282e+18
-37.8406  6.43705e+18
-37.2539  2.25282e+18
-36.6672  7.01447e+18
-36.0805  1.41511e+19
-35.4939  9.74625e+18
-34.9072  7.01361e+18
-34.3205  2.81342e+19
-33.7339  6.21207e+18
-33.1472  9.49745e+18
-32.5605  7.15642e+18
-31.9738  8.67485e+18
-31.3872  9.50754e+18
-30.8005  1.08593e+18
-30.2138  2.65593e+19
-29.6272  3.03918e+19
-29.0405  8.23312e+18
-28.4538  4.11332e+19
-27.8672  1.62844e+19
-27.2805  2.04398e+18
-26.6938  3.98447e+19
-26.1072  1.61517e+19
-25.5205  8.16875e+18
-24.9338  3.9822e+19
-24.3471  4.29847e+19
-23.7605  1.88257e+19
-23.1738  4.35429e+19
-22.5871  4.05336e+19
-22.0005  3.17051e+18
-21.4138  2.12645e+19
-20.8271  4.88931e+19
-20.2404  2.33512e+19
-19.6538  3.57474e+19
-19.0671  3.49511e+19
-18.4804  3.54187e+19
-17.8938  3.68967e+19
-17.3071  2.55098e+19
-16.7204  5.93035e+18
-16.1338  4.10018e+19
-15.5471  2.03607e+19
-14.9604  3.6334e+19
-14.3737  9.93237e+19
-13.7871  4.27275e+19
-13.2004  3.89544e+19
-12.6137  6.37042e+19
-12.0271  1.87955e+19
-11.4404  3.68833e+19
-10.8537  2.35672e+19
-10.2671  1.46162e+20
-9.68039  2.94382e+20
-9.09372  2.47943e+20
-8.50705  4.30986e+20
-7.92038  4.19243e+20
-7.33371  4.09402e+20
-6.74704  7.54806e+20
-6.16037  6.5697e+20
-5.5737  1.46256e+21
-4.98703  2.856e+21
-4.40036  3.62214e+21
-3.81369  6.95413e+21
-3.22702  1.00301e+22
-2.64035  1.13086e+22
-2.05368  1.61069e+22
-1.46701  1.9153e+22
-0.88034  1.91592e+22
-0.29367  2.28798e+22
0.293  2.28809e+22
0.87967  1.91556e+22
1.46634  1.91423e+22
2.05301  1.60983e+22
2.63968  1.12973e+22
3.22635  1.00149e+22
3.81302  6.94366e+21
4.39969  3.61344e+21
4.98636  2.8466e+21
5.57303  1.45578e+21
6.1597  6.5156e+20
6.74637  7.51228e+20
7.33304  4.06574e+20
7.91971  4.17254e+20
8.50638  4.30757e+20
9.09305  2.47128e+20
9.67972  2.93175e+20
10.2664  1.46193e+20
10.8531  2.31744e+19
11.4397  3.63195e+19
12.0264  1.83589e+19
12.6131  6.33921e+19
13.1997  3.88888e+19
13.7864  4.24177e+19
14.3731  9.90429e+19
14.9597  3.63623e+19
15.5464  2.02879e+19
16.1331  4.07058e+19
16.7198  5.76055e+18
17.3064  2.57309e+19
17.8931  3.66349e+19
18.4798  3.51004e+19
19.0664  3.49738e+19
19.6531  3.59576e+19
20.2398  2.30766e+19
20.8265  4.8588e+19
21.4131  2.14817e+19
21.9998  3.10217e+18
22.5865  4.02387e+19
23.1731  4.35474e+19
23.7598  1.89448e+19
24.3465  4.27847e+19
24.9331  3.96739e+19
25.5198  8.2852e+18
26.1065  1.62394e+19
26.6931  3.95152e+19
27.2798  2.11474e+18
27.8665  1.6363e+19
28.4532  4.1094e+19
29.0398  8.13331e+18
29.6265  3.03805e+19
30.2132  2.66369e+19
30.7998  1.10229e+18
31.3865  9.43612e+18
31.9732  8.80778e+18
32.5599  7.18076e+18
33.1465  9.43438e+18
33.7332  6.13258e+18
34.3199  2.82861e+19
34.9065  6.98678e+18
35.4932  9.64027e+18
36.0799  1.42448e+19
36.6665  7.0261e+18
37.2532  2.16459e+18
37.8399  6.38506e+18
38.4265  4.6099e+18
39.0132  6.57943e+17
39.5999  9.76866e+18
40.1866  2.82105e+19
40.7732  4.23717e+18
41.3599  1.924e+19
41.9466  6.55205e+18
42.5332  2.95799e+18
43.1199  1.51371e+19
43.7066  2.36555e+19
44.2933  3.14959e+18
44.8799  1.59129e+19
45.4666  3.55543e+19
46.0533  1.0962e+19
46.6399  2.68058e+19
47.2266  3.86923e+19
47.8133  1.07696e+18
48.3999  4.66559e+19
48.9866  1.42937e+19
49.5733  3.77211e+18
50.1599  5.20971e+19
50.7466  2.22833e+19
51.3333  1.50392e+19
51.92  4.82412e+19
52.5066  8.99488e+18
53.0933  7.34935e+18
53.68  2.46898e+19
54.2666  4.56128e+19
54.8533  9.39656e+18
55.44  7.08796e+18
56.0266  1.03792e+19
56.6133  1.11652e+19
57.2  9.30002e+18
57.7867  2.3453e+19
58.3733  7.54288e+18
58.96  7.3061e+18
59.5467  2.26079e+18
60.1333  3.04223e+18
60.72  1.52721e+19
61.3067  3.68644e+18
61.8933  6.46704e+18
62.48  3.94104e+18
63.0667  1.12796e+19
63.6534  2.80614e+18
64.24  3.68232e+18
64.8267  3.28384e+18
65.4134  3.35404e+19
66  1.26357e+18
66.5867  3.50709e+18
67.1734  1.67358e+19
67.7601  6.20746e+18
68.3467  1.06691e+19
68.9334  3.90153e+19
69.5201  1.12442e+18
70.1067  5.05298e+18
70.6934  1.4204e+19
71.2801  1.09494e+19
71.8667  3.89574e+19
72.4534  3.00855e+19
73.0401  1.03741e+19
73.6268  3.09827e+18
74.2134  1.24961e+19
74.8001  9.83204e+18
75.3868  2.47245e+19
75.9734  4.47671e+19
76.5601  1.12203e+19
77.1468  4.22264e+17
77.7334  2.41675e+19
78.3201  6.02344e+18
78.9068  2.05685e+19
79.4934  1.90383e+19
80.0801  9.52975e+18
80.6668  1.02973e+19
81.2535  1.29974e+19
81.8401  5.91569e+17
82.4268  1.60874e+19
83.0135  1.03796e+19
83.6001  3.18393e+18
84.1868  1.64837e+19
84.7735  1.31425e+19
85.3602  9.43957e+17
85.9468  4.78678e+18
86.5335  7.35664e+17
87.1202  4.46871e+18
87.7068  4.61671e+18
88.2935  1.57066e+19
88.8802  4.0047e+18
89.4668  5.82008e+18
90.0535  4.45829e+18
90.6402  8.5241e+18
91.2268  1.15937e+19
91.8135  6.3977e+18
92.4002  6.31526e+18
92.9869  6.82207e+18
93.5735  5.66695e+18
94.1602  2.85592e+19
94.7469  1.89828e+19
95.3335  1.30533e+19
95.9202  1.07704e+19
96.5069  2.77784e+19
97.0935  7.12107e+18
97.6802  1.78307e+19
98.2669  4.00546e+19
98.8536  1.5267e+19
99.4402  2.11928e+19
100.027  3.79988e+19
100.614  4.22502e+18
101.2  1.88802e+19
101.787  1.75211e+19
102.374  3.58023e+19
102.96  4.4067e+19
103.547  1.46939e+19
104.134  1.89746e+18
104.72  9.85699e+18
105.307  1.0979e+19
105.894  2.53497e+19
106.48  3.33264e+19
107.067  1.17555e+19
107.654  6.22083e+18
108.24  3.70163e+16
108.827  7.83778e+18
109.414  1.95284e+19
110  1.65072e+19
110.587  7.15288e+18
111.174  6.16194e+18
111.76  6.03932e+17
112.347  1.22257e+18
112.934  5.94446e+18
113.52  2.65595e+19
114.107  2.16147e+19
114.694  4.63383e+18
115.28  5.15961e+17
115.867  8.27855e+17
116.454  1.78357e+19
117.04  2.58479e+19
117.627  2.94734e+19
118.214  1.59757e+19
118.8  6.91827e+18
119.387  2.23504e+18
119.974  2.82348e+19
120.56  4.05692e+19
121.147  3.28096e+19
121.734  3.76332e+19
122.32  8.32715e+18
122.907  2.40406e+18
123.494  3.33555e+19
124.08  2.79524e+19
124.667  4.20242e+19
125.254  5.24869e+19
125.84  3.96262e+18
126.427  8.28277e+18
127.014  2.14948e+19
127.6  3.30416e+19
128.187  3.17349e+19
128.774  2.33096e+19
129.36  6.28667e+18
129.947  1.00779e+19
130.534  6.06402e+18
131.12  1.95625e+19
131.707  2.74779e+19
132.294  1.12444e+19
132.88  3.0969e+18
133.467  5.36862e+18
134.054  6.53439e+18
134.64  7.30356e+18
135.227  1.68509e+19
135.814  1.68801e+19
136.4  9.2908e+18
136.987  1.38777e+18
137.574  8.5264e+18
138.16  3.81392e+18
138.747  2.81484e+19
139.334  3.77582e+19
139.92  1.22085e+19
140.507  2.43042e+18
141.094  1.01489e+19
141.68  1.2006e+19
142.267  2.18052e+19
142.854  4.9861e+19
143.44  1.96615e+19
144.027  1.01251e+19
144.614  8.05624e+18
145.2  2.65555e+19
145.787  2.77969e+19
146.374  3.47366e+19
146.96  2.35584e+19
147.547  1.30803e+19
148.134  1.07458e+19
148.721  4.20867e+19
149.307  1.78976e+19
149.894  2.40643e+19
150.481  2.39489e+19
151.067  2.74016e+18
151.654  2.51368e+19
152.241  3.78233e+19
152.827  1.80239e+19
153.414  5.70889e+18
154.001  1.19294e+19
154.587  8.37382e+17
155.174  1.80293e+19
155.761  1.6431e+19
156.347  1.59869e+19
156.934  8.87787e+18
157.521  1.05308e+19
158.107  1.6827e+18
158.694  5.36908e+18
159.281  9.45862e+18
159.867  1.23987e+19
160.454  1.27549e+19
161.041  1.08078e+19
161.627  1.16814e+19
162.214  8.74001e+17
162.801  1.73507e+19
163.387  1.67601e+19
163.974  2.01395e+19
164.561  2.23495e+19
165.147  1.30118e+19
165.734  2.1456e+17
166.321  2.07411e+19
166.907  3.3938e+19
167.494  1.68682e+19
168.081  2.43964e+19
168.667  1.05746e+19
169.254  1.09573e+18
169.841  1.51929e+19
170.427  5.43714e+19
171.014  2.62657e+19
171.601  1.64453e+19
172.187  1.82097e+18
172.774  1.74039e+18
173.361  6.20576e+18
173.947  6.18133e+19
174.534  3.29455e+19
175.121  7.54455e+18
175.707  2.82423e+18
176.294  7.55272e+18
176.881  5.76118e+18
177.467  4.71233e+19
178.054  3.20489e+19
178.641  3.52478e+17
179.227  8.32995e+17
179.814  2.16057e+19
180.401  5.11208e+18
180.987  1.90681e+19
181.574  2.16153e+19
182.161  4.13306e+18
182.747  3.26599e+18
183.334  3.049e+19
183.921  2.79143e+18
184.507  8.82e+18
185.094  1.11128e+19
185.681  2.27558e+19
186.267  4.02315e+18
186.854  1.62352e+19
187.441  5.39186e+18
188.027  8.3653e+18
188.614  1.9038e+19
189.201  4.09075e+19
189.787  1.05445e+19
190.374  3.0702e+18
190.961  2.99619e+18
191.547  1.12234e+19
192.134  3.65555e+19
192.721  3.04528e+19
193.307  1.1997e+19
193.894  1.66296e+18
194.481  1.77408e+18
195.067  1.24849e+19
195.654  4.74175e+19
196.241  1.6918e+19
196.827  1.77161e+19
197.414  3.25549e+18
198.001  1.53311e+19
198.587  6.42596e+18
199.174  3.19452e+19
199.761  1.76019e+19
200.347  8.74813e+18
200.934  4.26913e+18
201.521  4.78813e+19
202.107  4.62224e+18
202.694  2.44351e+19
203.281  1.85241e+19
203.867  1.38034e+18
204.454  4.94672e+18
205.041  4.76233e+19
205.627  5.6904e+18
206.214  1.34239e+19
206.801  1.65315e+19
207.388  2.80081e+19
207.974  1.39154e+19
208.561  4.05187e+19
209.148  1.98692e+19
209.734  2.61435e+18
210.321  6.54531e+18
210.908  5.00368e+19
211.494  1.14284e+19
212.081  1.38375e+19
212.668  2.19267e+19
213.254  2.05482e+18
213.841  6.5532e+18
214.428  6.72932e+19
215.014  3.84282e+18
215.601  3.66732e+18
216.188  1.35108e+19
216.774  1.24214e+19
217.361  5.88895e+18
217.948  5.40182e+19
218.534  2.64022e+18
219.121  3.28517e+18
219.708  2.2466e+18
220.294  4.19438e+19
220.881  7.03556e+17
221.468  2.21064e+19
222.054  1.4154e+18
222.641  3.42501e+18
223.228  7.47733e+18
223.814  4.12518e+19
224.401  9.02721e+17
224.988  1.07917e+18
225.574  8.6087e+17
226.161  2.27634e+18
226.748  5.40331e+18
227.334  3.27748e+19
227.921  2.07985e+18
228.508  4.74303e+17
229.094  2.96274e+18
229.681  1.11369e+19
230.268  7.32203e+18
230.854  7.08486e+18
231.441  1.62355e+18
232.028  6.11141e+17
232.614  7.0334e+18
233.201  1.75309e+19
233.788  3.80252e+18
234.374  1.28109e+18
