#S 1 spectral density
#N 2
#UFWHM 5.28003
#L  abscissas [um]  spectral density
-234.375  5.25188e+18
-233.788  1.04171e+19
-233.202  7.22565e+18
-232.615  6.95454e+18
-232.028  1.66711e+19
-231.442  6.93263e+18
-230.855  5.26778e+17
-230.268  2.12075e+18
-229.682  4.75929e+18
-229.095  6.61557e+18
-228.508  2.1221e+19
-227.922  1.00941e+19
-227.335  5.70414e+18
-226.748  3.47477e+18
-226.162  1.56031e+18
-225.575  5.82114e+17
-224.988  1.60479e+19
-224.402  2.23792e+18
-223.815  6.08885e+18
-223.228  3.75466e+18
-222.642  1.21139e+19
-222.055  4.09436e+18
-221.468  1.69828e+19
-220.882  5.992e+18
-220.295  4.66975e+17
-219.708  5.86237e+17
-219.122  2.6321e+19
-218.535  1.19526e+18
-217.948  1.26132e+19
-217.362  2.15895e+19
-216.775  9.4416e+18
-216.188  5.05817e+18
-215.602  4.56025e+19
-215.015  1.36036e+19
-214.428  5.44886e+18
-213.842  8.76729e+18
-213.255  4.7035e+19
-212.668  5.07285e+18
-212.082  3.00538e+19
-211.495  2.84327e+19
-210.908  1.30156e+19
-210.322  1.54137e+18
-209.735  9.0366e+19
-209.148  8.06843e+17
-208.562  1.78344e+19
-207.975  2.12664e+19
-207.388  1.05576e+19
-206.802  1.10702e+18
-206.215  9.04036e+19
-205.628  7.96075e+18
-205.041  1.63719e+19
-204.455  6.66244e+18
-203.868  3.40889e+19
-203.281  5.97865e+18
-202.695  3.11178e+19
-202.108  1.47864e+19
-201.521  4.79195e+18
-200.935  7.51298e+18
-200.348  5.39262e+19
-199.761  1.10673e+19
-199.175  2.15823e+18
-198.588  1.29714e+19
-198.001  1.22035e+18
-197.415  1.17778e+19
-196.828  3.3571e+19
-196.241  9.18291e+18
-195.655  6.99709e+17
-195.068  7.22624e+18
-194.481  1.60794e+19
-193.895  1.61298e+19
-193.308  9.50938e+18
-192.721  1.12323e+19
-192.135  5.03559e+18
-191.548  1.35894e+19
-190.961  1.50707e+19
-190.375  3.75408e+18
-189.788  6.07926e+18
-189.201  1.19525e+19
-188.615  1.45751e+19
-188.028  2.28735e+19
-187.441  1.10521e+19
-186.855  3.50029e+18
-186.268  9.08874e+18
-185.681  1.46901e+19
-185.095  1.29413e+19
-184.508  1.5903e+19
-183.921  9.19054e+18
-183.335  7.71061e+18
-182.748  1.72694e+19
-182.161  2.86502e+19
-181.575  1.65109e+19
-180.988  1.54261e+19
-180.401  1.1346e+19
-179.815  2.10217e+17
-179.228  1.30163e+19
-178.641  2.91624e+19
-178.055  3.40024e+19
-177.468  1.94484e+19
-176.881  5.27912e+18
-176.295  1.83494e+18
-175.708  1.01281e+19
-175.121  3.07661e+19
-174.535  4.01178e+19
-173.948  8.54572e+18
-173.361  1.76631e+18
-172.775  4.64339e+18
-172.188  5.25853e+18
-171.601  1.91422e+19
-171.015  3.18368e+19
-170.428  6.08778e+18
-169.841  2.74763e+18
-169.255  7.75601e+18
-168.668  1.1429e+19
-168.081  6.29998e+18
-167.495  1.48476e+19
-166.908  9.46854e+18
-166.321  1.48316e+18
-165.735  8.99676e+18
-165.148  7.27645e+18
-164.561  2.40501e+18
-163.975  1.81149e+19
-163.388  2.53299e+19
-162.801  6.30188e+18
-162.215  3.71574e+18
-161.628  1.10792e+18
-161.041  4.30638e+18
-160.455  2.23415e+19
-159.868  4.18135e+19
-159.281  9.93046e+18
-158.695  1.57293e+17
-158.108  3.80865e+17
-157.521  6.88299e+18
-156.935  3.83662e+19
-156.348  4.23408e+19
-155.761  1.82287e+19
-155.175  3.51535e+18
-154.588  3.80645e+18
-154.001  1.38296e+19
-153.415  2.31252e+19
-152.828  3.96854e+19
-152.241  2.90917e+19
-151.655  2.48972e+18
-151.068  1.28154e+19
-150.481  2.19526e+19
-149.895  1.37766e+19
-149.308  2.8614e+19
-148.721  1.79798e+19
-148.135  4.12699e+18
-147.548  9.42305e+18
-146.961  1.90289e+19
-146.375  6.22583e+18
-145.788  2.70212e+19
-145.201  8.54644e+18
-144.614  1.74962e+18
-144.028  4.18273e+18
-143.441  1.73662e+19
-142.854  3.16733e+18
-142.268  1.49223e+19
-141.681  8.27633e+18
-141.094  4.02652e+18
-140.508  1.28818e+18
-139.921  1.14716e+19
-139.334  4.926e+18
-138.748  1.83829e+19
-138.161  1.94979e+19
-137.574  1.38752e+19
-136.988  4.30433e+18
-136.401  1.32448e+19
-135.814  9.92353e+18
-135.228  1.73982e+19
-134.641  3.11151e+19
-134.054  1.97948e+19
-133.468  1.14217e+19
-132.881  2.61259e+19
-132.294  1.668e+19
-131.708  3.56679e+19
-131.121  2.02791e+19
-130.534  1.59183e+19
-129.948  2.19969e+19
-129.361  2.01347e+19
-128.774  3.30412e+19
-128.188  3.29754e+19
-127.601  1.3136e+19
-127.014  1.63098e+19
-126.428  7.71891e+18
-125.841  1.71245e+19
-125.254  4.81271e+19
-124.668  1.90841e+19
-124.081  4.7484e+18
-123.494  9.6081e+18
-122.908  1.60878e+18
-122.321  7.0936e+18
-121.734  3.46899e+19
-121.148  1.01653e+19
-120.561  1.21929e+19
-119.974  2.9357e+18
-119.388  1.14177e+18
-118.801  1.19889e+19
-118.214  1.75654e+19
-117.628  8.82261e+18
-117.041  1.45292e+19
-116.454  5.58989e+18
-115.868  2.49768e+18
-115.281  1.22088e+19
-114.694  2.43566e+19
-114.108  2.34983e+19
-113.521  2.39466e+19
-112.934  9.61981e+18
-112.348  4.31017e+18
-111.761  1.50551e+19
-111.174  4.06829e+19
-110.588  2.94926e+19
-110.001  3.20861e+19
-109.414  2.48022e+19
-108.828  3.24672e+18
-108.241  1.79171e+19
-107.654  4.72354e+19
-107.068  2.4423e+19
-106.481  5.51489e+19
-105.894  1.49922e+19
-105.308  2.99559e+18
-104.721  1.92216e+19
-104.134  1.77088e+19
-103.548  2.62802e+19
-102.961  5.34708e+19
-102.374  7.42871e+18
-101.788  2.79124e+18
-101.201  7.09469e+18
-100.614  7.91594e+18
-100.028  3.14168e+19
-99.4409  1.90235e+19
-98.8542  2.94515e+18
-98.2676  5.00447e+18
-97.6809  2.60065e+18
-97.0942  7.0774e+17
-96.5075  2.86352e+19
-95.9209  7.11423e+18
-95.3342  5.70815e+18
-94.7475  8.76613e+17
-94.1609  5.83893e+18
-93.5742  9.28508e+18
-92.9875  1.97117e+19
-92.4009  1.07435e+19
-91.8142  1.80012e+19
-91.2275  7.85416e+18
-90.6409  2.62608e+18
-90.0542  7.93061e+18
-89.4675  3.26416e+19
-88.8808  2.56645e+19
-88.2942  1.80997e+19
-87.7075  2.61534e+19
-87.1208  7.70427e+18
-86.5342  6.60524e+18
-85.9475  3.73986e+19
-85.3608  1.65099e+19
-84.7741  2.06081e+19
-84.1875  4.31249e+19
-83.6008  1.17554e+19
-83.0141  1.32237e+19
-82.4275  2.8636e+19
-81.8408  2.08131e+18
-81.2541  2.41677e+19
-80.6675  3.21359e+19
-80.0808  1.46101e+19
-79.4941  8.3872e+18
-78.9074  1.20455e+19
-78.3208  3.8135e+18
-77.7341  1.8092e+19
-77.1474  1.4747e+19
-76.5608  1.64155e+19
-75.9741  9.56538e+18
-75.3874  5.44935e+18
-74.8008  1.70071e+18
-74.2141  3.69826e+18
-73.6274  5.98204e+18
-73.0408  3.44019e+18
-72.4541  1.19933e+19
-71.8674  3.12235e+18
-71.2807  1.25925e+19
-70.6941  1.22683e+18
-70.1074  8.55226e+17
-69.5207  5.12182e+18
-68.9341  1.37824e+19
-68.3474  8.17902e+17
-67.7607  6.16823e+18
-67.174  1.05943e+19
-66.5874  5.147e+18
-66.0007  1.09536e+19
-65.414  3.43134e+19
-64.8274  8.59703e+17
-64.2407  1.83423e+19
-63.654  8.05023e+18
-63.0674  1.33124e+18
-62.4807  4.32883e+19
-61.894  3.03998e+19
-61.3073  4.29348e+18
-60.7207  4.0207e+19
-60.134  8.82085e+18
-59.5473  5.15093e+18
-58.9607  4.58973e+19
-58.374  5.45991e+19
-57.7873  5.54176e+18
-57.2007  1.13913e+19
-56.614  3.79838e+19
-56.0273  3.96249e+18
-55.4407  1.87616e+19
-54.854  5.22141e+19
-54.2673  6.38424e+18
-53.6806  1.0944e+19
-53.094  1.16692e+19
-52.5073  1.35849e+18
-51.9206  3.43709e+19
-51.334  8.50946e+18
-50.7473  1.01784e+18
-50.1606  1.54491e+19
-49.5739  3.36076e+17
-48.9873  6.48927e+17
-48.4006  1.52801e+19
-47.8139  1.18147e+18
-47.2273  1.3356e+19
-46.6406  5.16346e+17
-46.0539  2.62222e+18
-45.4673  2.67355e+19
-44.8806  2.079e+18
-44.2939  2.23313e+18
-43.7072  2.73573e+19
-43.1206  1.40371e+18
-42.5339  5.72661e+18
-41.9472  2.04875e+19
-41.3606  9.82902e+18
-40.7739  3.4814e+19
-40.1872  2.4856e+19
-39.6006  1.38266e+19
-39.0139  1.55098e+19
-38.4272  3.06145e+19
-37.8406  1.45404e+19
-37.2539  1.78252e+19
-36.6672  3.71809e+19
-36.0805  1.66863e+19
-35.4939  7.60995e+18
-34.9072  6.49909e+19
-34.3205  1.83334e+19
-33.7339  5.06354e+18
-33.1472  4.72158e+19
-32.5605  1.3129e+19
-31.9738  2.8324e+18
-31.3872  3.11497e+19
-30.8005  1.51846e+19
-30.2138  1.24465e+19
-29.6272  2.72312e+19
-29.0405  2.68073e+19
-28.4538  1.26633e+19
-27.8672  1.22649e+19
-27.2805  6.37491e+18
-26.6938  4.59517e+18
-26.1072  1.07786e+19
-25.5205  8.44226e+18
-24.9338  6.065e+18
-24.3471  2.34609e+19
-23.7605  1.79222e+19
-23.1738  8.08678e+18
-22.5871  1.64874e+19
-22.0005  5.92121e+18
-21.4138  1.18597e+19
-20.8271  5.69927e+18
-20.2404  2.3715e+19
-19.6538  4.08228e+19
-19.0671  1.26577e+19
-18.4804  2.79164e+19
-17.8938  5.66872e+19
-17.3071  5.0436e+18
-16.7204  1.22946e+19
-16.1338  4.89841e+19
-15.5471  2.7495e+19
-14.9604  5.9653e+19
-14.3737  8.71463e+19
-13.7871  4.70715e+19
-13.2004  8.87031e+19
-12.6137  4.3394e+19
-12.0271  3.72644e+19
-11.4404  9.89785e+19
-10.8537  2.22007e+19
-10.2671  1.62362e+20
-9.68039  2.73881e+20
-9.09372  3.06957e+20
-8.50705  4.08994e+20
-7.92038  3.5312e+20
-7.33371  6.17264e+20
-6.74704  5.56296e+20
-6.16037  7.05575e+20
-5.5737  1.93699e+21
-4.98703  2.43102e+21
-4.40036  4.01425e+21
-3.81369  7.30243e+21
-3.22702  9.2265e+21
-2.64035  1.21325e+22
-2.05368  1.62445e+22
-1.46701  1.83806e+22
-0.88034  2.02224e+22
-0.29367  2.22141e+22
0.293  2.22169e+22
0.87967  2.02185e+22
1.46634  1.83694e+22
2.05301  1.62358e+22
2.63968  1.21212e+22
3.22635  9.21075e+21
3.81302  7.29188e+21
4.39969  4.00498e+21
4.98636  2.42196e+21
5.57303  1.92946e+21
6.1597  7.00355e+20
6.74637  5.52601e+20
7.33304  6.14649e+20
7.91971  3.51042e+20
8.50638  4.08459e+20
9.09305  3.0683e+20
9.67972  2.72326e+20
10.2664  1.62076e+20
10.8531  2.2472e+19
11.4397  9.79849e+19
12.0264  3.66292e+19
12.6131  4.34365e+19
13.1997  8.84626e+19
13.7864  4.67583e+19
14.3731  8.67118e+19
14.9597  6.00149e+19
15.5464  2.72334e+19
16.1331  4.85119e+19
16.7198  1.24001e+19
17.3064  5.02249e+18
17.8931  5.63451e+19
18.4798  2.77352e+19
19.0664  1.27297e+19
19.6531  4.08705e+19
20.2398  2.33812e+19
20.8265  5.67907e+18
21.4131  1.19559e+19
21.9998  5.826e+18
22.5865  1.63249e+19
23.1731  8.07576e+18
23.7598  1.7914e+19
24.3465  2.33565e+19
24.9331  5.99654e+18
25.5198  8.44579e+18
26.1065  1.08306e+19
26.6931  4.47162e+18
27.2798  6.33769e+18
27.8665  1.23271e+19
28.4532  1.26981e+19
29.0398  2.66583e+19
29.6265  2.7242e+19
30.2132  1.24769e+19
30.7998  1.52647e+19
31.3865  3.08942e+19
31.9732  2.9002e+18
32.5599  1.32908e+19
33.1465  4.70653e+19
33.7332  5.00514e+18
34.3199  1.8415e+19
34.9065  6.49062e+19
35.4932  7.49151e+18
36.0799  1.67349e+19
36.6665  3.72903e+19
37.2532  1.76642e+19
37.8399  1.44063e+19
38.4265  3.06564e+19
39.0132  1.5489e+19
39.5999  1.37931e+19
40.1866  2.47673e+19
40.7732  3.48363e+19
41.3599  9.79374e+18
41.9466  2.03454e+19
42.5332  5.7468e+18
43.1199  1.45023e+18
43.7066  2.72481e+19
44.2933  2.25592e+18
44.8799  2.08726e+18
45.4666  2.6692e+19
46.0533  2.57761e+18
46.6399  5.15626e+17
47.2266  1.3376e+19
47.8133  1.21267e+18
48.3999  1.51675e+19
48.9866  6.49625e+17
49.5733  3.56754e+17
50.1599  1.54652e+19
50.7466  1.06238e+18
51.3333  8.49786e+18
51.92  3.42532e+19
52.5066  1.39706e+18
53.0933  1.16928e+19
53.68  1.0951e+19
54.2666  6.49292e+18
54.8533  5.21244e+19
55.44  1.87271e+19
56.0266  3.99715e+18
56.6133  3.80637e+19
57.2  1.13673e+19
57.7867  5.58643e+18
58.3733  5.4629e+19
58.96  4.5833e+19
59.5467  5.19283e+18
60.1333  8.83751e+18
60.72  4.00354e+19
61.3067  4.35369e+18
61.8933  3.04067e+19
62.48  4.32076e+19
63.0667  1.38326e+18
63.6534  8.00562e+18
64.24  1.8214e+19
64.8267  8.59164e+17
65.4134  3.42915e+19
66  1.09374e+19
66.5867  5.14969e+18
67.1734  1.05365e+19
67.7601  6.10956e+18
68.3467  8.02594e+17
68.9334  1.36991e+19
69.5201  5.17349e+18
70.1067  8.80552e+17
70.6934  1.20831e+18
71.2801  1.24834e+19
71.8667  3.13098e+18
72.4534  1.19726e+19
73.0401  3.49949e+18
73.6268  5.92252e+18
74.2134  3.70346e+18
74.8001  1.66077e+18
75.3868  5.4141e+18
75.9734  9.56087e+18
76.5601  1.65444e+19
77.1468  1.47096e+19
77.7334  1.80078e+19
78.3201  3.85235e+18
78.9068  1.20153e+19
79.4934  8.34103e+18
80.0801  1.46352e+19
80.6668  3.22216e+19
81.2535  2.40969e+19
81.8401  2.12857e+18
82.4268  2.85183e+19
83.0135  1.32056e+19
83.6001  1.17759e+19
84.1868  4.30746e+19
84.7735  2.06296e+19
85.3602  1.66898e+19
85.9468  3.71504e+19
86.5335  6.57123e+18
87.1202  7.73369e+18
87.7068  2.6146e+19
88.2935  1.79994e+19
88.8802  2.57903e+19
89.4668  3.25176e+19
90.0535  7.8747e+18
90.6402  2.59709e+18
91.2268  7.84857e+18
91.8135  1.79883e+19
92.4002  1.07802e+19
92.9869  1.95921e+19
93.5735  9.30876e+18
94.1602  5.75434e+18
94.7469  8.65973e+17
95.3335  5.7429e+18
95.9202  7.12072e+18
96.5069  2.85404e+19
97.0935  7.10197e+17
97.6802  2.54953e+18
98.2669  5.03573e+18
98.8536  3.0156e+18
99.4402  1.89901e+19
100.027  3.1333e+19
100.614  7.94329e+18
101.2  7.04158e+18
101.787  2.82731e+18
102.374  7.51223e+18
102.96  5.33953e+19
103.547  2.62762e+19
104.134  1.77353e+19
104.72  1.91165e+19
105.307  3.07412e+18
105.894  1.50797e+19
106.48  5.49233e+19
107.067  2.44853e+19
107.654  4.72953e+19
108.24  1.78074e+19
108.827  3.26763e+18
109.414  2.49062e+19
110  3.19009e+19
110.587  2.95029e+19
111.174  4.06125e+19
111.76  1.50751e+19
112.347  4.31558e+18
112.934  9.64475e+18
113.52  2.37146e+19
114.107  2.35751e+19
114.694  2.42133e+19
115.28  1.22182e+19
115.867  2.51401e+18
116.454  5.6106e+18
117.04  1.43118e+19
117.627  8.85123e+18
118.214  1.74495e+19
118.8  1.20268e+19
119.387  1.10333e+18
119.974  2.91216e+18
120.56  1.20793e+19
121.147  1.0144e+19
121.734  3.44997e+19
122.32  7.13966e+18
122.907  1.63078e+18
123.494  9.54676e+18
124.08  4.75347e+18
124.667  1.89698e+19
125.254  4.78869e+19
125.84  1.72227e+19
126.427  7.78855e+18
127.014  1.6215e+19
127.6  1.32029e+19
128.187  3.2771e+19
128.774  3.28815e+19
129.36  2.03177e+19
129.947  2.20768e+19
130.534  1.58911e+19
131.12  2.02935e+19
131.707  3.5389e+19
132.294  1.66225e+19
132.88  2.62832e+19
133.467  1.13944e+19
134.054  1.97153e+19
134.64  3.11225e+19
135.227  1.71959e+19
135.814  9.85143e+18
136.4  1.32872e+19
136.987  4.31619e+18
137.574  1.37708e+19
138.16  1.95993e+19
138.747  1.82039e+19
139.334  4.93104e+18
139.92  1.1279e+19
140.507  1.29093e+18
141.094  4.02412e+18
141.68  8.33566e+18
142.267  1.46814e+19
142.854  3.18251e+18
143.44  1.71768e+19
144.027  4.19789e+18
144.614  1.79041e+18
145.2  8.60318e+18
145.787  2.67211e+19
146.374  6.19802e+18
146.96  1.88035e+19
147.547  9.42644e+18
148.134  4.20359e+18
148.721  1.79373e+19
149.307  2.83989e+19
149.894  1.37227e+19
150.481  2.16835e+19
151.067  1.28364e+19
151.654  2.5831e+18
152.241  2.89923e+19
152.827  3.95638e+19
153.414  2.30298e+19
154.001  1.35882e+19
154.587  3.85623e+18
155.174  3.61184e+18
155.761  1.81804e+19
156.347  4.21792e+19
156.934  3.82932e+19
157.521  6.72784e+18
158.107  3.97184e+17
158.694  1.51819e+17
159.281  9.83847e+18
159.867  4.16036e+19
160.454  2.22618e+19
161.041  4.1962e+18
161.627  1.06595e+18
162.214  3.6645e+18
162.801  6.1457e+18
163.387  2.52979e+19
163.974  1.79907e+19
164.561  2.34983e+18
165.147  7.13103e+18
165.734  8.91125e+18
166.321  1.41792e+18
166.907  9.57143e+18
167.494  1.46635e+19
168.081  6.24309e+18
168.667  1.12088e+19
169.254  7.72372e+18
169.841  2.79637e+18
170.427  6.16915e+18
171.014  3.14757e+19
171.601  1.90435e+19
172.187  5.15171e+18
172.774  4.60488e+18
173.361  1.75803e+18
173.947  8.57855e+18
174.534  3.96648e+19
175.121  3.06732e+19
175.707  1.00215e+19
176.294  1.81819e+18
176.881  5.1072e+18
177.467  1.94075e+19
178.054  3.36588e+19
178.641  2.91033e+19
179.227  1.29023e+19
179.814  2.15891e+17
180.401  1.11419e+19
180.987  1.53723e+19
181.574  1.62087e+19
182.161  2.86491e+19
182.747  1.69902e+19
183.334  7.68322e+18
183.921  9.07914e+18
184.507  1.58347e+19
185.094  1.26231e+19
185.681  1.46416e+19
186.267  8.89359e+18
186.854  3.44981e+18
187.441  1.09396e+19
188.027  2.28229e+19
188.614  1.42578e+19
189.201  1.18294e+19
189.787  5.96183e+18
190.374  3.69613e+18
190.961  1.49103e+19
191.547  1.35011e+19
192.134  4.89783e+18
192.721  1.11046e+19
193.307  9.3697e+18
193.894  1.61615e+19
194.481  1.58788e+19
195.067  7.08898e+18
195.654  6.63019e+17
196.241  9.05248e+18
196.827  3.33526e+19
197.414  1.18368e+19
198.001  1.15827e+18
198.587  1.27499e+19
199.174  2.14942e+18
199.761  1.09829e+19
200.347  5.35802e+19
200.934  7.52261e+18
201.521  4.78526e+18
202.107  1.45686e+19
202.694  3.09797e+19
203.281  5.96872e+18
203.867  3.38927e+19
204.454  6.52589e+18
205.041  1.64489e+19
205.627  7.85338e+18
206.214  9.01693e+19
206.801  1.17189e+18
207.388  1.04499e+19
207.974  2.09269e+19
208.561  1.78332e+19
209.148  8.27912e+17
209.734  9.00111e+19
210.321  1.4817e+18
210.908  1.28034e+19
211.494  2.79106e+19
212.081  2.97991e+19
212.668  5.15553e+18
213.254  4.67532e+19
213.841  8.51697e+18
214.428  5.37099e+18
215.014  1.33131e+19
215.601  4.52834e+19
216.188  5.1059e+18
216.774  9.32145e+18
217.361  2.12186e+19
217.948  1.25582e+19
218.534  1.24845e+18
219.121  2.61972e+19
219.708  5.99807e+17
220.294  4.83403e+17
220.881  5.801e+18
221.468  1.69368e+19
222.054  4.20515e+18
222.641  1.20795e+19
223.228  3.67614e+18
223.814  6.06656e+18
224.401  2.25202e+18
224.988  1.60694e+19
225.574  6.02823e+17
226.161  1.56733e+18
226.748  3.42485e+18
227.334  5.62728e+18
227.921  1.01184e+19
228.508  2.12874e+19
229.094  6.55051e+18
229.681  4.71025e+18
230.268  2.15083e+18
230.854  5.21988e+17
231.441  6.88239e+18
232.028  1.67152e+19
232.614  6.99476e+18
233.201  7.10562e+18
233.788  1.04492e+19
234.374  5.31868e+18
