#S 1 spectral density
#N 2
#UFWHM 5.28003
#L  abscissas [um]  spectral density
-234.375  1.56568e+19
-233.788  9.07736e+18
-233.202  4.05084e+18
-232.615  8.52874e+17
-232.028  2.34341e+19
-231.442  9.59045e+18
-230.855  4.27882e+18
-230.268  9.51274e+17
-229.682  7.85566e+18
-229.095  1.3566e+18
-228.508  3.08123e+19
-227.922  1.08884e+19
-227.335  1.75264e+18
-226.748  1.16987e+19
-226.162  1.31578e+19
-225.575  1.93886e+18
-224.988  2.1908e+19
-224.402  2.1408e+18
-223.815  3.15101e+17
-223.228  2.02002e+19
-222.642  3.78066e+19
-222.055  1.32507e+19
-221.468  1.66152e+19
-220.882  9.2808e+18
-220.295  8.4803e+18
-219.708  4.35905e+18
-219.122  7.21761e+19
-218.535  6.10239e+18
-217.948  3.06869e+18
-217.362  2.11502e+19
-216.775  3.16209e+19
-216.188  1.58038e+18
-215.602  9.7561e+19
-215.015  4.60061e+18
-214.428  4.56181e+18
-213.842  9.69952e+18
-213.255  7.13246e+19
-212.668  6.2197e+18
-212.082  6.61804e+19
-211.495  1.99899e+19
-210.908  1.80848e+19
-210.322  9.20678e+17
-209.735  1.07811e+20
-209.148  7.56859e+18
-208.562  1.75521e+19
-207.975  1.46008e+19
-207.388  1.78783e+19
-206.802  3.99486e+18
-206.215  8.75958e+19
-205.628  1.9681e+19
-205.041  5.86855e+17
-204.455  3.92937e+18
-203.868  3.86786e+19
-203.281  1.20739e+19
-202.695  2.69429e+19
-202.108  1.97522e+19
-201.521  2.86063e+18
-200.935  5.87441e+18
-200.348  5.48167e+19
-199.761  1.57204e+19
-199.175  2.73493e+18
-198.588  1.50095e+19
-198.001  1.58382e+19
-197.415  1.53693e+19
-196.828  2.94544e+19
-196.241  3.09594e+18
-195.655  9.51098e+18
-195.068  2.51652e+19
-194.481  4.32481e+19
-193.895  1.83195e+19
-193.308  7.58933e+18
-192.721  9.0321e+17
-192.135  1.66232e+19
-191.548  5.20048e+19
-190.961  3.75827e+19
-190.375  5.026e+18
-189.788  4.24748e+18
-189.201  1.64141e+18
-188.615  2.20852e+19
-188.028  7.37061e+19
-187.441  2.7778e+19
-186.855  3.06956e+18
-186.268  3.68713e+18
-185.681  1.61689e+19
-185.095  1.09601e+19
-184.508  5.01041e+19
-183.921  2.92061e+19
-183.335  6.3207e+18
-182.748  8.86284e+18
-182.161  3.24488e+19
-181.575  8.09449e+18
-180.988  2.92329e+19
-180.401  2.71579e+19
-179.815  2.10584e+18
-179.228  6.81987e+18
-178.641  2.64713e+19
-178.055  1.01405e+19
-177.468  1.68961e+19
-176.881  2.18822e+19
-176.295  8.92354e+18
-175.708  4.69113e+18
-175.121  1.46433e+19
-174.535  1.46411e+19
-173.948  1.27888e+19
-173.361  1.04398e+19
-172.775  1.70906e+19
-172.188  1.25284e+18
-171.601  8.97151e+18
-171.015  1.04804e+19
-170.428  1.57765e+19
-169.841  1.45999e+19
-169.255  3.8516e+19
-168.668  5.7623e+18
-168.081  2.14587e+18
-167.495  1.20316e+19
-166.908  2.02849e+19
-166.321  2.01423e+19
-165.735  4.01427e+19
-165.148  6.3791e+18
-164.561  1.22318e+18
-163.975  2.95636e+19
-163.388  3.5891e+19
-162.801  3.07912e+19
-162.215  1.99269e+19
-161.628  3.82403e+18
-161.041  3.70466e+18
-160.455  3.6639e+19
-159.868  4.72759e+19
-159.281  1.72486e+19
-158.695  1.06129e+19
-158.108  2.76864e+18
-157.521  2.22037e+17
-156.935  4.68811e+19
-156.348  4.58588e+19
-155.761  9.04348e+18
-155.175  5.51723e+18
-154.588  2.0801e+18
-154.001  5.81144e+17
-153.415  2.20362e+19
-152.828  3.56951e+19
-152.241  8.62048e+18
-151.655  6.05542e+18
-151.068  1.24031e+19
-150.481  8.67096e+17
-149.895  1.01462e+19
-149.308  2.05654e+19
-148.721  1.43441e+19
-148.135  2.5954e+18
-147.548  8.10988e+18
-146.961  3.924e+18
-146.375  1.96431e+18
-145.788  2.55842e+19
-145.201  3.03577e+19
-144.614  5.63811e+18
-144.028  7.90197e+18
-143.441  6.4171e+18
-142.854  5.52892e+18
-142.268  3.74278e+19
-141.681  3.54545e+19
-141.094  1.38244e+19
-140.508  1.15395e+19
-139.921  3.62123e+18
-139.334  8.03565e+18
-138.748  5.22527e+19
-138.161  4.30004e+19
-137.574  3.09603e+19
-136.988  4.04955e+18
-136.401  3.50271e+18
-135.814  9.47277e+18
-135.228  3.06344e+19
-134.641  4.91929e+19
-134.054  2.99713e+19
-133.468  3.89779e+18
-132.881  5.2917e+18
-132.294  1.66769e+18
-131.708  2.79175e+19
-131.121  3.60329e+19
-130.534  1.13016e+19
-129.948  5.55166e+18
-129.361  2.53996e+18
-128.774  1.37724e+18
-128.188  1.3083e+19
-127.601  2.02199e+19
-127.014  8.98588e+18
-126.428  8.77772e+18
-125.841  2.73463e+18
-125.254  3.33635e+18
-124.668  8.68126e+18
-124.081  1.02055e+19
-123.494  1.60793e+19
-122.908  1.12796e+19
-122.321  1.73022e+18
-121.734  1.4434e+18
-121.148  3.85069e+18
-120.561  2.03693e+19
-119.974  3.96439e+19
-119.388  1.34586e+19
-118.801  1.13923e+19
-118.214  5.40602e+18
-117.628  7.6884e+18
-117.041  2.86422e+19
-116.454  3.20604e+19
-115.868  2.42636e+19
-115.281  2.33579e+19
-114.694  6.05329e+18
-114.108  2.28602e+19
-113.521  3.68649e+19
-112.934  1.51122e+19
-112.348  2.3612e+19
-111.761  1.64185e+19
-111.174  1.99643e+19
-110.588  1.78225e+19
-110.001  1.85728e+19
-109.414  1.42785e+19
-108.828  1.8232e+19
-108.241  5.8959e+18
-107.654  2.31493e+19
-107.068  9.34621e+18
-106.481  1.90367e+19
-105.894  4.71693e+18
-105.308  4.48271e+18
-104.721  5.69495e+18
-104.134  7.60991e+18
-103.548  3.11193e+18
-102.961  1.73687e+19
-102.374  3.43265e+18
-101.788  8.65888e+18
-101.201  7.09841e+18
-100.614  6.1987e+17
-100.028  1.19588e+19
-99.4409  8.14309e+18
-98.8542  2.08825e+18
-98.2676  8.13474e+18
-97.6809  1.64813e+19
-97.0942  4.22995e+18
-96.5075  2.24998e+19
-95.9209  1.06525e+19
-95.3342  1.02995e+19
-94.7475  1.6344e+19
-94.1609  5.08088e+18
-93.5742  2.2543e+19
-92.9875  2.90334e+19
-92.4009  1.46864e+19
-91.8142  2.12359e+19
-91.2275  8.37039e+18
-90.6409  2.05561e+18
-90.0542  2.12224e+19
-89.4675  2.60041e+19
-88.8808  3.89217e+19
-88.2942  1.40949e+19
-87.7075  5.71963e+18
-87.1208  1.07418e+18
-86.5342  9.937e+18
-85.9475  2.47204e+19
-85.3608  2.13101e+19
-84.7741  1.1203e+19
-84.1875  1.2773e+19
-83.6008  4.21208e+18
-83.0141  2.02359e+18
-82.4275  2.52383e+19
-81.8408  3.64533e+18
-81.2541  8.70118e+18
-80.6675  8.36371e+18
-80.0808  7.38853e+18
-79.4941  2.60713e+17
-78.9074  6.32397e+18
-78.3208  1.90841e+18
-77.7341  2.16802e+19
-77.1474  1.7263e+18
-76.5608  9.02716e+18
-75.9741  3.44189e+18
-75.3874  2.06503e+18
-74.8008  7.74268e+18
-74.2141  1.19941e+19
-73.6274  2.48526e+18
-73.0408  5.86729e+17
-72.4541  1.86926e+18
-71.8674  6.18898e+18
-71.2807  3.32353e+19
-70.6941  9.79374e+18
-70.1074  7.74089e+18
-69.5207  2.99277e+18
-68.9341  5.55135e+18
-68.3474  1.07131e+19
-67.7607  2.15474e+19
-67.174  2.13179e+19
-66.5874  2.1385e+19
-66.0007  5.60251e+18
-65.414  2.63723e+19
-64.8274  1.44675e+19
-64.2407  2.50496e+19
-63.654  1.51987e+19
-63.0674  6.83672e+18
-62.4807  3.58017e+19
-61.894  1.32751e+19
-61.3073  1.3433e+18
-60.7207  3.72583e+19
-60.134  6.81971e+18
-59.5473  2.31377e+18
-58.9607  2.58482e+19
-58.374  2.45608e+19
-57.7873  3.8621e+18
-57.2007  8.9539e+18
-56.614  9.40186e+18
-56.0273  2.2675e+18
-55.4407  9.03551e+18
-54.854  2.45016e+19
-54.2673  3.26748e+18
-53.6806  9.26349e+18
-53.094  1.7582e+18
-52.5073  9.3144e+18
-51.9206  1.49631e+19
-51.334  7.80132e+18
-50.7473  1.18884e+19
-50.1606  5.71777e+18
-49.5739  5.17919e+18
-48.9873  1.12371e+19
-48.4006  1.29853e+19
-47.8139  4.50722e+18
-47.2273  6.16828e+18
-46.6406  2.99019e+19
-46.0539  3.57564e+18
-45.4673  1.41024e+19
-44.8806  2.35365e+19
-44.2939  5.67529e+18
-43.7072  1.6628e+19
-43.1206  1.31218e+19
-42.5339  7.08947e+18
-41.9472  1.88641e+19
-41.3606  1.85731e+18
-40.7739  4.00832e+19
-40.1872  2.56338e+19
-39.6006  2.92501e+18
-39.0139  1.71874e+19
-38.4272  1.67468e+19
-37.8406  5.70778e+18
-37.2539  1.44617e+19
-36.6672  1.49615e+19
-36.0805  7.74268e+18
-35.4939  1.62633e+19
-34.9072  3.08212e+19
-34.3205  1.61838e+19
-33.7339  1.1414e+19
-33.1472  1.84184e+19
-32.5605  3.98876e+18
-31.9738  1.81481e+18
-31.3872  2.01951e+19
-30.8005  6.3211e+18
-30.2138  1.04501e+18
-29.6272  3.95513e+19
-29.0405  3.21019e+19
-28.4538  1.53322e+18
-27.8672  2.14042e+19
-27.2805  4.93536e+18
-26.6938  1.75138e+19
-26.1072  6.76771e+17
-25.5205  8.2739e+18
-24.9338  3.68167e+19
-24.3471  2.27208e+18
-23.7605  2.0293e+19
-23.1738  5.14945e+19
-22.5871  7.06395e+17
-22.0005  3.59578e+18
-21.4138  1.20538e+18
-20.8271  3.21268e+19
-20.2404  2.77651e+19
-19.6538  4.15029e+18
-19.0671  4.83103e+19
-18.4804  4.19832e+19
-17.8938  2.03893e+19
-17.3071  3.8451e+19
-16.7204  1.28427e+19
-16.1338  4.51224e+19
-15.5471  2.05724e+19
-14.9604  4.46412e+19
-14.3737  1.24087e+20
-13.7871  5.01048e+19
-13.2004  6.7535e+19
-12.6137  7.74266e+19
-12.0271  3.33417e+19
-11.4404  7.8386e+19
-10.8537  5.89961e+18
-10.2671  1.33535e+20
-9.68039  3.44263e+20
-9.09372  2.59383e+20
-8.50705  3.73102e+20
-7.92038  5.06457e+20
-7.33371  4.97297e+20
-6.74704  5.03655e+20
-6.16037  8.32953e+20
-5.5737  1.58491e+21
-4.98703  2.23429e+21
-4.40036  3.90341e+21
-3.81369  6.75743e+21
-3.22702  9.06976e+21
-2.64035  1.20528e+22
-2.05368  1.59227e+22
-1.46701  1.84261e+22
-0.88034  2.038e+22
-0.29367  2.23187e+22
0.293  2.23174e+22
0.87967  2.03755e+22
1.46634  1.842e+22
2.05301  1.59124e+22
2.63968  1.204e+22
3.22635  9.05909e+21
3.81302  6.74621e+21
4.39969  3.89278e+21
4.98636  2.22778e+21
5.57303  1.577e+21
6.1597  8.26666e+20
6.74637  5.00864e+20
7.33304  4.94537e+20
7.91971  5.04058e+20
8.50638  3.72663e+20
9.09305  2.58909e+20
9.67972  3.42992e+20
10.2664  1.3307e+20
10.8531  5.87111e+18
11.4397  7.77521e+19
12.0264  3.25816e+19
12.6131  7.72998e+19
13.1997  6.74919e+19
13.7864  4.97416e+19
14.3731  1.23741e+20
14.9597  4.50527e+19
15.5464  2.03063e+19
16.1331  4.48475e+19
16.7198  1.29254e+19
17.3064  3.84662e+19
17.8931  2.01904e+19
18.4798  4.17776e+19
19.0664  4.85054e+19
19.6531  4.17947e+18
20.2398  2.75376e+19
20.8265  3.22313e+19
21.4131  1.18867e+18
21.9998  3.58046e+18
22.5865  6.67612e+17
23.1731  5.1389e+19
23.7598  2.03264e+19
24.3465  2.23003e+18
24.9331  3.66805e+19
25.5198  8.23077e+18
26.1065  7.06277e+17
26.6931  1.74325e+19
27.2798  4.81837e+18
27.8665  2.14068e+19
28.4532  1.55825e+18
29.0398  3.17895e+19
29.6265  3.9532e+19
30.2132  1.07146e+18
30.7998  6.27244e+18
31.3865  1.99658e+19
31.9732  1.79401e+18
32.5599  4.00349e+18
33.1465  1.83131e+19
33.7332  1.13239e+19
34.3199  1.62651e+19
34.9065  3.07369e+19
35.4932  1.60951e+19
36.0799  7.79119e+18
36.6665  1.50645e+19
37.2532  1.43936e+19
37.8399  5.62889e+18
38.4265  1.67867e+19
39.0132  1.72585e+19
39.5999  2.87751e+18
40.1866  2.55473e+19
40.7732  4.03064e+19
41.3599  1.86281e+18
41.9466  1.87566e+19
42.5332  7.18513e+18
43.1199  1.32181e+19
43.7066  1.6537e+19
44.2933  5.79321e+18
44.8799  2.36443e+19
45.4666  1.4144e+19
46.0533  3.50862e+18
46.6399  2.99092e+19
47.2266  6.17844e+18
47.8133  4.59235e+18
48.3999  1.29106e+19
48.9866  1.1217e+19
49.5733  5.21986e+18
50.1599  5.67206e+18
50.7466  1.17254e+19
51.3333  7.86064e+18
51.92  1.49546e+19
52.5066  9.1897e+18
53.0933  1.74056e+18
53.68  9.236e+18
54.2666  3.24683e+18
54.8533  2.43359e+19
55.44  9.06934e+18
56.0266  2.30752e+18
56.6133  9.3961e+18
57.2  8.82286e+18
57.7867  3.91831e+18
58.3733  2.45863e+19
58.96  2.58607e+19
59.5467  2.35443e+18
60.1333  6.9129e+18
60.72  3.70947e+19
61.3067  1.38219e+18
61.8933  1.32904e+19
62.48  3.58584e+19
63.0667  7.00252e+18
63.6534  1.5163e+19
64.24  2.49846e+19
64.8267  1.45378e+19
65.4134  2.63344e+19
66  5.65577e+18
66.5867  2.15891e+19
67.1734  2.13079e+19
67.7601  2.15195e+19
68.3467  1.0735e+19
68.9334  5.55159e+18
69.5201  3.04244e+18
70.1067  7.86552e+18
70.6934  9.82628e+18
71.2801  3.31962e+19
71.8667  6.21691e+18
72.4534  1.87521e+18
73.0401  5.78173e+17
73.6268  2.527e+18
74.2134  1.19595e+19
74.8001  7.71821e+18
75.3868  2.10458e+18
75.9734  3.40164e+18
76.5601  9.01943e+18
77.1468  1.68729e+18
77.7334  2.15927e+19
78.3201  1.95793e+18
78.9068  6.3214e+18
79.4934  2.52067e+17
80.0801  7.26823e+18
80.6668  8.38595e+18
81.2535  8.68956e+18
81.8401  3.71818e+18
82.4268  2.52183e+19
83.0135  2.02942e+18
83.6001  4.11641e+18
84.1868  1.27352e+19
84.7735  1.12782e+19
85.3602  2.15075e+19
85.9468  2.45765e+19
86.5335  9.93729e+18
87.1202  1.11432e+18
87.7068  5.70939e+18
88.2935  1.40134e+19
88.8802  3.91228e+19
89.4668  2.59256e+19
90.0535  2.12203e+19
90.6402  2.10947e+18
91.2268  8.37855e+18
91.8135  2.12427e+19
92.4002  1.47809e+19
92.9869  2.8921e+19
93.5735  2.27246e+19
94.1602  5.15659e+18
94.7469  1.62655e+19
95.3335  1.03446e+19
95.9202  1.07044e+19
96.5069  2.23728e+19
97.0935  4.29552e+18
97.6802  1.66235e+19
98.2669  8.0466e+18
98.8536  2.04504e+18
99.4402  8.06886e+18
100.027  1.19384e+19
100.614  6.54613e+17
101.2  7.16472e+18
101.787  8.57206e+18
102.374  3.46659e+18
102.96  1.71942e+19
103.547  3.1258e+18
104.134  7.68289e+18
104.72  5.75174e+18
105.307  4.38117e+18
105.894  4.74543e+18
106.48  1.88819e+19
107.067  9.40719e+18
107.654  2.32288e+19
108.24  5.91274e+18
108.827  1.82203e+19
109.414  1.43384e+19
110  1.84081e+19
110.587  1.78344e+19
111.174  2.00528e+19
111.76  1.64388e+19
112.347  2.36479e+19
112.934  1.51808e+19
113.52  3.66238e+19
114.107  2.28877e+19
114.694  6.07454e+18
115.28  2.33618e+19
115.867  2.43143e+19
116.454  3.20964e+19
117.04  2.83819e+19
117.627  7.7869e+18
118.214  5.41894e+18
118.8  1.14152e+19
119.387  1.34812e+19
119.974  3.96339e+19
120.56  2.02088e+19
121.147  3.9223e+18
121.734  1.41805e+18
122.32  1.71349e+18
122.907  1.13444e+19
123.494  1.60113e+19
124.08  1.01536e+19
124.667  8.75865e+18
125.254  3.28853e+18
125.84  2.6782e+18
126.427  8.87707e+18
127.014  8.89755e+18
127.6  2.02792e+19
128.187  1.29953e+19
128.774  1.35861e+18
129.36  2.61108e+18
129.947  5.63686e+18
130.534  1.11897e+19
131.12  3.61501e+19
131.707  2.78053e+19
132.294  1.65017e+18
132.88  5.37872e+18
133.467  3.94455e+18
134.054  2.98449e+19
134.64  4.93046e+19
135.227  3.05556e+19
135.814  9.41028e+18
136.4  3.6078e+18
136.987  4.05137e+18
137.574  3.07755e+19
138.16  4.32301e+19
138.747  5.21602e+19
139.334  7.99842e+18
139.92  3.64945e+18
140.507  1.15042e+19
141.094  1.36853e+19
141.68  3.55669e+19
142.267  3.71734e+19
142.854  5.55738e+18
143.44  6.4496e+18
144.027  7.87341e+18
144.614  5.51991e+18
145.2  3.04228e+19
145.787  2.53029e+19
146.374  2.01226e+18
146.96  3.99395e+18
147.547  8.07258e+18
148.134  2.50876e+18
148.721  1.43109e+19
149.307  2.04082e+19
149.894  1.02471e+19
150.481  8.33981e+17
151.067  1.23246e+19
151.654  6.03575e+18
152.241  8.52618e+18
152.827  3.55985e+19
153.414  2.20293e+19
154.001  5.52228e+17
154.587  2.02307e+18
155.174  5.54096e+18
155.761  8.90481e+18
156.347  4.57521e+19
156.934  4.68462e+19
157.521  2.16643e+17
158.107  2.75344e+18
158.694  1.0697e+19
159.281  1.70318e+19
159.867  4.70954e+19
160.454  3.6654e+19
161.041  3.70948e+18
161.627  3.84704e+18
162.214  1.99841e+19
162.801  3.04329e+19
163.387  3.58307e+19
163.974  2.95712e+19
164.561  1.19334e+18
165.147  6.32436e+18
165.734  4.01653e+19
166.321  1.98594e+19
166.907  2.025e+19
167.494  1.19592e+19
168.081  2.1349e+18
168.667  5.62046e+18
169.254  3.85573e+19
169.841  1.44052e+19
170.427  1.57598e+19
171.014  1.02547e+19
171.601  8.93124e+18
172.187  1.19505e+18
172.774  1.71343e+19
173.361  1.02058e+19
173.947  1.27624e+19
174.534  1.4353e+19
175.121  1.46062e+19
175.707  4.61935e+18
176.294  8.93178e+18
176.881  2.15574e+19
177.467  1.68115e+19
178.054  9.93769e+18
178.641  2.64426e+19
179.227  6.71698e+18
179.814  2.08241e+18
180.401  2.69371e+19
180.987  2.91372e+19
181.574  7.89062e+18
182.161  3.24398e+19
182.747  8.61865e+18
183.334  6.27841e+18
183.921  2.91469e+19
184.507  4.99979e+19
185.094  1.06766e+19
185.681  1.61361e+19
186.267  3.5515e+18
186.854  3.02764e+18
187.441  2.77424e+19
188.027  7.36162e+19
188.614  2.16989e+19
189.201  1.6139e+18
189.787  4.18292e+18
190.374  4.92318e+18
190.961  3.75094e+19
191.547  5.18134e+19
192.134  1.6364e+19
192.721  8.62318e+17
193.307  7.55018e+18
193.894  1.82382e+19
194.481  4.31021e+19
195.067  2.49673e+19
195.654  9.36492e+18
196.241  3.01649e+18
196.827  2.94231e+19
197.414  1.52798e+19
198.001  1.5794e+19
198.587  1.4756e+19
199.174  2.68426e+18
199.761  1.56901e+19
200.347  5.47057e+19
200.934  5.84838e+18
201.521  2.83843e+18
202.107  1.94324e+19
202.694  2.6892e+19
203.281  1.21013e+19
203.867  3.85266e+19
204.454  3.79266e+18
205.041  6.00481e+17
205.627  1.94517e+19
206.214  8.74999e+19
206.801  4.11071e+18
207.388  1.77836e+19
207.974  1.42623e+19
208.561  1.7533e+19
209.148  7.51402e+18
209.734  1.07546e+20
210.321  9.01466e+17
210.908  1.78785e+19
211.494  1.94608e+19
212.081  6.58444e+19
212.668  6.30723e+18
213.254  7.10322e+19
213.841  9.42436e+18
214.428  4.49113e+18
215.014  4.41613e+18
215.601  9.70899e+19
216.188  1.63376e+18
216.774  3.13816e+19
217.361  2.0711e+19
217.948  3.03519e+18
218.534  6.28255e+18
219.121  7.19264e+19
219.708  4.27204e+18
220.294  8.42934e+18
220.881  8.99266e+18
221.468  1.65566e+19
222.054  1.3482e+19
222.641  3.76856e+19
223.228  1.98769e+19
223.814  3.13625e+17
224.401  2.20005e+18
224.988  2.19102e+19
225.574  1.99591e+18
226.161  1.31181e+19
226.748  1.14792e+19
227.334  1.74079e+18
227.921  1.10004e+19
228.508  3.08384e+19
229.094  1.29807e+18
229.681  7.80518e+18
230.268  9.28699e+17
230.854  4.34681e+18
231.441  9.6101e+18
232.028  2.34367e+19
232.614  8.30618e+17
233.201  3.96141e+18
233.788  9.14109e+18
234.374  1.57492e+19
