#S 1 spectral density
#N 2
#UFWHM 5.28003
#L  abscissas [um]  spectral density
-234.375  6.65856e+18
-233.788  1.43754e+18
-233.202  5.9913e+18
-232.615  4.34719e+18
-232.028  1.09667e+19
-231.442  4.82903e+18
-230.855  3.2573e+18
-230.268  1.48487e+18
-229.682  2.22545e+18
-229.095  2.19734e+18
-228.508  1.39143e+19
-227.922  3.17025e+18
-227.335  6.0589e+18
-226.748  6.99092e+18
-226.162  4.38519e+17
-225.575  4.1743e+17
-224.988  5.53163e+18
-224.402  1.97463e+18
-223.815  8.85493e+18
-223.228  6.34933e+18
-222.642  9.94323e+18
-222.055  5.43172e+18
-221.468  5.09001e+17
-220.882  3.13065e+18
-220.295  4.70914e+18
-219.708  2.05631e+18
-219.122  1.41452e+19
-218.535  3.65119e+18
-217.948  6.80396e+18
-217.362  2.38715e+18
-216.775  1.15517e+19
-216.188  3.44503e+18
-215.602  1.47368e+19
-215.015  3.55965e+18
-214.428  1.71769e+19
-213.842  1.21255e+18
-213.255  2.13343e+19
-212.668  2.52699e+18
-212.082  1.56422e+19
-211.495  1.21682e+19
-210.908  2.26948e+19
-210.322  1.56768e+19
-209.735  3.83266e+19
-209.148  1.90118e+18
-208.562  1.62604e+19
-207.975  9.60837e+18
-207.388  1.26734e+19
-206.802  1.91654e+19
-206.215  3.87521e+19
-205.628  8.21726e+18
-205.041  1.50063e+19
-204.455  7.14018e+18
-203.868  1.95639e+19
-203.281  1.25572e+19
-202.695  1.05413e+19
-202.108  8.81938e+18
-201.521  4.23448e+18
-200.935  9.61926e+18
-200.348  3.3908e+19
-199.761  1.80813e+18
-199.175  3.07084e+18
-198.588  4.9785e+18
-198.001  2.00189e+18
-197.415  7.29041e+18
-196.828  2.44621e+19
-196.241  1.93748e+18
-195.655  5.04581e+18
-195.068  1.02006e+18
-194.481  2.59362e+19
-193.895  3.17606e+18
-193.308  9.59485e+18
-192.721  9.06597e+18
-192.135  1.7617e+18
-191.548  4.4574e+18
-190.961  3.63966e+19
-190.375  1.52467e+18
-189.788  4.48507e+18
-189.201  8.35584e+18
-188.615  1.1069e+18
-188.028  1.64321e+19
-187.441  3.25151e+19
-186.855  1.09649e+19
-186.268  3.62781e+18
-185.681  1.87139e+18
-185.095  1.76983e+18
-184.508  9.78112e+18
-183.921  2.79952e+19
-183.335  2.28456e+19
-182.748  2.43585e+18
-182.161  6.67579e+18
-181.575  4.55217e+18
-180.988  3.63129e+18
-180.401  1.95806e+19
-179.815  9.07603e+18
-179.228  3.10589e+18
-178.641  7.80296e+18
-178.055  6.75292e+18
-177.468  3.24096e+18
-176.881  1.00441e+19
-176.295  4.49802e+17
-175.708  6.63592e+18
-175.121  2.66787e+18
-174.535  8.99993e+18
-173.948  1.43968e+18
-173.361  1.52314e+18
-172.775  2.74293e+18
-172.188  1.47946e+19
-171.601  1.61192e+18
-171.015  3.43059e+18
-170.428  5.09741e+17
-169.841  1.75829e+18
-169.255  1.70153e+19
-168.668  1.71248e+19
-168.081  3.08352e+18
-167.495  2.54428e+18
-166.908  4.31957e+18
-166.321  7.82667e+17
-165.735  2.58597e+19
-165.148  1.7287e+19
-164.561  8.17198e+18
-163.975  1.1032e+19
-163.388  1.35898e+19
-162.801  9.08214e+17
-162.215  2.24479e+19
-161.628  1.53796e+19
-161.041  1.18505e+19
-160.455  1.85389e+19
-159.868  2.90775e+19
-159.281  2.15156e+18
-158.695  1.47106e+19
-158.108  1.69612e+19
-157.521  1.23577e+19
-156.935  1.767e+19
-156.348  3.26653e+19
-155.761  4.50327e+18
-155.175  1.44031e+19
-154.588  5.43406e+18
-154.001  1.29334e+19
-153.415  1.57317e+19
-152.828  1.85941e+19
-152.241  3.18201e+18
-151.655  1.67475e+19
-151.068  9.63604e+17
-150.481  1.719e+19
-149.895  8.6551e+18
-149.308  4.48177e+18
-148.721  2.0458e+18
-148.135  1.05501e+19
-147.548  3.07362e+18
-146.961  2.44344e+19
-146.375  8.56592e+18
-145.788  4.92111e+17
-145.201  8.80589e+18
-144.614  1.11416e+19
-144.028  3.23653e+18
-143.441  2.97914e+19
-142.854  8.38532e+18
-142.268  3.53977e+18
-141.681  2.33561e+19
-141.094  1.42021e+19
-140.508  7.8072e+18
-139.921  2.74385e+19
-139.334  6.01193e+18
-138.748  1.19427e+19
-138.161  3.51387e+19
-137.574  2.3997e+19
-136.988  1.70829e+19
-136.401  1.71978e+19
-135.814  3.77256e+18
-135.228  2.00968e+19
-134.641  3.78745e+19
-134.054  1.99509e+19
-133.468  2.06866e+19
-132.881  2.11466e+19
-132.294  3.2487e+17
-131.708  1.20803e+19
-131.121  3.47313e+19
-130.534  6.3665e+18
-129.948  2.26494e+19
-129.361  1.65014e+19
-128.774  5.75309e+18
-128.188  8.70779e+18
-127.601  1.44478e+19
-127.014  3.51021e+17
-126.428  2.81212e+19
-125.841  5.69791e+18
-125.254  1.16764e+19
-124.668  1.02018e+19
-124.081  2.08875e+18
-123.494  4.9161e+18
-122.908  3.67176e+19
-122.321  3.11016e+18
-121.734  1.52952e+19
-121.148  1.43624e+19
-120.561  5.14793e+17
-119.974  1.99662e+19
-119.388  5.1942e+19
-118.801  5.86291e+18
-118.214  2.20588e+19
-117.628  1.64125e+19
-117.041  1.31193e+18
-116.454  3.36947e+19
-115.868  5.24877e+19
-115.281  1.47857e+19
-114.694  3.23154e+19
-114.108  1.66024e+19
-113.521  3.08473e+18
-112.934  3.5331e+19
-112.348  3.73339e+19
-111.761  2.13117e+19
-111.174  3.02328e+19
-110.588  2.05322e+19
-110.001  1.59238e+18
-109.414  2.29593e+19
-108.828  1.74928e+19
-108.241  2.09615e+19
-107.654  3.27816e+19
-107.068  8.34985e+18
-106.481  7.23642e+17
-105.894  2.23499e+19
-105.308  1.65181e+18
-104.721  2.24827e+19
-104.134  2.85746e+19
-103.548  9.03637e+17
-102.961  3.29107e+18
-102.374  1.29697e+19
-101.788  3.3952e+18
-101.201  3.993e+19
-100.614  2.13378e+19
-100.028  9.80585e+17
-99.4409  1.91194e+19
-98.8542  6.3607e+18
-98.2676  7.82295e+18
-97.6809  6.41567e+19
-97.0942  2.5457e+19
-96.5075  7.26726e+18
-95.9209  2.97069e+19
-95.3342  1.22412e+19
-94.7475  1.4026e+19
-94.1609  7.62188e+19
-93.5742  2.05265e+19
-92.9875  1.90859e+19
-92.4009  4.55447e+19
-91.8142  1.76353e+19
-91.2275  1.45005e+19
-90.6409  5.4935e+19
-90.0542  1.59269e+19
-89.4675  2.53799e+19
-88.8808  4.63631e+19
-88.2942  1.92888e+19
-87.7075  1.15678e+19
-87.1208  2.20591e+19
-86.5342  6.17457e+18
-85.9475  2.45719e+19
-85.3608  3.55069e+19
-84.7741  5.06697e+18
-84.1875  8.63859e+18
-83.6008  9.13849e+18
-83.0141  8.96993e+18
-82.4275  1.90328e+19
-81.8408  1.95479e+19
-81.2541  7.05057e+16
-80.6675  1.21129e+19
-80.0808  5.82389e+17
-79.4941  1.94396e+19
-78.9074  2.76099e+19
-78.3208  2.36401e+18
-77.7341  3.55127e+18
-77.1474  2.73091e+19
-76.5608  3.25147e+18
-75.9741  2.66606e+19
-75.3874  3.60361e+19
-74.8008  1.30823e+18
-74.2141  2.78984e+19
-73.6274  2.69694e+19
-73.0408  3.98219e+17
-72.4541  5.07802e+19
-71.8674  2.93354e+19
-71.2807  2.36352e+18
-70.6941  4.7787e+19
-70.1074  4.39269e+19
-69.5207  2.42572e+17
-68.9341  3.50131e+19
-68.3474  3.62629e+19
-67.7607  4.01915e+18
-67.174  3.96939e+19
-66.5874  5.9275e+19
-66.0007  1.60238e+18
-65.414  1.78595e+19
-64.8274  2.68141e+19
-64.2407  3.15731e+18
-63.654  4.50036e+19
-63.0674  2.66217e+19
-62.4807  6.78188e+17
-61.894  2.45854e+19
-61.3073  3.78259e+18
-60.7207  2.11914e+18
-60.134  3.68119e+19
-59.5473  7.57056e+18
-58.9607  4.37446e+18
-58.374  1.10554e+19
-57.7873  4.48991e+18
-57.2007  1.64925e+19
-56.614  1.57392e+19
-56.0273  9.25099e+17
-55.4407  2.23974e+19
-54.854  6.08578e+18
-54.2673  6.75794e+18
-53.6806  3.40484e+19
-53.094  1.3265e+19
-52.5073  6.78315e+18
-51.9206  4.07219e+19
-51.334  1.59179e+19
-50.7473  1.40451e+19
-50.1606  5.10673e+19
-49.5739  1.914e+19
-48.9873  1.80743e+19
-48.4006  6.37111e+19
-47.8139  1.61188e+19
-47.2273  1.69615e+19
-46.6406  6.1707e+19
-46.0539  3.02342e+19
-45.4673  1.9796e+19
-44.8806  6.77436e+19
-44.2939  1.956e+19
-43.7072  1.09344e+19
-43.1206  6.26028e+19
-42.5339  1.66959e+19
-41.9472  1.66988e+19
-41.3606  6.05573e+19
-40.7739  6.81102e+18
-40.1872  1.42661e+19
-39.6006  4.20646e+19
-39.0139  3.15392e+18
-38.4272  2.0695e+19
-37.8406  2.0625e+19
-37.2539  2.7013e+18
-36.6672  1.49395e+19
-36.0805  9.55199e+18
-35.4939  4.9884e+18
-34.9072  2.94503e+19
-34.3205  6.24216e+18
-33.7339  4.55941e+18
-33.1472  1.81508e+19
-32.5605  3.54434e+18
-31.9738  2.5274e+19
-31.3872  2.27997e+19
-30.8005  1.50042e+18
-30.2138  4.2144e+19
-29.6272  2.23255e+19
-29.0405  1.29422e+18
-28.4538  6.0124e+19
-27.8672  3.64782e+19
-27.2805  1.67288e+18
-26.6938  3.18359e+19
-26.1072  6.13879e+19
-25.5205  9.02265e+18
-24.9338  3.42324e+19
-24.3471  7.3443e+19
-23.7605  7.65189e+18
-23.1738  3.45087e+19
-22.5871  4.89633e+19
-22.0005  2.96778e+17
-21.4138  7.25254e+19
-20.8271  1.60811e+19
-20.2404  1.00552e+19
-19.6538  6.99404e+19
-19.0671  1.51257e+19
-18.4804  1.20002e+19
-17.8938  4.49687e+19
-17.3071  2.29785e+19
-16.7204  4.83873e+18
-16.1338  4.78908e+18
-15.5471  6.70969e+19
-14.9604  2.90898e+19
-14.3737  2.0034e+19
-13.7871  5.43678e+19
-13.2004  1.74038e+19
-12.6137  3.7942e+19
-12.0271  7.93032e+18
-11.4404  7.20458e+18
-10.8537  1.27345e+20
-10.2671  1.22779e+20
-9.68039  1.22334e+20
-9.09372  2.94262e+20
-8.50705  3.18671e+20
-7.92038  3.02308e+20
-7.33371  3.93847e+20
-6.74704  6.92828e+20
-6.16037  1.37261e+21
-5.5737  1.622e+21
-4.98703  2.99726e+21
-4.40036  5.89807e+21
-3.81369  6.68965e+21
-3.22702  9.4336e+21
-2.64035  1.46034e+22
-2.05368  1.47509e+22
-1.46701  1.73034e+22
-0.88034  2.25046e+22
-0.29367  2.01928e+22
0.293  2.01922e+22
0.87967  2.24992e+22
1.46634  1.72946e+22
2.05301  1.4739e+22
2.63968  1.45897e+22
3.22635  9.41887e+21
3.81302  6.67764e+21
4.39969  5.88694e+21
4.98636  2.98797e+21
5.57303  1.61487e+21
6.1597  1.36722e+21
6.74637  6.88313e+20
7.33304  3.91333e+20
7.91971  3.01495e+20
8.50638  3.17472e+20
9.09305  2.93349e+20
9.67972  1.22359e+20
10.2664  1.22364e+20
10.8531  1.26682e+20
11.4397  7.17209e+18
12.0264  7.67762e+18
12.6131  3.76122e+19
13.1997  1.72122e+19
13.7864  5.42539e+19
14.3731  2.02045e+19
14.9597  2.88365e+19
15.5464  6.6984e+19
16.1331  4.92901e+18
16.7198  4.74156e+18
17.3064  2.28664e+19
17.8931  4.49529e+19
18.4798  1.19633e+19
19.0664  1.51893e+19
19.6531  6.97466e+19
20.2398  1.00882e+19
20.8265  1.62241e+19
21.4131  7.22398e+19
21.9998  2.92984e+17
22.5865  4.90117e+19
23.1731  3.44158e+19
23.7598  7.59156e+18
24.3465  7.33557e+19
24.9331  3.4262e+19
25.5198  8.97652e+18
26.1065  6.1101e+19
26.6931  3.19723e+19
27.2798  1.65257e+18
27.8665  3.63645e+19
28.4532  5.99973e+19
29.0398  1.29574e+18
29.6265  2.22948e+19
30.2132  4.20199e+19
30.7998  1.48137e+18
31.3865  2.29552e+19
31.9732  2.50075e+19
32.5599  3.49157e+18
33.1465  1.82038e+19
33.7332  4.54083e+18
34.3199  6.22981e+18
34.9065  2.93918e+19
35.4932  4.97641e+18
36.0799  9.60575e+18
36.6665  1.48007e+19
37.2532  2.70944e+18
37.8399  2.08077e+19
38.4265  2.05467e+19
39.0132  3.16588e+18
39.5999  4.1975e+19
40.1866  1.42806e+19
40.7732  6.85706e+18
41.3599  6.05308e+19
41.9466  1.67375e+19
42.5332  1.67902e+19
43.1199  6.22295e+19
43.7066  1.09701e+19
44.2933  1.96912e+19
44.8799  6.77374e+19
45.4666  1.96803e+19
46.0533  3.01653e+19
46.6399  6.16172e+19
47.2266  1.68413e+19
47.8133  1.61052e+19
48.3999  6.38355e+19
48.9866  1.79447e+19
49.5733  1.90002e+19
50.1599  5.09547e+19
50.7466  1.40405e+19
51.3333  1.59702e+19
51.92  4.0536e+19
52.5066  6.80149e+18
53.0933  1.32318e+19
53.68  3.38552e+19
54.2666  6.77088e+18
54.8533  6.11916e+18
55.44  2.22864e+19
56.0266  9.16109e+17
56.6133  1.55864e+19
57.2  1.6489e+19
57.7867  4.45953e+18
58.3733  1.10126e+19
58.96  4.37551e+18
59.5467  7.61546e+18
60.1333  3.66533e+19
60.72  2.12398e+18
61.3067  3.79283e+18
61.8933  2.4571e+19
62.48  7.14666e+17
63.0667  2.65593e+19
63.6534  4.49882e+19
64.24  3.16849e+18
64.8267  2.67543e+19
65.4134  1.77991e+19
66  1.61889e+18
66.5867  5.91623e+19
67.1734  3.9664e+19
67.7601  4.04819e+18
68.3467  3.62928e+19
68.9334  3.47766e+19
69.5201  2.44623e+17
70.1067  4.39069e+19
70.6934  4.76995e+19
71.2801  2.38227e+18
71.8667  2.93698e+19
72.4534  5.05419e+19
73.0401  4.02524e+17
73.6268  2.69087e+19
74.2134  2.78344e+19
74.8001  1.32999e+18
75.3868  3.59804e+19
75.9734  2.6574e+19
76.5601  3.2592e+18
77.1468  2.71551e+19
77.7334  3.5432e+18
78.3201  2.36102e+18
78.9068  2.75442e+19
79.4934  1.93967e+19
80.0801  5.95857e+17
80.6668  1.19837e+19
81.2535  6.87591e+16
81.8401  1.95209e+19
82.4268  1.90645e+19
83.0135  8.92808e+18
83.6001  9.0669e+18
84.1868  8.57108e+18
84.7735  5.10508e+18
85.3602  3.54383e+19
85.9468  2.46483e+19
86.5335  6.17665e+18
87.1202  2.19653e+19
87.7068  1.14335e+19
88.2935  1.92598e+19
88.8802  4.63732e+19
89.4668  2.53312e+19
90.0535  1.59686e+19
90.6402  5.48346e+19
91.2268  1.43679e+19
91.8135  1.75644e+19
92.4002  4.5476e+19
92.9869  1.90718e+19
93.5735  2.06647e+19
94.1602  7.59431e+19
94.7469  1.39935e+19
95.3335  1.22228e+19
95.9202  2.96032e+19
96.5069  7.23795e+18
97.0935  2.55689e+19
97.6802  6.3886e+19
98.2669  7.79257e+18
98.8536  6.28172e+18
99.4402  1.90341e+19
100.027  9.43174e+17
100.614  2.12696e+19
101.2  3.97132e+19
101.787  3.39201e+18
102.374  1.28526e+19
102.96  3.24886e+18
103.547  8.93289e+17
104.134  2.85086e+19
104.72  2.23565e+19
105.307  1.63242e+18
105.894  2.21249e+19
106.48  7.14311e+17
107.067  8.32973e+18
107.654  3.26866e+19
108.24  2.09603e+19
108.827  1.74403e+19
109.414  2.27611e+19
110  1.58885e+18
110.587  2.04672e+19
111.174  3.01929e+19
111.76  2.12772e+19
112.347  3.72221e+19
112.934  3.51171e+19
113.52  3.09363e+18
114.107  1.65168e+19
114.694  3.21982e+19
115.28  1.48157e+19
115.867  5.22968e+19
116.454  3.34474e+19
117.04  1.31105e+18
117.627  1.63878e+19
118.214  2.19276e+19
118.8  5.8968e+18
119.387  5.16685e+19
119.974  1.98901e+19
120.56  4.97067e+17
121.147  1.43471e+19
121.734  1.52003e+19
122.32  3.15369e+18
122.907  3.6373e+19
123.494  4.91177e+18
124.08  2.04746e+18
124.667  1.01968e+19
125.254  1.15225e+19
125.84  5.71037e+18
126.427  2.78985e+19
127.014  3.51117e+17
127.6  1.42911e+19
128.187  8.72129e+18
128.774  5.64366e+18
129.36  1.64598e+19
129.947  2.24407e+19
130.534  6.31802e+18
131.12  3.44941e+19
131.707  1.20819e+19
132.294  3.14122e+17
132.88  2.10388e+19
133.467  2.05353e+19
134.054  1.98581e+19
134.64  3.7628e+19
135.227  2.01315e+19
135.814  3.83471e+18
136.4  1.70395e+19
136.987  1.68707e+19
137.574  2.38678e+19
138.16  3.49649e+19
138.747  1.1996e+19
139.334  6.08546e+18
139.92  2.72128e+19
140.507  7.67273e+18
141.094  1.40757e+19
141.68  2.31818e+19
142.267  3.60724e+18
142.854  8.44673e+18
143.44  2.95203e+19
144.027  3.17834e+18
144.614  1.09896e+19
145.2  8.71178e+18
145.787  4.67305e+17
146.374  8.62557e+18
146.96  2.42425e+19
147.547  3.06256e+18
148.134  1.03652e+19
148.721  2.02011e+18
149.307  4.40471e+18
149.894  8.70446e+18
150.481  1.70069e+19
151.067  9.74743e+17
151.654  1.65079e+19
152.241  3.17975e+18
152.827  1.8474e+19
153.414  1.57714e+19
154.001  1.27515e+19
154.587  5.39685e+18
155.174  1.41434e+19
155.761  4.48458e+18
156.347  3.24911e+19
156.934  1.76944e+19
157.521  1.22587e+19
158.107  1.68606e+19
158.694  1.44731e+19
159.281  2.1294e+18
159.867  2.88132e+19
160.454  1.85705e+19
161.041  1.19006e+19
161.627  1.52681e+19
162.214  2.21407e+19
162.801  8.82546e+17
163.387  1.34241e+19
163.974  1.10246e+19
164.561  8.20396e+18
165.147  1.71511e+19
165.734  2.54869e+19
166.321  7.79627e+17
166.907  4.22767e+18
167.494  2.51881e+18
168.081  3.03932e+18
168.667  1.69371e+19
169.254  1.68061e+19
169.841  1.71641e+18
170.427  4.85905e+17
171.014  3.35159e+18
171.601  1.55177e+18
172.187  1.46251e+19
172.774  2.68242e+18
173.361  1.45569e+18
173.947  1.40187e+18
174.534  8.85057e+18
175.121  2.64695e+18
175.707  6.53026e+18
176.294  4.48976e+17
176.881  9.85284e+18
177.467  3.17823e+18
178.054  6.62399e+18
178.641  7.78907e+18
179.227  3.06189e+18
179.814  9.05954e+18
180.401  1.92912e+19
180.987  3.57219e+18
181.574  4.43207e+18
182.161  6.67003e+18
182.747  2.38181e+18
183.334  2.27665e+19
183.921  2.76553e+19
184.507  9.75053e+18
185.094  1.69241e+18
185.681  1.88739e+18
186.267  3.5474e+18
186.854  1.09296e+19
187.441  3.2138e+19
188.027  1.64599e+19
188.614  1.06942e+18
189.201  8.31895e+18
189.787  4.34359e+18
190.374  1.53388e+18
190.961  3.59085e+19
191.547  4.51293e+18
192.134  1.83822e+18
192.721  9.01401e+18
193.307  9.3438e+18
193.894  3.19336e+18
194.481  2.55726e+19
195.067  9.85837e+17
195.654  5.11838e+18
196.241  1.92804e+18
196.827  2.41114e+19
197.414  7.27423e+18
198.001  1.9383e+18
198.587  4.90041e+18
199.174  3.07822e+18
199.761  1.80486e+18
200.347  3.35234e+19
200.934  9.53129e+18
201.521  4.26835e+18
202.107  8.7983e+18
202.694  1.02558e+19
203.281  1.24863e+19
203.867  1.93821e+19
204.454  6.968e+18
205.041  1.50457e+19
205.627  8.30314e+18
206.214  3.82383e+19
206.801  1.89664e+19
207.388  1.2575e+19
207.974  9.44792e+18
208.561  1.60909e+19
209.148  1.96153e+18
209.734  3.77829e+19
210.321  1.54976e+19
210.908  2.25221e+19
211.494  1.19835e+19
212.081  1.53618e+19
212.668  2.50365e+18
213.254  2.10716e+19
213.841  1.19178e+18
214.428  1.71352e+19
215.014  3.49388e+18
215.601  1.45613e+19
216.188  3.42041e+18
216.774  1.14483e+19
217.361  2.44854e+18
217.948  6.76868e+18
218.534  3.54451e+18
219.121  1.41191e+19
219.708  2.14329e+18
220.294  4.69347e+18
220.881  3.1379e+18
221.468  4.99481e+17
222.054  5.31608e+18
222.641  9.91919e+18
223.228  6.49785e+18
223.814  8.85015e+18
224.401  1.90824e+18
224.988  5.55597e+18
225.574  3.93101e+17
226.161  4.39571e+17
226.748  7.15811e+18
227.334  6.01091e+18
227.921  3.10523e+18
228.508  1.3928e+19
229.094  2.27727e+18
229.681  2.2189e+18
230.268  1.55251e+18
230.854  3.20887e+18
231.441  4.80064e+18
232.028  1.10077e+19
232.614  4.45085e+18
233.201  5.93433e+18
233.788  1.43254e+18
234.374  6.6541e+18
