#S 1 spectral density
#N 2
#UFWHM 7.62671
#L  abscissas [um]  spectral density
-234.375  3.69631e+18
-233.788  1.71195e+18
-233.202  2.10093e+19
-232.615  1.02654e+19
-232.028  1.48896e+18
-231.442  1.17719e+18
-230.855  1.30233e+19
-230.268  1.7903e+18
-229.682  1.439e+19
-229.095  3.49483e+18
-228.508  2.45888e+18
-227.922  3.85473e+18
-227.335  3.07923e+19
-226.748  7.89365e+17
-226.162  5.36047e+18
-225.575  8.98906e+17
-224.988  3.41671e+18
-224.402  7.62042e+18
-223.815  2.60428e+19
-223.228  5.78115e+17
-222.642  7.07127e+17
-222.055  8.80169e+18
-221.468  1.08665e+19
-220.882  8.43095e+18
-220.295  1.15568e+19
-219.708  4.33728e+17
-219.122  2.8764e+17
-218.535  2.48358e+19
-217.948  1.02536e+19
-217.362  4.61781e+18
-216.775  5.21997e+17
-216.188  3.20724e+18
-215.602  8.48504e+17
-215.015  2.73181e+19
-214.428  6.97533e+18
-213.842  1.90969e+18
-213.255  2.02638e+18
-212.668  1.46192e+19
-212.082  2.01805e+18
-211.495  1.9021e+19
-210.908  3.41598e+17
-210.322  8.8475e+17
-209.735  7.96822e+18
-209.148  2.31576e+19
-208.562  1.7712e+18
-207.975  5.16905e+18
-207.388  3.02644e+18
-206.802  4.76245e+17
-206.215  1.63279e+19
-205.628  2.32886e+19
-205.041  1.40815e+18
-204.455  2.03717e+18
-203.868  1.59325e+19
-203.281  1.12721e+18
-202.695  1.41159e+19
-202.108  5.54648e+18
-201.521  1.00103e+18
-200.935  2.74817e+18
-200.348  2.96275e+19
-199.761  4.08335e+18
-199.175  8.80037e+18
-198.588  1.55142e+18
-198.001  1.4258e+18
-197.415  2.25993e+18
-196.828  3.77074e+19
-196.241  5.15461e+17
-195.655  4.77314e+18
-195.068  1.2438e+19
-194.481  2.63494e+18
-193.895  8.86363e+17
-193.308  3.27336e+19
-192.721  1.40099e+18
-192.135  7.27556e+18
-191.548  2.83032e+19
-190.961  7.42291e+18
-190.375  2.86888e+17
-189.788  1.48637e+19
-189.201  1.21253e+19
-188.615  1.33116e+19
-188.028  2.6451e+19
-187.441  1.57863e+19
-186.855  1.94913e+18
-186.268  3.45538e+18
-185.681  3.12159e+19
-185.095  1.09538e+19
-184.508  8.73852e+18
-183.921  1.51217e+19
-183.335  4.31712e+18
-182.748  9.39247e+18
-182.161  4.12784e+19
-181.575  1.2045e+19
-180.988  1.16772e+18
-180.401  6.63738e+18
-179.815  3.22912e+18
-179.228  2.02926e+19
-178.641  2.5271e+19
-178.055  1.30635e+19
-177.468  8.83249e+18
-176.881  2.24288e+17
-176.295  9.13061e+18
-175.708  2.97423e+19
-175.121  4.44479e+18
-174.535  7.769e+18
-173.948  9.61566e+18
-173.361  8.9831e+18
-172.775  1.06559e+19
-172.188  2.68076e+19
-171.601  3.59455e+18
-171.015  3.10443e+18
-170.428  7.70929e+18
-169.841  2.91406e+19
-169.255  2.73304e+18
-168.668  8.94209e+18
-168.081  1.29796e+19
-167.495  9.04523e+17
-166.908  2.28118e+18
-166.321  2.85687e+19
-165.735  6.14503e+17
-165.148  7.76507e+18
-164.561  2.14173e+19
-163.975  1.09525e+19
-163.388  1.32367e+18
-162.801  7.03752e+18
-162.215  3.50123e+18
-161.628  5.62103e+18
-161.041  1.46883e+19
-160.455  2.2678e+19
-159.868  5.51339e+17
-159.281  1.55602e+18
-158.695  1.26884e+19
-158.108  2.62123e+18
-157.521  1.04895e+19
-156.935  1.35797e+19
-156.348  5.6538e+17
-155.761  1.04164e+19
-155.175  1.33009e+19
-154.588  3.68772e+18
-154.001  1.85098e+18
-153.415  3.31421e+18
-152.828  3.65116e+18
-152.241  1.97514e+19
-151.655  1.376e+19
-151.068  3.93756e+18
-150.481  1.03233e+17
-149.895  2.47608e+18
-149.308  4.90033e+18
-148.721  2.00054e+19
-148.135  4.70723e+18
-147.548  4.15334e+18
-146.961  1.69514e+18
-146.375  1.68374e+19
-145.788  3.48842e+18
-145.201  9.23842e+18
-144.614  2.53813e+18
-144.028  6.71567e+17
-143.441  3.88623e+18
-142.854  2.69611e+19
-142.268  1.26396e+18
-141.681  3.70971e+18
-141.094  2.92787e+17
-140.508  4.3384e+18
-139.921  4.18849e+18
-139.334  1.77777e+19
-138.748  1.86628e+18
-138.161  3.48315e+18
-137.574  1.78707e+18
-136.988  1.04397e+19
-136.401  3.09602e+18
-135.814  3.475e+18
-135.228  2.64546e+18
-134.641  2.46767e+18
-134.054  5.6203e+18
-133.468  1.15986e+19
-132.881  2.18895e+18
-132.294  7.75755e+17
-131.708  1.37472e+18
-131.121  1.29279e+18
-130.534  7.64073e+18
-129.948  4.93009e+18
-129.361  6.28857e+18
-128.774  2.16697e+18
-128.188  2.19255e+18
-127.601  2.03069e+17
-127.014  3.90128e+18
-126.428  1.64055e+18
-125.841  5.8162e+18
-125.254  6.36072e+18
-124.668  5.04344e+18
-124.081  6.56632e+17
-123.494  4.53624e+18
-122.908  2.94788e+18
-122.321  2.29775e+18
-121.734  2.75998e+18
-121.148  6.5982e+18
-120.561  2.98291e+18
-119.974  7.69683e+18
-119.388  8.90471e+18
-118.801  1.6794e+17
-118.214  7.40999e+17
-117.628  4.80295e+18
-117.041  3.29348e+17
-116.454  1.12392e+19
-115.868  3.93535e+18
-115.281  3.17339e+18
-114.694  2.07093e+18
-114.108  2.96391e+18
-113.521  6.28551e+17
-112.934  5.95388e+18
-112.348  6.78525e+17
-111.761  5.7861e+18
-111.174  2.59559e+18
-110.588  7.59599e+18
-110.001  2.37702e+17
-109.414  5.02085e+17
-108.828  9.12131e+17
-108.241  2.86367e+18
-107.654  6.21768e+18
-107.068  5.68709e+18
-106.481  1.56117e+18
-105.894  4.1093e+18
-105.308  1.83295e+18
-104.721  1.4853e+18
-104.134  7.15734e+18
-103.548  2.94784e+18
-102.961  2.59825e+18
-102.374  1.01071e+19
-101.788  7.17819e+18
-101.201  3.72751e+18
-100.614  1.79423e+18
-100.028  2.79064e+18
-99.4409  8.34312e+17
-98.8542  4.53375e+18
-98.2676  2.19918e+19
-97.6809  3.76324e+18
-97.0942  3.69414e+18
-96.5075  6.11247e+18
-95.9209  2.68454e+18
-95.3342  1.69313e+18
-94.7475  9.63311e+18
-94.1609  7.83546e+18
-93.5742  2.35935e+18
-92.9875  1.30476e+19
-92.4009  6.55904e+18
-91.8142  2.28794e+17
-91.2275  1.6112e+18
-90.6409  1.46616e+18
-90.0542  2.81626e+18
-89.4675  2.15944e+19
-88.8808  2.55121e+18
-88.2942  3.8199e+18
-87.7075  1.11411e+18
-87.1208  2.13443e+18
-86.5342  2.12475e+18
-85.9475  7.57367e+18
-85.3608  3.25749e+18
-84.7741  6.45412e+17
-84.1875  1.19847e+19
-83.6008  1.69414e+19
-83.0141  5.66828e+18
-82.4275  2.18822e+17
-81.8408  1.61388e+18
-81.2541  6.56415e+17
-80.6675  8.74606e+18
-80.0808  2.13286e+19
-79.4941  5.36745e+17
-78.9074  2.09393e+18
-78.3208  8.85398e+18
-77.7341  7.73252e+18
-77.1474  1.58161e+19
-76.5608  6.48299e+18
-75.9741  9.06043e+18
-75.3874  3.06249e+18
-74.8008  4.85517e+18
-74.2141  7.71109e+18
-73.6274  5.55834e+18
-73.0408  5.27283e+18
-72.4541  4.48242e+18
-71.8674  2.06876e+19
-71.2807  9.99674e+18
-70.6941  2.16428e+18
-70.1074  4.97004e+17
-69.5207  9.56744e+16
-68.9341  1.48722e+18
-68.3474  4.55506e+18
-67.7607  1.19919e+19
-67.174  8.28247e+17
-66.5874  3.88478e+18
-66.0007  1.71894e+19
-65.414  1.67568e+18
-64.8274  2.02767e+18
-64.2407  1.95023e+18
-63.654  3.04589e+18
-63.0674  2.09995e+18
-62.4807  1.19649e+19
-61.894  8.76067e+18
-61.3073  4.05343e+18
-60.7207  3.27161e+17
-60.134  1.93026e+19
-59.5473  4.24641e+18
-58.9607  8.18245e+18
-58.374  7.29816e+18
-57.7873  8.68885e+18
-57.2007  3.98042e+18
-56.614  8.83514e+18
-56.0273  3.90816e+18
-55.4407  1.01034e+19
-54.854  2.03098e+18
-54.2673  1.82891e+19
-53.6806  7.63222e+18
-53.094  6.3833e+18
-52.5073  1.26937e+17
-51.9206  2.09043e+18
-51.334  8.31704e+18
-50.7473  1.64986e+18
-50.1606  7.89727e+18
-49.5739  2.84396e+18
-48.9873  6.12233e+17
-48.4006  6.32009e+18
-47.8139  2.78325e+18
-47.2273  5.06979e+18
-46.6406  3.84688e+18
-46.0539  1.2011e+19
-45.4673  1.39113e+18
-44.8806  8.67651e+17
-44.2939  9.7183e+18
-43.7072  1.93841e+17
-43.1206  4.08415e+18
-42.5339  9.42486e+18
-41.9472  1.02229e+19
-41.3606  9.9675e+18
-40.7739  3.66292e+18
-40.1872  2.65718e+19
-39.6006  2.76958e+18
-39.0139  5.46065e+18
-38.4272  8.76478e+18
-37.8406  9.18526e+17
-37.2539  1.34113e+19
-36.6672  3.95329e+18
-36.0805  1.29844e+19
-35.4939  2.10073e+19
-34.9072  1.27647e+19
-34.3205  1.51561e+19
-33.7339  7.08783e+18
-33.1472  1.12443e+19
-32.5605  4.34779e+17
-31.9738  5.03219e+18
-31.3872  1.73961e+19
-30.8005  4.15417e+18
-30.2138  2.19903e+19
-29.6272  3.11584e+19
-29.0405  3.85754e+19
-28.4538  3.09261e+19
-27.8672  2.08468e+19
-27.2805  2.28717e+19
-26.6938  8.79836e+18
-26.1072  5.43211e+19
-25.5205  5.1602e+19
-24.9338  4.18611e+19
-24.3471  1.21371e+20
-23.7605  9.48728e+19
-23.1738  1.37422e+20
-22.5871  1.29327e+20
-22.0005  1.16445e+20
-21.4138  1.57234e+20
-20.8271  9.11246e+19
-20.2404  2.75756e+20
-19.6538  3.16043e+20
-19.0671  2.39467e+20
-18.4804  5.0857e+20
-17.8938  4.89361e+20
-17.3071  4.88167e+20
-16.7204  6.56561e+20
-16.1338  5.77348e+20
-15.5471  6.15093e+20
-14.9604  6.81989e+20
-14.3737  8.64827e+20
-13.7871  1.03891e+21
-13.2004  1.01753e+21
-12.6137  1.27791e+21
-12.0271  1.24519e+21
-11.4404  1.22057e+21
-10.8537  1.58223e+21
-10.2671  1.53938e+21
-9.68039  1.65657e+21
-9.09372  1.94664e+21
-8.50705  1.73432e+21
-7.92038  2.0711e+21
-7.33371  2.49918e+21
-6.74704  2.61107e+21
-6.16037  3.6503e+21
-5.5737  4.43916e+21
-4.98703  4.83993e+21
-4.40036  6.57934e+21
-3.81369  7.55505e+21
-3.22702  8.5639e+21
-2.64035  1.11587e+22
-2.05368  1.19084e+22
-1.46701  1.27309e+22
-0.88034  1.46664e+22
-0.29367  1.38885e+22
0.293  1.38924e+22
0.87967  1.46756e+22
1.46634  1.27468e+22
2.05301  1.19306e+22
2.63968  1.11855e+22
3.22635  8.58936e+21
3.81302  7.58082e+21
4.39969  6.60221e+21
4.98636  4.85986e+21
5.57303  4.45798e+21
6.1597  3.66668e+21
6.74637  2.62353e+21
7.33304  2.50969e+21
7.91971  2.07788e+21
8.50638  1.73921e+21
9.09305  1.95046e+21
9.67972  1.65966e+21
10.2664  1.54167e+21
10.8531  1.584e+21
11.4397  1.22149e+21
12.0264  1.24561e+21
12.6131  1.27818e+21
13.1997  1.01863e+21
13.7864  1.03988e+21
14.3731  8.66188e+20
14.9597  6.83586e+20
15.5464  6.15744e+20
16.1331  5.78387e+20
16.7198  6.57321e+20
17.3064  4.8834e+20
17.8931  4.89804e+20
18.4798  5.09069e+20
19.0664  2.39767e+20
19.6531  3.16993e+20
20.2398  2.76506e+20
20.8265  9.16806e+19
21.4131  1.57639e+20
21.9998  1.16655e+20
22.5865  1.29735e+20
23.1731  1.37517e+20
23.7598  9.51161e+19
24.3465  1.21579e+20
24.9331  4.20363e+19
25.5198  5.19104e+19
26.1065  5.46065e+19
26.6931  8.89737e+18
27.2798  2.29783e+19
27.8665  2.09355e+19
28.4532  3.09857e+19
29.0398  3.86538e+19
29.6265  3.12435e+19
30.2132  2.20819e+19
30.7998  4.20522e+18
31.3865  1.75804e+19
31.9732  5.11675e+18
32.5599  4.33035e+17
33.1465  1.12992e+19
33.7332  7.12268e+18
34.3199  1.51917e+19
34.9065  1.27558e+19
35.4932  2.10404e+19
36.0799  1.30409e+19
36.6665  3.91825e+18
37.2532  1.35333e+19
37.8399  9.48117e+17
38.4265  8.71434e+18
39.0132  5.4444e+18
39.5999  2.77654e+18
40.1866  2.65423e+19
40.7732  3.66993e+18
41.3599  9.97688e+18
41.9466  1.01986e+19
42.5332  9.37828e+18
43.1199  4.10743e+18
43.7066  1.93875e+17
44.2933  9.72627e+18
44.8799  8.70739e+17
45.4666  1.39267e+18
46.0533  1.19582e+19
46.6399  3.82923e+18
47.2266  5.03865e+18
47.8133  2.77512e+18
48.3999  6.3301e+18
48.9866  6.14446e+17
49.5733  2.86133e+18
50.1599  7.90744e+18
50.7466  1.63977e+18
51.3333  8.28961e+18
51.92  2.08553e+18
52.5066  1.25268e+17
53.0933  6.3646e+18
53.68  7.64331e+18
54.2666  1.82404e+19
54.8533  2.02831e+18
55.44  1.00925e+19
56.0266  3.91622e+18
56.6133  8.86697e+18
57.2  3.95596e+18
57.7867  8.62017e+18
58.3733  7.35099e+18
58.96  8.17369e+18
59.5467  4.24208e+18
60.1333  1.92584e+19
60.72  3.25202e+17
61.3067  4.01476e+18
61.8933  8.81815e+18
62.48  1.20277e+19
63.0667  2.09481e+18
63.6534  3.00673e+18
64.24  1.96056e+18
64.8267  2.01003e+18
65.4134  1.65534e+18
66  1.71893e+19
66.5867  3.85059e+18
67.1734  8.33754e+17
67.7601  1.204e+19
68.3467  4.54249e+18
68.9334  1.46991e+18
69.5201  9.09027e+16
70.1067  5.0385e+17
70.6934  2.20079e+18
71.2801  9.95914e+18
71.8667  2.06457e+19
72.4534  4.42764e+18
73.0401  5.28767e+18
73.6268  5.55851e+18
74.2134  7.77732e+18
74.8001  4.81835e+18
75.3868  3.04846e+18
75.9734  9.08441e+18
76.5601  6.54438e+18
77.1468  1.57595e+19
77.7334  7.6599e+18
78.3201  8.81182e+18
78.9068  2.0808e+18
79.4934  5.42622e+17
80.0801  2.14567e+19
80.6668  8.68974e+18
81.2535  6.45736e+17
81.8401  1.60718e+18
82.4268  2.10373e+17
83.0135  5.62826e+18
83.6001  1.69013e+19
84.1868  1.19597e+19
84.7735  6.41006e+17
85.3602  3.28973e+18
85.9468  7.59035e+18
86.5335  2.09519e+18
87.1202  2.11437e+18
87.7068  1.09714e+18
88.2935  3.82416e+18
88.8802  2.55431e+18
89.4668  2.15323e+19
90.0535  2.7971e+18
90.6402  1.46766e+18
91.2268  1.61529e+18
91.8135  2.23761e+17
92.4002  6.54683e+18
92.9869  1.29976e+19
93.5735  2.33432e+18
94.1602  7.89608e+18
94.7469  9.6033e+18
95.3335  1.66757e+18
95.9202  2.6509e+18
96.5069  6.08157e+18
97.0935  3.66915e+18
97.6802  3.8193e+18
98.2669  2.19273e+19
98.8536  4.51355e+18
99.4402  8.26638e+17
100.027  2.81785e+18
100.614  1.74856e+18
101.2  3.76892e+18
101.787  7.12221e+18
102.374  1.00845e+19
102.96  2.5653e+18
103.547  2.97434e+18
104.134  7.11133e+18
104.72  1.48281e+18
105.307  1.82424e+18
105.894  4.09485e+18
106.48  1.56741e+18
107.067  5.70145e+18
107.654  6.16403e+18
108.24  2.83911e+18
108.827  8.88066e+17
109.414  5.00765e+17
110  2.46817e+17
110.587  7.58322e+18
111.174  2.56225e+18
111.76  5.75436e+18
112.347  7.02021e+17
112.934  5.95462e+18
113.52  6.44944e+17
114.107  2.90542e+18
114.694  2.05007e+18
115.28  3.17259e+18
115.867  3.99206e+18
116.454  1.12128e+19
117.04  3.22912e+17
117.627  4.72082e+18
118.214  7.61156e+17
118.8  1.72346e+17
119.387  8.99516e+18
119.974  7.61698e+18
120.56  2.95307e+18
121.147  6.57508e+18
121.734  2.78972e+18
122.32  2.28325e+18
122.907  2.97891e+18
123.494  4.46547e+18
124.08  6.42545e+17
124.667  5.08195e+18
125.254  6.42881e+18
125.84  5.76066e+18
126.427  1.5928e+18
127.014  3.91764e+18
127.6  2.05836e+17
128.187  2.21834e+18
128.774  2.18416e+18
129.36  6.23018e+18
129.947  4.88774e+18
130.534  7.70539e+18
131.12  1.31502e+18
131.707  1.38343e+18
132.294  7.42974e+17
132.88  2.18334e+18
133.467  1.16093e+19
134.054  5.67911e+18
134.64  2.46546e+18
135.227  2.61479e+18
135.814  3.44938e+18
136.4  3.12697e+18
136.987  1.04482e+19
137.574  1.83829e+18
138.16  3.44608e+18
138.747  1.8558e+18
139.334  1.7826e+19
139.92  4.22998e+18
140.507  4.34101e+18
141.094  2.95488e+17
141.68  3.66746e+18
142.267  1.24405e+18
142.854  2.70172e+19
143.44  3.91615e+18
144.027  6.67528e+17
144.614  2.54967e+18
145.2  9.25479e+18
145.787  3.45042e+18
146.374  1.69229e+19
146.96  1.67666e+18
147.547  4.12651e+18
148.134  4.71175e+18
148.721  2.00583e+19
149.307  4.84646e+18
149.894  2.5233e+18
150.481  1.07703e+17
151.067  3.92463e+18
151.654  1.37797e+19
152.241  1.98719e+19
152.827  3.62565e+18
153.414  3.29048e+18
154.001  1.86829e+18
154.587  3.68665e+18
155.174  1.33268e+19
155.761  1.0476e+19
156.347  5.64499e+17
156.934  1.35539e+19
157.521  1.05503e+19
158.107  2.65167e+18
158.694  1.2745e+19
159.281  1.51561e+18
159.867  5.617e+17
160.454  2.26795e+19
161.041  1.47654e+19
161.627  5.60041e+18
162.214  3.51967e+18
162.801  7.00675e+18
163.387  1.35099e+18
163.974  1.09801e+19
164.561  2.15202e+19
165.147  7.67483e+18
165.734  6.07181e+17
166.321  2.8547e+19
166.907  2.31273e+18
167.494  9.20268e+17
168.081  1.30196e+19
168.667  8.86708e+18
169.254  2.68246e+18
169.841  2.91922e+19
170.427  7.76398e+18
171.014  3.07427e+18
171.601  3.58602e+18
172.187  2.67492e+19
172.774  1.05655e+19
173.361  9.06684e+18
173.947  9.61931e+18
174.534  7.72761e+18
175.121  4.37695e+18
175.707  2.97372e+19
176.294  9.06323e+18
176.881  2.23436e+17
177.467  8.79683e+18
178.054  1.30204e+19
178.641  2.51427e+19
179.227  2.03443e+19
179.814  3.21594e+18
180.401  6.58769e+18
180.987  1.12058e+18
181.574  1.2004e+19
182.161  4.10995e+19
182.747  9.35285e+18
183.334  4.25634e+18
183.921  1.5066e+19
184.507  8.71916e+18
185.094  1.09025e+19
185.681  3.1168e+19
186.267  3.357e+18
186.854  1.8885e+18
187.441  1.58037e+19
188.027  2.64218e+19
188.614  1.31668e+19
189.201  1.20714e+19
189.787  1.47169e+19
190.374  2.70086e+17
190.961  7.47872e+18
191.547  2.82961e+19
192.134  7.14141e+18
192.721  1.38657e+18
193.307  3.25922e+19
193.894  9.04871e+17
194.481  2.68387e+18
195.067  1.24236e+19
195.654  4.68257e+18
196.241  5.16705e+17
196.827  3.76048e+19
197.414  2.32227e+18
198.001  1.45668e+18
198.587  1.5587e+18
199.174  8.75749e+18
199.761  4.10199e+18
200.347  2.96185e+19
200.934  2.78076e+18
201.521  1.03115e+18
202.107  5.5516e+18
202.694  1.41098e+19
203.281  1.13746e+18
203.867  1.59431e+19
204.454  2.01696e+18
205.041  1.44253e+18
205.627  2.32775e+19
206.214  1.6399e+19
206.801  4.70997e+17
207.388  3.04923e+18
207.974  5.11548e+18
208.561  1.8041e+18
209.148  2.31599e+19
209.734  8.03487e+18
210.321  8.76987e+17
210.908  3.47718e+17
211.494  1.90038e+19
212.081  2.046e+18
212.668  1.46135e+19
213.254  2.05117e+18
213.841  1.9264e+18
214.428  6.94438e+18
215.014  2.74008e+19
215.601  8.55636e+17
216.188  3.21515e+18
216.774  5.05304e+17
217.361  4.61982e+18
217.948  1.02071e+19
218.534  2.49326e+19
219.121  2.87051e+17
219.708  4.43839e+17
220.294  1.15484e+19
220.881  8.45275e+18
221.468  1.08581e+19
222.054  8.83955e+18
222.641  7.0161e+17
223.228  5.72298e+17
223.814  2.60347e+19
224.401  7.65691e+18
224.988  3.43154e+18
225.574  9.03389e+17
226.161  5.33859e+18
226.748  7.79043e+17
227.334  3.07924e+19
227.921  3.86489e+18
228.508  2.4758e+18
229.094  3.46872e+18
229.681  1.44188e+19
230.268  1.77457e+18
230.854  1.30605e+19
231.441  1.16076e+18
232.028  1.49661e+18
232.614  1.02191e+19
233.201  2.10417e+19
233.788  1.68815e+18
234.374  3.72969e+18
