#S 1 spectral density
#N 2
#UFWHM 5.28003
#L  abscissas [um]  spectral density
-234.375  1.40018e+18
-233.788  1.51929e+18
-233.202  5.19823e+18
-232.615  2.43933e+18
-232.028  6.89722e+17
-231.442  2.8191e+18
-230.855  2.70501e+18
-230.268  4.50224e+18
-229.682  2.74828e+18
-229.095  1.25815e+18
-228.508  3.61609e+18
-227.922  3.78669e+18
-227.335  1.7162e+19
-226.748  6.77546e+18
-226.162  2.33292e+18
-225.575  1.56014e+18
-224.988  8.06871e+17
-224.402  1.30562e+18
-223.815  2.09155e+19
-223.228  9.92593e+18
-222.642  1.23178e+19
-222.055  4.17037e+18
-221.468  1.2221e+19
-220.882  3.53867e+18
-220.295  1.18194e+19
-219.708  3.5841e+18
-219.122  1.83858e+19
-218.535  4.22669e+18
-217.948  2.8381e+19
-217.362  6.29169e+18
-216.775  3.6388e+18
-216.188  9.59075e+18
-215.602  2.42825e+19
-215.015  1.2136e+19
-214.428  2.61471e+19
-213.842  3.10583e+18
-213.255  8.83052e+18
-212.668  7.84102e+18
-212.082  2.62757e+19
-211.495  2.83867e+19
-210.908  1.89278e+19
-210.322  9.03727e+18
-209.735  2.96835e+19
-209.148  3.50536e+18
-208.562  1.97638e+19
-207.975  2.47626e+19
-207.388  3.18866e+18
-206.802  1.04961e+19
-206.215  3.05717e+19
-205.628  3.51091e+18
-205.041  1.43333e+19
-204.455  9.14421e+18
-203.868  7.52898e+18
-203.281  7.2555e+18
-202.695  1.82652e+19
-202.108  3.73549e+18
-201.521  5.59031e+18
-200.935  4.94448e+18
-200.348  4.30259e+19
-199.761  3.42595e+18
-199.175  1.27556e+19
-198.588  2.81312e+18
-198.001  1.82506e+18
-197.415  4.71552e+17
-196.828  3.89736e+19
-196.241  1.22322e+19
-195.655  1.46846e+19
-195.068  3.87512e+17
-194.481  1.66787e+19
-193.895  2.12896e+18
-193.308  1.80174e+19
-192.721  2.48232e+19
-192.135  9.89587e+18
-191.548  1.3846e+18
-190.961  2.41874e+19
-190.375  4.61171e+18
-189.788  1.01204e+19
-189.201  3.29267e+19
-188.615  2.93674e+18
-188.028  5.99948e+18
-187.441  2.28161e+19
-186.855  1.90787e+19
-186.268  5.81984e+18
-185.681  9.40804e+18
-185.095  4.965e+18
-184.508  2.64987e+18
-183.921  1.83679e+19
-183.335  2.28635e+19
-182.748  5.24918e+18
-182.161  1.40127e+18
-181.575  1.24032e+19
-180.988  5.04615e+17
-180.401  9.90844e+18
-179.815  9.58437e+18
-179.228  2.42845e+18
-178.641  2.09899e+18
-178.055  2.29684e+19
-177.468  1.09097e+19
-176.881  4.19452e+18
-176.295  2.19167e+18
-175.708  6.08503e+18
-175.121  1.18268e+19
-174.535  2.88483e+19
-173.948  1.06983e+19
-173.361  2.36897e+18
-172.775  5.99137e+18
-172.188  1.46063e+19
-171.601  1.92357e+19
-171.015  2.22534e+19
-170.428  8.95185e+18
-169.841  2.43344e+18
-169.255  1.60876e+19
-168.668  3.14842e+19
-168.081  1.82776e+19
-167.495  1.08719e+19
-166.908  4.35109e+18
-166.321  2.82893e+18
-165.735  2.48335e+19
-165.148  2.90351e+19
-164.561  1.93475e+19
-163.975  1.49918e+19
-163.388  1.19901e+18
-162.801  2.18509e+17
-162.215  2.07307e+19
-161.628  1.98396e+19
-161.041  2.03487e+19
-160.455  9.90835e+18
-159.868  5.383e+18
-159.281  1.54861e+17
-158.695  6.45732e+18
-158.108  9.96837e+18
-157.521  2.42524e+19
-156.935  4.33542e+18
-156.348  8.10934e+18
-155.761  1.66079e+18
-155.175  5.19641e+17
-154.588  3.25643e+18
-154.001  3.05651e+19
-153.415  5.55371e+18
-152.828  4.18019e+18
-152.241  1.11272e+19
-151.655  5.1403e+17
-151.068  6.21153e+18
-150.481  4.74188e+19
-149.895  1.74588e+19
-149.308  7.76011e+18
-148.721  6.13478e+18
-148.135  1.79085e+18
-147.548  1.39286e+19
-146.961  5.91544e+19
-146.375  3.46375e+19
-145.788  1.26633e+19
-145.201  3.38725e+18
-144.614  2.80881e+18
-144.028  1.86722e+19
-143.441  5.81392e+19
-142.854  3.79367e+19
-142.268  1.02474e+19
-141.681  1.0664e+19
-141.094  6.1011e+17
-140.508  9.85165e+18
-139.921  4.48257e+19
-139.334  2.93091e+19
-138.748  1.73386e+19
-138.161  4.71054e+18
-137.574  3.26473e+18
-136.988  1.07425e+19
-136.401  1.95399e+19
-135.814  1.67601e+19
-135.228  1.94323e+19
-134.641  1.21668e+18
-134.054  3.06818e+18
-133.468  5.93939e+18
-132.881  8.38851e+18
-132.294  1.65051e+19
-131.708  2.31064e+19
-131.121  8.48452e+17
-130.534  1.88209e+17
-129.948  5.86091e+18
-129.361  2.23936e+18
-128.774  3.83264e+19
-128.188  2.64222e+19
-127.601  2.22241e+18
-127.014  9.23843e+18
-126.428  8.49343e+18
-125.841  7.40099e+18
-125.254  6.5107e+19
-124.668  3.05532e+19
-124.081  8.6085e+18
-123.494  1.99424e+19
-122.908  2.16933e+19
-122.321  9.84286e+18
-121.734  6.11867e+19
-121.148  3.61788e+19
-120.561  1.43644e+19
-119.974  1.95938e+19
-119.388  3.85784e+19
-118.801  1.12126e+19
-118.214  3.54894e+19
-117.628  2.90237e+19
-117.041  7.82022e+18
-116.454  2.65468e+19
-115.868  2.17373e+19
-115.281  6.90026e+18
-114.694  2.99999e+19
-114.108  1.03745e+19
-113.521  5.3021e+18
-112.934  1.6198e+19
-112.348  1.11235e+19
-111.761  9.05302e+18
-111.174  1.68783e+19
-110.588  1.6496e+18
-110.001  1.12115e+19
-109.414  9.95134e+18
-108.828  2.27728e+18
-108.241  1.45246e+19
-107.654  1.26711e+19
-107.068  4.84279e+18
-106.481  2.70437e+19
-105.894  3.60012e+18
-105.308  1.02395e+19
-104.721  2.73739e+19
-104.134  7.72225e+18
-103.548  1.65954e+19
-102.961  3.48188e+19
-102.374  5.10496e+18
-101.788  2.15001e+19
-101.201  4.63015e+19
-100.614  1.91308e+19
-100.028  2.8641e+19
-99.4409  2.21048e+19
-98.8542  7.89096e+18
-98.2676  3.31273e+19
-97.6809  5.79809e+19
-97.0942  2.29688e+19
-96.5075  2.49387e+19
-95.9209  1.71315e+19
-95.3342  1.82053e+18
-94.7475  1.92085e+19
-94.1609  7.58951e+19
-93.5742  7.78435e+18
-92.9875  9.35551e+18
-92.4009  1.73845e+19
-91.8142  6.79708e+17
-91.2275  1.3543e+19
-90.6409  3.78757e+19
-90.0542  7.80311e+18
-89.4675  1.3622e+19
-88.8808  2.16551e+18
-88.2942  5.51584e+18
-87.7075  1.58759e+19
-87.1208  1.2053e+19
-86.5342  2.48073e+18
-85.9475  1.32289e+19
-85.3608  1.1902e+18
-84.7741  7.60568e+18
-84.1875  1.17163e+19
-83.6008  5.74442e+18
-83.0141  2.32437e+19
-82.4275  1.13087e+19
-81.8408  2.24665e+18
-81.2541  1.12381e+19
-80.6675  7.76141e+18
-80.0808  8.14543e+18
-79.4941  3.32634e+19
-78.9074  2.79526e+19
-78.3208  2.67339e+18
-77.7341  9.86191e+18
-77.1474  1.26037e+19
-76.5608  1.49796e+19
-75.9741  4.70766e+19
-75.3874  3.57306e+19
-74.8008  1.96315e+18
-74.2141  1.93828e+19
-73.6274  1.34833e+19
-73.0408  4.56017e+18
-72.4541  5.83451e+19
-71.8674  3.20929e+19
-71.2807  1.19184e+17
-70.6941  3.35801e+19
-70.1074  1.71805e+19
-69.5207  1.0088e+18
-68.9341  4.42689e+19
-68.3474  2.22067e+19
-67.7607  3.3556e+18
-67.174  2.07507e+19
-66.5874  2.61696e+19
-66.0007  6.97447e+17
-65.414  2.85797e+19
-64.8274  1.11412e+19
-64.2407  1.46202e+18
-63.654  1.35835e+19
-63.0674  1.62263e+19
-62.4807  5.31374e+18
-61.894  1.17982e+19
-61.3073  4.33343e+18
-60.7207  1.00065e+19
-60.134  1.02546e+19
-59.5473  4.77459e+18
-58.9607  1.01597e+19
-58.374  1.44809e+19
-57.7873  6.88766e+18
-57.2007  1.07826e+19
-56.614  2.21185e+19
-56.0273  4.0209e+18
-55.4407  1.68527e+19
-54.854  1.50895e+19
-54.2673  2.05832e+19
-53.6806  3.66028e+19
-53.094  8.85419e+18
-52.5073  1.17977e+19
-51.9206  6.1966e+19
-51.334  1.25983e+18
-50.7473  2.41176e+19
-50.1606  6.63454e+19
-49.5739  6.20966e+18
-48.9873  2.33368e+19
-48.4006  6.40449e+19
-47.8139  3.58643e+18
-47.2273  3.70639e+19
-46.6406  3.36377e+19
-46.0539  2.58307e+19
-45.4673  4.03497e+19
-44.8806  2.95535e+19
-44.2939  7.9144e+18
-43.7072  2.32179e+19
-43.1206  3.54311e+19
-42.5339  4.21447e+18
-41.9472  8.25796e+18
-41.3606  4.59883e+19
-40.7739  1.55138e+18
-40.1872  3.84688e+18
-39.6006  3.44214e+19
-39.0139  4.51959e+17
-38.4272  8.42743e+18
-37.8406  1.40862e+19
-37.2539  1.55242e+18
-36.6672  1.6359e+19
-36.0805  5.3002e+18
-35.4939  7.68391e+17
-34.9072  3.92803e+19
-34.3205  7.64429e+18
-33.7339  5.9755e+17
-33.1472  2.39611e+19
-32.5605  2.34701e+18
-31.9738  2.15644e+19
-31.3872  1.24759e+19
-30.8005  3.63417e+18
-30.2138  4.96423e+19
-29.6272  5.5347e+18
-29.0405  4.0551e+18
-28.4538  6.3198e+19
-27.8672  1.67036e+19
-27.2805  3.5657e+18
-26.6938  2.89194e+19
-26.1072  4.5942e+19
-25.5205  9.26391e+18
-24.9338  1.9757e+19
-24.3471  7.89426e+19
-23.7605  1.70437e+19
-23.1738  1.26484e+19
-22.5871  6.06329e+19
-22.0005  3.01721e+18
-21.4138  6.01195e+19
-20.8271  1.29114e+19
-20.2404  1.57859e+19
-19.6538  8.74225e+19
-19.0671  2.09895e+18
-18.4804  1.48529e+19
-17.8938  7.0366e+19
-17.3071  6.363e+18
-16.7204  1.17218e+17
-16.1338  1.93862e+19
-15.5471  5.69741e+19
-14.9604  3.76948e+19
-14.3737  2.18976e+19
-13.7871  6.5418e+19
-13.2004  4.797e+19
-12.6137  5.29698e+18
-12.0271  3.01169e+19
-11.4404  3.41088e+19
-10.8537  5.12048e+19
-10.2671  1.55439e+20
-9.68039  1.6315e+20
-9.09372  3.28635e+20
-8.50705  4.13324e+20
-7.92038  2.27463e+20
-7.33371  5.86464e+20
-6.74704  6.87938e+20
-6.16037  7.81332e+20
-5.5737  1.89319e+21
-4.98703  2.81282e+21
-4.40036  4.53941e+21
-3.81369  7.20945e+21
-3.22702  9.48227e+21
-2.64035  1.278e+22
-2.05368  1.57555e+22
-1.46701  1.81456e+22
-0.88034  2.08676e+22
-0.29367  2.17038e+22
0.293  2.17071e+22
0.87967  2.08635e+22
1.46634  1.81331e+22
2.05301  1.5746e+22
2.63968  1.27694e+22
3.22635  9.46457e+21
3.81302  7.19808e+21
4.39969  4.53127e+21
4.98636  2.80195e+21
5.57303  1.88581e+21
6.1597  7.77151e+20
6.74637  6.83101e+20
7.33304  5.83777e+20
7.91971  2.26299e+20
8.50638  4.12141e+20
9.09305  3.28231e+20
9.67972  1.62262e+20
10.2664  1.55043e+20
10.8531  5.11802e+19
11.4397  3.34366e+19
12.0264  2.96927e+19
12.6131  5.20666e+18
13.1997  4.76823e+19
13.7864  6.52884e+19
14.3731  2.16824e+19
14.9597  3.76621e+19
15.5464  5.69391e+19
16.1331  1.90668e+19
16.7198  1.18595e+17
17.3064  6.41925e+18
17.8931  7.00555e+19
18.4798  1.47703e+19
19.0664  2.11061e+18
19.6531  8.74611e+19
20.2398  1.5605e+19
20.8265  1.28063e+19
21.4131  6.01722e+19
21.9998  2.92049e+18
22.5865  6.04849e+19
23.1731  1.26901e+19
23.7598  1.69809e+19
24.3465  7.88198e+19
24.9331  1.97117e+19
25.5198  9.26201e+18
26.1065  4.59189e+19
26.6931  2.87742e+19
27.2798  3.58165e+18
27.8665  1.67362e+19
28.4532  6.30886e+19
29.0398  4.04473e+18
29.6265  5.54578e+18
30.2132  4.95759e+19
30.7998  3.71456e+18
31.3865  1.23967e+19
31.9732  2.15492e+19
32.5599  2.4233e+18
33.1465  2.3847e+19
33.7332  5.87157e+17
34.3199  7.66727e+18
34.9065  3.92293e+19
35.4932  7.56967e+17
36.0799  5.28473e+18
36.6665  1.63525e+19
37.2532  1.48096e+18
37.8399  1.40385e+19
38.4265  8.43983e+18
39.0132  4.34799e+17
39.5999  3.43311e+19
40.1866  3.79983e+18
40.7732  1.51583e+18
41.3599  4.59869e+19
41.9466  8.24429e+18
42.5332  4.2158e+18
43.1199  3.53139e+19
43.7066  2.31288e+19
44.2933  7.96329e+18
44.8799  2.9565e+19
45.4666  4.02601e+19
46.0533  2.58034e+19
46.6399  3.36205e+19
47.2266  3.69515e+19
47.8133  3.61002e+18
48.3999  6.40753e+19
48.9866  2.3282e+19
49.5733  6.2109e+18
50.1599  6.63241e+19
50.7466  2.41742e+19
51.3333  1.27041e+18
51.92  6.1773e+19
52.5066  1.19036e+19
53.0933  8.9107e+18
53.68  3.65403e+19
54.2666  2.06289e+19
54.8533  1.50789e+19
55.44  1.67324e+19
56.0266  4.00647e+18
56.6133  2.21491e+19
57.2  1.08305e+19
57.7867  6.84496e+18
58.3733  1.44126e+19
58.96  1.00744e+19
59.5467  4.81818e+18
60.1333  1.01728e+19
60.72  9.98135e+18
61.3067  4.35714e+18
61.8933  1.17257e+19
62.48  5.24122e+18
63.0667  1.61612e+19
63.6534  1.36476e+19
64.24  1.44855e+18
64.8267  1.11361e+19
65.4134  2.8468e+19
66  6.82601e+17
66.5867  2.60782e+19
67.1734  2.07618e+19
67.7601  3.4223e+18
68.3467  2.22866e+19
68.9334  4.39714e+19
69.5201  1.01067e+18
70.1067  1.71591e+19
70.6934  3.35472e+19
71.2801  1.20879e+17
71.8667  3.21447e+19
72.4534  5.81299e+19
73.0401  4.56989e+18
73.6268  1.33767e+19
74.2134  1.94027e+19
74.8001  1.99468e+18
75.3868  3.56935e+19
75.9734  4.70087e+19
76.5601  1.5054e+19
77.1468  1.25357e+19
77.7334  9.79092e+18
78.3201  2.70028e+18
78.9068  2.79551e+19
79.4934  3.31701e+19
80.0801  8.18802e+18
80.6668  7.77622e+18
81.2535  1.11246e+19
81.8401  2.2455e+18
82.4268  1.1213e+19
83.0135  2.32227e+19
83.6001  5.74431e+18
84.1868  1.16816e+19
84.7735  7.57369e+18
85.3602  1.17299e+18
85.9468  1.31017e+19
86.5335  2.50477e+18
87.1202  1.20337e+19
87.7068  1.58312e+19
88.2935  5.43521e+18
88.8802  2.16096e+18
89.4668  1.35528e+19
90.0535  7.87196e+18
90.6402  3.78443e+19
91.2268  1.34913e+19
91.8135  6.50087e+17
92.4002  1.73221e+19
92.9869  9.34315e+18
93.5735  7.82444e+18
94.1602  7.56843e+19
94.7469  1.92185e+19
95.3335  1.84755e+18
95.9202  1.70751e+19
96.5069  2.4874e+19
97.0935  2.30482e+19
97.6802  5.77806e+19
98.2669  3.31111e+19
98.8536  7.98524e+18
99.4402  2.21431e+19
100.027  2.84502e+19
100.614  1.91127e+19
101.2  4.6137e+19
101.787  2.15082e+19
102.374  5.16684e+18
102.96  3.4808e+19
103.547  1.65098e+19
104.134  7.71018e+18
104.72  2.71282e+19
105.307  1.03278e+19
105.894  3.66467e+18
106.48  2.68887e+19
107.067  4.81913e+18
107.654  1.26052e+19
108.24  1.43974e+19
108.827  2.27619e+18
109.414  9.99585e+18
110  1.11593e+19
110.587  1.67742e+18
111.174  1.66387e+19
111.76  9.01324e+18
112.347  1.11377e+19
112.934  1.61663e+19
113.52  5.29221e+18
114.107  1.04679e+19
114.694  2.97125e+19
115.28  6.89464e+18
115.867  2.16573e+19
116.454  2.65072e+19
117.04  7.88282e+18
117.627  2.90145e+19
118.214  3.52346e+19
118.8  1.11608e+19
119.387  3.84014e+19
119.974  1.95947e+19
120.56  1.44473e+19
121.147  3.61803e+19
121.734  6.0874e+19
122.32  9.80326e+18
122.907  2.15021e+19
123.494  1.99131e+19
124.08  8.71001e+18
124.667  3.05023e+19
125.254  6.46928e+19
125.84  7.39587e+18
126.427  8.38716e+18
127.014  9.18976e+18
127.6  2.27714e+18
128.187  2.63886e+19
128.774  3.80538e+19
129.36  2.24046e+18
129.947  5.767e+18
130.534  1.9455e+17
131.12  8.20232e+17
131.707  2.29598e+19
132.294  1.64511e+19
132.88  8.35087e+18
133.467  5.83008e+18
134.054  3.02747e+18
134.64  1.22227e+18
135.227  1.93523e+19
135.814  1.68221e+19
136.4  1.93703e+19
136.987  1.06225e+19
137.574  3.23567e+18
138.16  4.69214e+18
138.747  1.72754e+19
139.334  2.9417e+19
139.92  4.44469e+19
140.507  9.77401e+18
141.094  6.16955e+17
141.68  1.06438e+19
142.267  1.02293e+19
142.854  3.79781e+19
143.44  5.78147e+19
144.027  1.86158e+19
144.614  2.80207e+18
145.2  3.37596e+18
145.787  1.25377e+19
146.374  3.46328e+19
146.96  5.88019e+19
147.547  1.38581e+19
148.134  1.7804e+18
148.721  6.10456e+18
149.307  7.61623e+18
149.894  1.74478e+19
150.481  4.70386e+19
151.067  6.20674e+18
151.654  4.88139e+17
152.241  1.10757e+19
152.827  4.08052e+18
153.414  5.55658e+18
154.001  3.02137e+19
154.587  3.25084e+18
155.174  5.01261e+17
155.761  1.64656e+18
156.347  7.96784e+18
156.934  4.29162e+18
157.521  2.40448e+19
158.107  9.93226e+18
158.694  6.32742e+18
159.281  1.50455e+17
159.867  5.23879e+18
160.454  9.7967e+18
161.041  2.02653e+19
161.627  1.9724e+19
162.214  2.05149e+19
162.801  2.28681e+17
163.387  1.17456e+18
163.974  1.48137e+19
164.561  1.9311e+19
165.147  2.88309e+19
165.734  2.4575e+19
166.321  2.8752e+18
166.907  4.44495e+18
167.494  1.06848e+19
168.081  1.81274e+19
168.667  3.12242e+19
169.254  1.59379e+19
169.841  2.52097e+18
170.427  9.06857e+18
171.014  2.19492e+19
171.601  1.90687e+19
172.187  1.43937e+19
172.774  5.91525e+18
173.361  2.45098e+18
173.947  1.07541e+19
174.534  2.84664e+19
175.121  1.17134e+19
175.707  5.92237e+18
176.294  2.18308e+18
176.881  4.12229e+18
177.467  1.09094e+19
178.054  2.26692e+19
178.641  2.0662e+18
179.227  2.31891e+18
179.814  9.55269e+18
180.401  9.73134e+18
180.987  5.11651e+17
181.574  1.21691e+19
182.161  1.39709e+18
182.747  5.06774e+18
183.334  2.28147e+19
183.921  1.81242e+19
184.507  2.66578e+18
185.094  4.82322e+18
185.681  9.32651e+18
186.267  5.64575e+18
186.854  1.89932e+19
187.441  2.25375e+19
188.027  6.05051e+18
188.614  2.89053e+18
189.201  3.27261e+19
189.787  9.90988e+18
190.374  4.57381e+18
190.961  2.38339e+19
191.547  1.42454e+18
192.134  9.98612e+18
192.721  2.46658e+19
193.307  1.76857e+19
193.894  2.14218e+18
194.481  1.64052e+19
195.067  3.65133e+17
195.654  1.4739e+19
196.241  1.21483e+19
196.827  3.84793e+19
197.414  4.60152e+17
198.001  1.77075e+18
198.587  2.74629e+18
199.174  1.27185e+19
199.761  3.3398e+18
200.347  4.25777e+19
200.934  4.78994e+18
201.521  5.63445e+18
202.107  3.72451e+18
202.694  1.79844e+19
203.281  7.07464e+18
203.867  7.40138e+18
204.454  8.98267e+18
205.041  1.43989e+19
205.627  3.58559e+18
206.214  3.02595e+19
206.801  1.02539e+19
207.388  3.16401e+18
207.974  2.46114e+19
208.561  1.95951e+19
209.148  3.53362e+18
209.734  2.93623e+19
210.321  8.78627e+18
210.908  1.88234e+19
211.494  2.81688e+19
212.081  2.58724e+19
212.668  7.76576e+18
213.254  8.68447e+18
213.841  2.95636e+18
214.428  2.60264e+19
215.014  1.20615e+19
215.601  2.40117e+19
216.188  9.54383e+18
216.774  3.58821e+18
217.361  6.21241e+18
217.948  2.82346e+19
218.534  4.13115e+18
219.121  1.83195e+19
219.708  3.7113e+18
220.294  1.18062e+19
220.881  3.5375e+18
221.468  1.21814e+19
222.054  4.05802e+18
222.641  1.22823e+19
223.228  1.01661e+19
223.814  2.08443e+19
224.401  1.23488e+18
224.988  8.14238e+17
225.574  1.50917e+18
226.161  2.36221e+18
226.748  6.94653e+18
227.334  1.70558e+19
227.921  3.68179e+18
228.508  3.65643e+18
229.094  1.25935e+18
229.681  2.73649e+18
230.268  4.57987e+18
230.854  2.63825e+18
231.441  2.74576e+18
232.028  7.07553e+17
232.614  2.52063e+18
233.201  5.13629e+18
233.788  1.52219e+18
234.374  1.39273e+18
