#S 1 spectral density
#N 2
#UFWHM 6.45337
#L  abscissas [um]  spectral density
-234.375  2.01691e+19
-233.788  1.02311e+19
-233.202  1.49544e+19
-232.615  1.43114e+19
-232.028  2.39497e+19
-231.442  1.26169e+19
-230.855  2.22871e+19
-230.268  5.46118e+18
-229.682  1.64793e+19
-229.095  8.39761e+18
-228.508  3.27954e+19
-227.922  6.48884e+18
-227.335  2.39593e+19
-226.748  7.5798e+18
-226.162  2.7023e+19
-225.575  1.70942e+18
-224.988  2.5783e+19
-224.402  3.15311e+18
-223.815  2.7864e+19
-223.228  7.66135e+18
-222.642  3.83552e+19
-222.055  3.1076e+18
-221.468  1.86841e+19
-220.882  5.96619e+17
-220.295  3.2843e+19
-219.708  4.23295e+18
-219.122  3.36901e+19
-218.535  7.11736e+18
-217.948  2.27289e+19
-217.362  8.47939e+17
-216.775  3.00183e+19
-216.188  7.20595e+18
-215.602  1.76283e+19
-215.015  8.71565e+18
-214.428  2.80861e+19
-213.842  1.11384e+19
-213.255  1.94964e+19
-212.668  5.25475e+18
-212.082  1.18926e+19
-211.495  1.20318e+19
-210.908  2.40349e+19
-210.322  3.23499e+19
-209.735  8.88961e+18
-209.148  1.28638e+18
-208.562  2.63268e+19
-207.975  2.51222e+19
-207.388  1.96996e+19
-206.802  4.23524e+19
-206.215  1.52732e+18
-205.628  4.69003e+18
-205.041  3.60567e+19
-204.455  4.42295e+19
-203.868  2.65378e+19
-203.281  2.60157e+19
-202.695  2.18873e+18
-202.108  1.54177e+19
-201.521  2.13155e+19
-200.935  5.77914e+19
-200.348  3.25796e+19
-199.761  7.78314e+18
-199.175  1.14639e+19
-198.588  2.7803e+19
-198.001  1.44657e+19
-197.415  5.7152e+19
-196.828  1.69188e+19
-196.241  7.50243e+18
-195.655  9.64524e+18
-195.068  3.97396e+19
-194.481  2.07268e+19
-193.895  3.44435e+19
-193.308  4.84036e+18
-192.721  2.14377e+19
-192.135  1.08873e+18
-191.548  5.28408e+19
-190.961  2.15577e+19
-190.375  1.01104e+19
-189.788  2.08911e+18
-189.201  2.41905e+19
-188.615  2.8186e+18
-188.028  5.53609e+19
-187.441  1.67773e+19
-186.855  7.46834e+18
-186.268  1.66574e+18
-185.681  1.95314e+19
-185.095  1.31549e+19
-184.508  3.16766e+19
-183.921  1.09976e+19
-183.335  1.24444e+19
-182.748  4.49705e+18
-182.161  2.57897e+19
-181.575  2.21581e+19
-180.988  7.79214e+18
-180.401  7.66835e+18
-179.815  8.43272e+18
-179.228  1.11239e+19
-178.641  2.48527e+19
-178.055  2.46264e+19
-177.468  3.57992e+18
-176.881  8.12383e+18
-176.295  8.96969e+18
-175.708  1.7926e+19
-175.121  1.30544e+19
-174.535  2.13245e+19
-173.948  5.41482e+18
-173.361  1.62198e+19
-172.775  1.64992e+19
-172.188  1.47107e+19
-171.601  5.24897e+18
-171.015  1.98714e+19
-170.428  2.39504e+18
-169.841  2.90929e+19
-169.255  2.46611e+19
-168.668  1.03656e+19
-168.081  2.3493e+18
-167.495  2.41102e+19
-166.908  3.38412e+17
-166.321  3.31739e+19
-165.735  2.42477e+19
-165.148  7.80223e+18
-164.561  3.82515e+18
-163.975  3.53147e+19
-163.388  7.81298e+18
-162.801  2.21255e+19
-162.215  1.41043e+19
-161.628  7.66513e+18
-161.041  8.89791e+18
-160.455  3.69914e+19
-159.868  1.78231e+19
-159.281  1.06795e+19
-158.695  6.63315e+18
-158.108  8.78122e+18
-157.521  1.46832e+19
-156.935  2.88459e+19
-156.348  2.07027e+19
-155.761  7.53293e+18
-155.175  6.78865e+18
-154.588  1.66729e+19
-154.001  2.13292e+19
-153.415  1.42694e+19
-152.828  1.8666e+19
-152.241  7.50206e+18
-151.655  1.15552e+19
-151.068  3.15181e+19
-150.481  2.53763e+19
-149.895  2.12358e+18
-149.308  2.01054e+19
-148.721  4.54333e+18
-148.135  1.63023e+19
-147.548  3.81297e+19
-146.961  2.46198e+19
-146.375  4.57178e+17
-145.788  2.407e+19
-145.201  5.67511e+18
-144.614  1.85675e+19
-144.028  2.9467e+19
-143.441  1.77866e+19
-142.854  2.66908e+18
-142.268  3.11141e+19
-141.681  1.08451e+19
-141.094  1.79968e+19
-140.508  1.55086e+19
-139.921  8.42723e+18
-139.334  5.64807e+18
-138.748  3.75856e+19
-138.161  1.36217e+19
-137.574  1.29459e+19
-136.988  7.46525e+18
-136.401  5.06531e+18
-135.814  1.4471e+19
-135.228  2.70245e+19
-134.641  1.58341e+19
-134.054  1.03394e+19
-133.468  4.55003e+18
-132.881  1.23607e+19
-132.294  2.84133e+19
-131.708  1.19899e+19
-131.121  1.67356e+19
-130.534  1.2359e+19
-129.948  3.76659e+18
-129.361  2.48405e+19
-128.774  4.24892e+19
-128.188  2.92055e+18
-127.601  1.99866e+19
-127.014  1.88309e+19
-126.428  4.42592e+18
-125.841  3.15445e+19
-125.254  4.21443e+19
-124.668  1.08553e+18
-124.081  2.99198e+19
-123.494  2.33477e+19
-122.908  5.17216e+18
-122.321  2.86048e+19
-121.734  2.83446e+19
-121.148  2.93922e+17
-120.561  3.413e+19
-119.974  2.34372e+19
-119.388  5.07119e+18
-118.801  1.88656e+19
-118.214  1.38026e+19
-117.628  2.16561e+18
-117.041  2.79956e+19
-116.454  1.68839e+19
-115.868  5.2419e+18
-115.281  1.00272e+19
-114.694  7.09802e+18
-114.108  1.11601e+19
-113.521  1.92782e+19
-112.934  5.90236e+18
-112.348  8.1338e+18
-111.761  7.14792e+18
-111.174  8.11901e+18
-110.588  2.51761e+19
-110.001  1.12836e+19
-109.414  6.70412e+18
-108.828  1.77157e+19
-108.241  7.16782e+18
-107.654  1.39963e+19
-107.068  3.55901e+19
-106.481  7.37512e+18
-105.894  2.02068e+19
-105.308  3.37534e+19
-104.721  9.73701e+18
-104.134  1.60916e+19
-103.548  4.23352e+19
-102.961  2.34527e+18
-102.374  3.14454e+19
-101.788  5.24953e+19
-101.201  1.10912e+19
-100.614  1.25972e+19
-100.028  3.92361e+19
-99.4409  7.91995e+16
-98.8542  3.18657e+19
-98.2676  5.36152e+19
-97.6809  8.28895e+18
-97.0942  1.1214e+19
-96.5075  2.30864e+19
-95.9209  1.65237e+18
-95.3342  2.91229e+19
-94.7475  2.83813e+19
-94.1609  3.57024e+18
-93.5742  1.16904e+19
-92.9875  1.03685e+19
-92.4009  9.61265e+18
-91.8142  2.06965e+19
-91.2275  7.22875e+18
-90.6409  4.07809e+18
-90.0542  9.40186e+18
-89.4675  6.0515e+18
-88.8808  2.26969e+19
-88.2942  1.64326e+19
-87.7075  1.55155e+17
-87.1208  2.04914e+19
-86.5342  1.27429e+19
-85.9475  5.66186e+18
-85.3608  3.00298e+19
-84.7741  1.5735e+19
-84.1875  9.03707e+18
-83.6008  4.51128e+19
-83.0141  2.17374e+19
-82.4275  5.1923e+18
-81.8408  3.41216e+19
-81.2541  1.00084e+19
-80.6675  1.9e+19
-80.0808  6.7435e+19
-79.4941  2.23153e+19
-78.9074  3.30421e+18
-78.3208  3.74255e+19
-77.7341  5.80457e+18
-77.1474  2.27113e+19
-76.5608  6.13866e+19
-75.9741  2.02018e+19
-75.3874  4.85136e+18
-74.8008  2.87635e+19
-74.2141  6.83488e+18
-73.6274  2.29824e+19
-73.0408  3.66395e+19
-72.4541  9.68288e+18
-71.8674  6.36932e+18
-71.2807  1.75615e+19
-70.6941  9.97054e+18
-70.1074  1.73431e+19
-69.5207  1.39883e+19
-68.9341  1.61282e+18
-68.3474  8.63551e+18
-67.7607  8.99953e+18
-67.174  1.12293e+19
-66.5874  1.60448e+19
-66.0007  1.25218e+18
-65.414  8.21795e+18
-64.8274  1.6635e+19
-64.2407  1.90787e+18
-63.654  1.72249e+19
-63.0674  1.6617e+19
-62.4807  1.55187e+18
-61.894  2.89929e+19
-61.3073  2.56462e+19
-60.7207  7.42635e+17
-60.134  3.10249e+19
-59.5473  1.73226e+19
-58.9607  2.8031e+18
-58.374  5.34803e+19
-57.7873  3.37618e+19
-57.2007  1.0712e+18
-56.614  3.89658e+19
-56.0273  2.44395e+19
-55.4407  4.57695e+18
-54.854  5.45836e+19
-54.2673  3.93949e+19
-53.6806  1.20749e+18
-53.094  3.48958e+19
-52.5073  2.66675e+19
-51.9206  6.45199e+18
-51.334  4.14709e+19
-50.7473  2.68257e+19
-50.1606  2.53234e+18
-49.5739  2.59591e+19
-48.9873  1.39419e+19
-48.4006  9.76938e+18
-47.8139  2.47498e+19
-47.2273  7.09454e+18
-46.6406  5.90011e+18
-46.0539  1.23629e+19
-45.4673  3.91804e+18
-44.8806  1.53971e+19
-44.2939  8.0139e+18
-43.7072  1.14554e+18
-43.1206  1.38325e+19
-42.5339  5.1756e+18
-41.9472  7.36503e+18
-41.3606  2.32472e+19
-40.7739  2.60629e+18
-40.1872  1.25206e+19
-39.6006  2.95439e+19
-39.0139  1.92696e+18
-38.4272  2.55503e+19
-37.8406  3.51873e+19
-37.2539  9.64207e+17
-36.6672  3.53176e+19
-36.0805  4.60056e+19
-35.4939  1.44635e+18
-34.9072  4.01376e+19
-34.3205  4.92914e+19
-33.7339  2.5311e+17
-33.1472  4.04527e+19
-32.5605  5.92662e+19
-31.9738  8.97357e+17
-31.3872  4.25409e+19
-30.8005  4.54727e+19
-30.2138  9.79777e+17
-29.6272  3.71254e+19
-29.0405  4.46245e+19
-28.4538  4.83805e+18
-27.8672  2.95432e+19
-27.2805  2.5043e+19
-26.6938  6.13811e+18
-26.1072  2.74581e+19
-25.5205  1.73573e+19
-24.9338  5.55705e+18
-24.3471  2.03383e+19
-23.7605  4.86428e+18
-23.1738  2.92042e+18
-22.5871  2.3628e+19
-22.0005  2.49444e+18
-21.4138  8.65535e+18
-20.8271  1.62006e+19
-20.2404  1.49091e+18
-19.6538  1.78816e+19
-19.0671  8.8916e+18
-18.4804  2.78539e+18
-17.8938  4.16913e+19
-17.3071  4.20687e+18
-16.7204  1.50079e+19
-16.1338  5.71204e+19
-15.5471  1.48323e+19
-14.9604  3.24785e+19
-14.3737  4.16337e+19
-13.7871  2.00295e+19
-13.2004  5.65018e+19
-12.6137  3.40765e+19
-12.0271  5.9178e+19
-11.4404  1.25027e+20
-10.8537  1.10403e+20
-10.2671  9.11992e+19
-9.68039  1.27265e+20
-9.09372  2.77929e+20
-8.50705  1.02249e+20
-7.92038  1.53653e+20
-7.33371  8.98375e+20
-6.74704  8.28195e+20
-6.16037  1.34169e+21
-5.5737  3.46479e+21
-4.98703  4.0629e+21
-4.40036  5.42888e+21
-3.81369  9.04945e+21
-3.22702  1.05953e+22
-2.64035  1.23061e+22
-2.05368  1.63397e+22
-1.46701  1.77265e+22
-0.88034  1.79719e+22
-0.29367  2.01994e+22
0.293  2.01974e+22
0.87967  1.79668e+22
1.46634  1.77185e+22
2.05301  1.63272e+22
2.63968  1.22941e+22
3.22635  1.05831e+22
3.81302  9.0362e+21
4.39969  5.42001e+21
4.98636  4.05617e+21
5.57303  3.45736e+21
6.1597  1.338e+21
6.74637  8.25673e+20
7.33304  8.96711e+20
7.91971  1.52929e+20
8.50638  1.01863e+20
9.09305  2.78713e+20
9.67972  1.26728e+20
10.2664  9.06456e+19
10.8531  1.11263e+20
11.4397  1.24422e+20
12.0264  5.88268e+19
12.6131  3.44315e+19
13.1997  5.62757e+19
13.7864  2.01143e+19
14.3731  4.13259e+19
14.9597  3.26732e+19
15.5464  1.50326e+19
16.1331  5.67085e+19
16.7198  1.50484e+19
17.3064  4.32821e+18
17.8931  4.14636e+19
18.4798  2.79758e+18
19.0664  8.8677e+18
19.6531  1.79556e+19
20.2398  1.48369e+18
20.8265  1.60195e+19
21.4131  8.75625e+18
21.9998  2.56647e+18
22.5865  2.34893e+19
23.1731  2.95247e+18
23.7598  4.93699e+18
24.3465  2.02744e+19
24.9331  5.54888e+18
25.5198  1.72183e+19
26.1065  2.7635e+19
26.6931  6.19052e+18
27.2798  2.48642e+19
27.8665  2.95759e+19
28.4532  4.86968e+18
29.0398  4.45627e+19
29.6265  3.71135e+19
30.2132  1.01022e+18
30.7998  4.56039e+19
31.3865  4.22255e+19
31.9732  8.92354e+17
32.5599  5.953e+19
33.1465  4.03034e+19
33.7332  2.56152e+17
34.3199  4.9242e+19
34.9065  4.00471e+19
35.4932  1.46428e+18
36.0799  4.59445e+19
36.6665  3.5404e+19
37.2532  9.92607e+17
37.8399  3.49192e+19
38.4265  2.55878e+19
39.0132  1.95379e+18
39.5999  2.95841e+19
40.1866  1.25043e+19
40.7732  2.5774e+18
41.3599  2.32379e+19
41.9466  7.33905e+18
42.5332  5.12234e+18
43.1199  1.396e+19
43.7066  1.14933e+18
44.2933  7.93569e+18
44.8799  1.538e+19
45.4666  4.00627e+18
46.0533  1.238e+19
46.6399  5.8881e+18
47.2266  7.12837e+18
47.8133  2.47415e+19
48.3999  9.7318e+18
48.9866  1.40143e+19
49.5733  2.60117e+19
50.1599  2.53041e+18
50.7466  2.68584e+19
51.3333  4.13717e+19
51.92  6.49945e+18
52.5066  2.67114e+19
53.0933  3.48309e+19
53.68  1.20663e+18
54.2666  3.94578e+19
54.8533  5.44749e+19
55.44  4.58791e+18
56.0266  2.44e+19
56.6133  3.88907e+19
57.2  1.04214e+18
57.7867  3.37906e+19
58.3733  5.34007e+19
58.96  2.79993e+18
59.5467  1.7236e+19
60.1333  3.0935e+19
60.72  7.30693e+17
61.3067  2.56665e+19
61.8933  2.8942e+19
62.48  1.54112e+18
63.0667  1.65645e+19
63.6534  1.71722e+19
64.24  1.95719e+18
64.8267  1.66281e+19
65.4134  8.2131e+18
66  1.22657e+18
66.5867  1.59995e+19
67.1734  1.12875e+19
67.7601  9.0204e+18
68.3467  8.61684e+18
68.9334  1.65154e+18
69.5201  1.38982e+19
70.1067  1.73052e+19
70.6934  1.00609e+19
71.2801  1.75528e+19
71.8667  6.31658e+18
72.4534  9.73955e+18
73.0401  3.65605e+19
73.6268  2.29309e+19
74.2134  6.82651e+18
74.8001  2.88058e+19
75.3868  4.77488e+18
75.9734  2.02747e+19
76.5601  6.1272e+19
77.1468  2.27032e+19
77.7334  5.77802e+18
78.3201  3.73084e+19
78.9068  3.26019e+18
79.4934  2.24494e+19
80.0801  6.71181e+19
80.6668  1.90907e+19
81.2535  9.98543e+18
81.8401  3.40284e+19
82.4268  5.14903e+18
83.0135  2.17415e+19
83.6001  4.49682e+19
84.1868  9.06194e+18
84.7735  1.56794e+19
85.3602  3.00405e+19
85.9468  5.68375e+18
86.5335  1.26483e+19
87.1202  2.04348e+19
87.7068  1.62368e+17
88.2935  1.64188e+19
88.8802  2.26934e+19
89.4668  6.15086e+18
90.0535  9.34194e+18
90.6402  4.08654e+18
91.2268  7.14874e+18
91.8135  2.0757e+19
92.4002  9.61769e+18
92.9869  1.0432e+19
93.5735  1.15637e+19
94.1602  3.62245e+18
94.7469  2.82826e+19
95.3335  2.91536e+19
95.9202  1.65682e+18
96.5069  2.30975e+19
97.0935  1.10778e+19
97.6802  8.30524e+18
98.2669  5.35333e+19
98.8536  3.18557e+19
99.4402  8.10991e+16
100.027  3.91593e+19
100.614  1.24818e+19
101.2  1.11054e+19
101.787  5.23922e+19
102.374  3.13771e+19
102.96  2.36603e+18
103.547  4.21663e+19
104.134  1.6053e+19
104.72  9.74562e+18
105.307  3.36156e+19
105.894  2.02077e+19
106.48  7.40613e+18
107.067  3.54481e+19
107.654  1.40612e+19
108.24  7.13614e+18
108.827  1.76445e+19
109.414  6.69078e+18
110  1.12803e+19
110.587  2.50945e+19
111.174  8.2146e+18
111.76  7.05849e+18
112.347  8.13435e+18
112.934  5.90455e+18
113.52  1.92671e+19
114.107  1.112e+19
114.694  7.16339e+18
115.28  9.8943e+18
115.867  5.2794e+18
116.454  1.68149e+19
117.04  2.80371e+19
117.627  2.12377e+18
118.214  1.378e+19
118.8  1.86649e+19
119.387  5.13071e+18
119.974  2.33472e+19
120.56  3.41043e+19
121.147  2.92273e+17
121.734  2.82813e+19
122.32  2.83912e+19
122.907  5.23803e+18
123.494  2.32616e+19
124.08  2.98534e+19
124.667  1.10694e+18
125.254  4.2035e+19
125.84  3.14309e+19
126.427  4.47317e+18
127.014  1.87449e+19
127.6  1.99471e+19
128.187  2.94276e+18
128.774  4.23717e+19
129.36  2.48734e+19
129.947  3.81422e+18
130.534  1.23327e+19
131.12  1.67018e+19
131.707  1.20592e+19
132.294  2.82866e+19
132.88  1.24175e+19
133.467  4.55823e+18
134.054  1.03695e+19
134.64  1.57832e+19
135.227  2.71151e+19
135.814  1.44318e+19
136.4  5.12603e+18
136.987  7.35661e+18
137.574  1.30353e+19
138.16  1.36033e+19
138.747  3.76534e+19
139.334  5.63488e+18
139.92  8.49815e+18
140.507  1.53114e+19
141.094  1.80891e+19
141.68  1.07765e+19
142.267  3.11798e+19
142.854  2.65766e+18
143.44  1.77809e+19
144.027  2.92204e+19
144.614  1.86919e+19
145.2  5.61045e+18
145.787  2.4097e+19
146.374  4.69989e+17
146.96  2.46146e+19
147.547  3.78883e+19
148.134  1.64719e+19
148.721  4.55162e+18
149.307  2.00839e+19
149.894  2.14286e+18
150.481  2.53093e+19
151.067  3.13847e+19
151.654  1.16825e+19
152.241  7.55265e+18
152.827  1.86171e+19
153.414  1.42568e+19
154.001  2.13058e+19
154.587  1.66638e+19
155.174  6.8261e+18
155.761  7.58879e+18
156.347  2.06153e+19
156.934  2.89136e+19
157.521  1.46576e+19
158.107  8.86287e+18
158.694  6.59196e+18
159.281  1.07126e+19
159.867  1.77435e+19
160.454  3.71295e+19
161.041  8.87054e+18
161.627  7.77832e+18
162.214  1.3943e+19
162.801  2.21992e+19
163.387  7.74928e+18
163.974  3.54003e+19
164.561  3.80252e+18
165.147  7.91306e+18
165.734  2.39947e+19
166.321  3.33183e+19
166.907  3.213e+17
167.494  2.42131e+19
168.081  2.28771e+18
168.667  1.04908e+19
169.254  2.43942e+19
169.841  2.92107e+19
170.427  2.42725e+18
171.014  1.99329e+19
171.601  5.12e+18
172.187  1.4819e+19
172.774  1.62974e+19
173.361  1.6319e+19
173.947  5.49785e+18
174.534  2.13425e+19
175.121  1.29267e+19
175.707  1.80122e+19
176.294  8.91149e+18
176.881  8.17669e+18
177.467  3.66518e+18
178.054  2.46147e+19
178.641  2.47519e+19
179.227  1.12069e+19
179.814  8.5189e+18
180.401  7.66677e+18
180.987  7.80867e+18
181.574  2.21116e+19
182.161  2.57534e+19
182.747  4.52294e+18
183.334  1.26365e+19
183.921  1.09377e+19
184.507  3.1586e+19
185.094  1.31227e+19
185.681  1.95735e+19
186.267  1.65678e+18
186.854  7.5979e+18
187.441  1.66372e+19
188.027  5.52688e+19
188.614  2.82552e+18
189.201  2.42646e+19
189.787  2.06777e+18
190.374  1.01441e+19
190.961  2.13932e+19
191.547  5.28471e+19
192.134  1.10998e+18
192.721  2.15652e+19
193.307  4.74265e+18
193.894  3.44e+19
194.481  2.04728e+19
195.067  3.98276e+19
195.654  9.70284e+18
196.241  7.57643e+18
196.827  1.66481e+19
197.414  5.71492e+19
198.001  1.42306e+19
198.587  2.7864e+19
199.174  1.15221e+19
199.761  7.78128e+18
200.347  3.21354e+19
200.934  5.77955e+19
201.521  2.11762e+19
202.107  1.54409e+19
202.694  2.20442e+18
203.281  2.59552e+19
203.867  2.61565e+19
204.454  4.41845e+19
205.041  3.5936e+19
205.627  4.73122e+18
206.214  1.4814e+18
206.801  4.22181e+19
207.388  1.94756e+19
207.974  2.49602e+19
208.561  2.62176e+19
209.148  1.33878e+18
209.734  8.88281e+18
210.321  3.21432e+19
210.908  2.40036e+19
211.494  1.18392e+19
212.081  1.1855e+19
212.668  5.35462e+18
213.254  1.95681e+19
213.841  1.10709e+19
214.428  2.81206e+19
215.014  8.59473e+18
215.601  1.76383e+19
216.188  7.26703e+18
216.774  2.99689e+19
217.361  8.46604e+17
217.948  2.27635e+19
218.534  7.03729e+18
219.121  3.37418e+19
219.708  4.28576e+18
220.294  3.27775e+19
220.881  5.7894e+17
221.468  1.87554e+19
222.054  3.04723e+18
222.641  3.83384e+19
223.228  7.76879e+18
223.814  2.77558e+19
224.401  3.08784e+18
224.988  2.58696e+19
225.574  1.69976e+18
226.161  2.69793e+19
226.748  7.65793e+18
227.334  2.38879e+19
227.921  6.42842e+18
228.508  3.28317e+19
229.094  8.42936e+18
229.681  1.64043e+19
230.268  5.48689e+18
230.854  2.22529e+19
231.441  1.26182e+19
232.028  2.39744e+19
232.614  1.43679e+19
233.201  1.48948e+19
233.788  1.02559e+19
234.374  2.01193e+19
