#S 1 spectral density
#N 2
#UFWHM 4.10669
#L  abscissas [um]  spectral density
-234.375  8.75489e+19
-233.788  2.33596e+20
-233.202  7.02549e+19
-232.615  9.76908e+19
-232.028  2.48989e+20
-231.442  9.6417e+19
-230.855  7.71111e+19
-230.268  2.27793e+20
-229.682  6.32372e+19
-229.095  9.16729e+19
-228.508  2.41466e+20
-227.922  1.06619e+20
-227.335  4.35611e+19
-226.748  2.57305e+20
-226.162  6.41949e+19
-225.575  5.32411e+19
-224.988  2.28588e+20
-224.402  1.46587e+20
-223.815  4.51711e+19
-223.228  2.54379e+20
-222.642  3.12997e+19
-222.055  3.18652e+19
-221.468  2.0632e+20
-220.882  2.01176e+20
-220.295  3.94202e+19
-219.708  2.16881e+20
-219.122  7.39089e+18
-218.535  4.60406e+19
-217.948  1.70067e+20
-217.362  2.55432e+20
-216.775  4.55166e+19
-216.188  1.39875e+20
-215.602  5.93368e+18
-215.015  7.43769e+19
-214.428  1.36297e+20
-213.842  2.70916e+20
-213.255  1.94268e+19
-212.668  1.07225e+20
-212.082  1.50381e+19
-211.495  7.41169e+19
-210.908  1.50067e+20
-210.322  2.40753e+20
-209.735  1.1507e+19
-209.148  1.0346e+20
-208.562  1.77257e+19
-207.975  6.4958e+19
-207.388  1.79779e+20
-206.802  1.91002e+20
-206.215  6.46776e+18
-205.628  1.47793e+20
-205.041  1.77293e+19
-204.455  4.57626e+19
-203.868  2.07962e+20
-203.281  1.61562e+20
-202.695  1.11834e+18
-202.108  1.42851e+20
-201.521  1.9654e+18
-200.935  6.62354e+19
-200.348  1.62504e+20
-199.761  1.9077e+20
-199.175  1.43499e+19
-198.588  1.2758e+20
-198.001  1.55156e+18
-197.415  6.13597e+19
-196.828  1.26461e+20
-196.241  2.15882e+20
-195.655  1.08525e+19
-195.068  1.04129e+20
-194.481  2.48828e+19
-193.895  6.23358e+19
-193.308  1.15156e+20
-192.721  2.12051e+20
-192.135  2.89608e+18
-191.548  1.36935e+20
-190.961  2.36772e+19
-190.375  2.34853e+19
-189.788  1.16373e+20
-189.201  1.65223e+20
-188.615  5.59265e+18
-188.028  1.51119e+20
-187.441  2.73072e+19
-186.855  1.68022e+19
-186.268  8.24007e+19
-185.681  1.5624e+20
-185.095  1.1618e+19
-184.508  1.02832e+20
-183.921  4.20838e+19
-183.335  8.95028e+18
-182.748  4.83765e+19
-182.161  1.61048e+20
-181.575  5.98424e+18
-180.988  6.71552e+19
-180.401  7.0819e+19
-179.815  1.93436e+19
-179.228  4.02211e+19
-178.641  1.44854e+20
-178.055  7.85317e+18
-177.468  6.14455e+19
-176.881  5.87934e+19
-176.295  1.99075e+19
-175.708  3.47471e+19
-175.121  1.53241e+20
-174.535  1.61553e+19
-173.948  7.05656e+19
-173.361  3.45135e+19
-172.775  2.23797e+19
-172.188  4.63158e+19
-171.601  1.37058e+20
-171.015  1.71657e+19
-170.428  4.39477e+19
-169.841  4.12371e+19
-169.255  1.52844e+19
-168.668  3.03019e+19
-168.081  1.76259e+20
-167.495  1.31663e+19
-166.908  1.97865e+19
-166.321  6.93761e+19
-165.735  2.40611e+19
-165.148  3.46054e+19
-164.561  1.63523e+20
-163.975  2.95559e+19
-163.388  2.76519e+19
-162.801  8.70315e+19
-162.215  4.77093e+19
-161.628  3.58219e+19
-161.041  1.7156e+20
-160.455  3.48194e+19
-159.868  3.5935e+19
-159.281  1.14474e+20
-158.695  6.33851e+19
-158.108  3.94642e+19
-157.521  1.3319e+20
-156.935  4.61036e+19
-156.348  2.93697e+19
-155.761  1.50738e+20
-155.175  5.72716e+19
-154.588  1.59693e+19
-154.001  1.50753e+20
-153.415  3.95372e+19
-152.828  2.41689e+19
-152.241  1.48689e+20
-151.655  6.34601e+19
-151.068  1.05769e+19
-150.481  1.43577e+20
-149.895  4.93995e+19
-149.308  1.77541e+19
-148.721  9.84873e+19
-148.135  1.11681e+20
-147.548  1.81795e+19
-146.961  1.04415e+20
-146.375  7.4663e+19
-145.788  1.54314e+19
-145.201  8.58514e+19
-144.614  8.80944e+19
-144.028  8.10489e+18
-143.441  1.25872e+20
-142.854  3.75692e+19
-142.268  3.09011e+17
-141.681  1.03603e+20
-141.094  4.18637e+19
-140.508  6.21046e+17
-139.921  1.04876e+20
-139.334  3.94157e+19
-138.748  9.51499e+17
-138.161  5.14066e+19
-137.574  5.29965e+19
-136.988  3.7606e+18
-136.401  6.19734e+19
-135.814  3.64272e+19
-135.228  1.54658e+17
-134.641  4.05671e+19
-134.054  5.2588e+19
-133.468  1.9734e+17
-132.881  5.07888e+19
-132.294  4.57912e+19
-131.708  5.18468e+18
-131.121  4.13131e+19
-130.534  5.77368e+19
-129.948  5.32026e+18
-129.361  4.98714e+19
-128.774  4.18963e+19
-128.188  3.11439e+18
-127.601  4.14844e+19
-127.014  8.26133e+19
-126.428  3.94867e+18
-125.841  7.08208e+19
-125.254  2.44698e+19
-124.668  2.8811e+18
-124.081  6.52331e+19
-123.494  9.3019e+19
-122.908  4.85516e+18
-122.321  4.07251e+19
-121.734  4.45451e+19
-121.148  2.09065e+18
-120.561  3.69482e+19
-119.974  1.53101e+20
-119.388  4.36091e+18
-118.801  2.34287e+19
-118.214  7.21e+19
-117.628  1.62247e+19
-117.041  5.31527e+19
-116.454  1.30424e+20
-115.868  2.51147e+19
-115.281  4.32029e+19
-114.694  7.9749e+19
-114.108  5.05003e+19
-113.521  4.93874e+19
-112.934  1.55656e+20
-112.348  1.98651e+19
-111.761  3.37494e+19
-111.174  1.44646e+20
-110.588  4.68411e+19
-110.001  3.99479e+19
-109.414  1.43801e+20
-108.828  1.88113e+19
-108.241  3.54016e+19
-107.654  1.5943e+20
-107.068  5.19874e+19
-106.481  2.78096e+19
-105.894  1.18619e+20
-105.308  2.59047e+19
-104.721  4.39522e+19
-104.134  1.35002e+20
-103.548  5.50055e+19
-102.961  1.68513e+19
-102.374  1.28945e+20
-101.788  1.22158e+19
-101.201  3.74916e+19
-100.614  1.28491e+20
-100.028  7.16914e+19
-99.4409  3.08405e+19
-98.8542  1.01839e+20
-98.2676  2.94214e+19
-97.6809  4.30704e+19
-97.0942  1.40301e+20
-96.5075  6.81734e+19
-95.9209  2.43442e+19
-95.3342  1.49242e+20
-94.7475  2.2106e+19
-94.1609  1.51204e+19
-93.5742  1.74685e+20
-92.9875  5.91688e+19
-92.4009  2.46759e+19
-91.8142  1.22812e+20
-91.2275  5.137e+19
-90.6409  2.36861e+19
-90.0542  1.0755e+20
-89.4675  9.762e+19
-88.8808  3.10795e+19
-88.2942  9.52316e+19
-87.7075  6.95044e+19
-87.1208  1.74353e+17
-86.5342  1.43955e+20
-85.9475  4.12398e+19
-85.3608  1.23893e+18
-84.7741  1.40217e+20
-84.1875  6.52423e+19
-83.6008  1.2754e+19
-83.0141  1.04208e+20
-82.4275  1.02824e+20
-81.8408  2.15553e+19
-81.2541  3.05518e+19
-80.6675  4.29187e+20
-80.0808  1.13854e+20
-79.4941  5.38499e+19
-78.9074  6.67232e+20
-78.3208  2.59898e+20
-77.7341  1.54666e+20
-77.1474  8.90405e+20
-76.5608  2.51794e+20
-75.9741  6.86551e+19
-75.3874  5.38237e+20
-74.8008  5.73687e+19
-74.2141  1.28387e+19
-73.6274  2.82221e+20
-73.0408  1.08204e+19
-72.4541  8.24796e+19
-71.8674  8.44941e+19
-71.2807  6.22821e+19
-70.6941  1.50339e+20
-70.1074  6.42899e+19
-69.5207  3.43202e+19
-68.9341  1.11768e+20
-68.3474  9.6425e+19
-67.7607  1.9799e+19
-67.174  4.73634e+19
-66.5874  1.29439e+20
-66.0007  2.22789e+19
-65.414  4.97532e+19
-64.8274  1.42645e+20
-64.2407  1.07998e+19
-63.654  2.73158e+19
-63.0674  1.21026e+20
-62.4807  1.78616e+18
-61.894  3.91227e+19
-61.3073  1.15059e+20
-60.7207  2.09551e+19
-60.134  6.46778e+19
-59.5473  9.52162e+19
-58.9607  1.9162e+19
-58.374  6.0748e+19
-57.7873  7.54964e+19
-57.2007  1.90996e+19
-56.614  5.248e+19
-56.0273  8.25129e+19
-55.4407  1.86046e+19
-54.854  6.07192e+19
-54.2673  8.01405e+19
-53.6806  2.55031e+19
-53.094  3.28216e+19
-52.5073  1.09115e+20
-51.9206  7.59305e+18
-51.334  1.30704e+19
-50.7473  1.16146e+20
-50.1606  9.68754e+18
-49.5739  2.59199e+19
-48.9873  9.81763e+19
-48.4006  2.48964e+19
-47.8139  2.21121e+19
-47.2273  5.49067e+19
-46.6406  5.47568e+19
-46.0539  2.888e+19
-45.4673  5.64658e+19
-44.8806  7.04693e+19
-44.2939  1.29059e+19
-43.7072  6.07626e+19
-43.1206  6.13442e+19
-42.5339  8.47288e+18
-41.9472  7.74392e+19
-41.3606  2.60332e+19
-40.7739  1.53985e+19
-40.1872  1.42057e+20
-39.6006  1.80159e+19
-39.0139  8.59639e+18
-38.4272  1.04874e+20
-37.8406  5.01481e+19
-37.2539  4.63426e+18
-36.6672  7.01623e+19
-36.0805  8.95778e+19
-35.4939  2.3147e+19
-34.9072  3.10526e+19
-34.3205  1.52545e+20
-33.7339  3.31301e+19
-33.1472  4.8711e+19
-32.5605  7.98919e+19
-31.9738  8.54757e+18
-31.3872  9.04167e+19
-30.8005  4.55068e+19
-30.2138  8.18679e+18
-29.6272  1.95802e+20
-29.0405  1.76668e+19
-28.4538  2.19032e+19
-27.8672  1.64348e+20
-27.2805  5.02858e+19
-26.6938  3.13045e+18
-26.1072  6.2537e+19
-25.5205  1.23055e+20
-24.9338  2.12091e+19
-24.3471  1.48451e+19
-23.7605  2.45114e+20
-23.1738  5.32396e+19
-22.5871  1.2612e+19
-22.0005  1.60909e+20
-21.4138  1.17086e+19
-20.8271  1.24927e+20
-20.2404  4.39814e+19
-19.6538  4.78766e+19
-19.0671  2.5072e+20
-18.4804  1.41603e+19
-17.8938  1.00794e+20
-17.3071  2.68385e+20
-16.7204  5.14243e+19
-16.1338  1.10909e+19
-15.5471  6.31649e+19
-14.9604  2.94812e+20
-14.3737  3.27582e+19
-13.7871  2.15496e+19
-13.2004  4.84311e+20
-12.6137  6.71476e+19
-12.0271  4.36586e+18
-11.4404  3.68692e+20
-10.8537  2.44873e+17
-10.2671  1.40896e+20
-9.68039  5.67096e+19
-9.09372  2.59222e+20
-8.50705  5.97525e+20
-7.92038  8.83582e+19
-7.33371  4.47259e+20
-6.74704  5.7655e+20
-6.16037  4.33509e+18
-5.5737  1.30706e+20
-4.98703  1.18712e+20
-4.40036  8.89646e+20
-3.81369  1.17692e+21
-3.22702  1.98323e+21
-2.64035  4.83017e+21
-2.05368  4.98024e+21
-1.46701  6.22628e+21
-0.88034  9.72344e+21
-0.29367  8.3741e+21
0.293  8.37528e+21
0.87967  9.72457e+21
1.46634  6.22673e+21
2.05301  4.98308e+21
2.63968  4.83135e+21
3.22635  1.9838e+21
3.81302  1.17902e+21
4.39969  8.9027e+20
4.98636  1.18862e+20
5.57303  1.31464e+20
6.1597  4.34575e+18
6.74637  5.76649e+20
7.33304  4.47594e+20
7.91971  8.84281e+19
8.50638  5.97606e+20
9.09305  2.59267e+20
9.67972  5.69388e+19
10.2664  1.41005e+20
10.8531  2.4287e+17
11.4397  3.68891e+20
12.0264  4.30179e+18
12.6131  6.72592e+19
13.1997  4.84502e+20
13.7864  2.14342e+19
14.3731  3.28759e+19
14.9597  2.95005e+20
15.5464  6.31393e+19
16.1331  1.11126e+19
16.7198  5.15215e+19
17.3064  2.68214e+20
17.8931  1.00862e+20
18.4798  1.42215e+19
19.0664  2.50766e+20
19.6531  4.79211e+19
20.2398  4.40464e+19
20.8265  1.24825e+20
21.4131  1.16645e+19
21.9998  1.61108e+20
22.5865  1.26281e+19
23.1731  5.30971e+19
23.7598  2.45404e+20
24.3465  1.4818e+19
24.9331  2.10809e+19
25.5198  1.2339e+20
26.1065  6.25994e+19
26.6931  3.08198e+18
27.2798  5.0452e+19
27.8665  1.64216e+20
28.4532  2.20121e+19
29.0398  1.76919e+19
29.6265  1.95936e+20
30.2132  8.22776e+18
30.7998  4.55949e+19
31.3865  9.03835e+19
31.9732  8.51726e+18
32.5599  8.01108e+19
33.1465  4.87983e+19
33.7332  3.29374e+19
34.3199  1.52812e+20
34.9065  3.1048e+19
35.4932  2.30223e+19
36.0799  8.99421e+19
36.6665  7.01657e+19
37.2532  4.63837e+18
37.8399  5.03795e+19
38.4265  1.04888e+20
39.0132  8.6087e+18
39.5999  1.81392e+19
40.1866  1.42089e+20
40.7732  1.54567e+19
41.3599  2.61529e+19
41.9466  7.74942e+19
42.5332  8.36358e+18
43.1199  6.15555e+19
43.7066  6.0738e+19
44.2933  1.27944e+19
44.8799  7.07403e+19
45.4666  5.63737e+19
46.0533  2.87508e+19
46.6399  5.49497e+19
47.2266  5.47539e+19
47.8133  2.19727e+19
48.3999  2.50059e+19
48.9866  9.81956e+19
49.5733  2.57982e+19
50.1599  9.71843e+18
50.7466  1.16072e+20
51.3333  1.29093e+19
51.92  7.63233e+18
52.5066  1.09143e+20
53.0933  3.26516e+19
53.68  2.55446e+19
54.2666  7.99188e+19
54.8533  6.05814e+19
55.44  1.8694e+19
56.0266  8.23503e+19
56.6133  5.23939e+19
57.2  1.91818e+19
57.7867  7.53031e+19
58.3733  6.05719e+19
58.96  1.91893e+19
59.5467  9.51277e+19
60.1333  6.45199e+19
60.72  2.09072e+19
61.3067  1.15122e+20
61.8933  3.89572e+19
62.48  1.7803e+18
63.0667  1.20938e+20
63.6534  2.71783e+19
64.24  1.0894e+19
64.8267  1.4244e+20
65.4134  4.97276e+19
66  2.23934e+19
66.5867  1.29107e+20
67.1734  4.72665e+19
67.7601  1.99448e+19
68.3467  9.63722e+19
68.9334  1.11728e+20
69.5201  3.42849e+19
70.1067  6.43193e+19
70.6934  1.49864e+20
71.2801  6.21734e+19
71.8667  8.4863e+19
72.4534  8.24077e+19
73.0401  1.08704e+19
73.6268  2.82118e+20
74.2134  1.26981e+19
74.8001  5.72727e+19
75.3868  5.37573e+20
75.9734  6.8174e+19
76.5601  2.51461e+20
77.1468  8.88507e+20
77.7334  1.54214e+20
78.3201  2.59256e+20
78.9068  6.6574e+20
79.4934  5.37026e+19
80.0801  1.13876e+20
80.6668  4.28366e+20
81.2535  3.08357e+19
81.8401  2.16873e+19
82.4268  1.02665e+20
83.0135  1.0422e+20
83.6001  1.2948e+19
84.1868  6.53418e+19
84.7735  1.40206e+20
85.3602  1.27231e+18
85.9468  4.13767e+19
86.5335  1.43687e+20
87.1202  1.7732e+17
87.7068  6.96712e+19
88.2935  9.52249e+19
88.8802  3.09958e+19
89.4668  9.77832e+19
90.0535  1.07415e+20
90.6402  2.34596e+19
91.2268  5.15075e+19
91.8135  1.22782e+20
92.4002  2.45909e+19
92.9869  5.92664e+19
93.5735  1.74561e+20
94.1602  1.50354e+19
94.7469  2.21103e+19
95.3335  1.49226e+20
95.9202  2.42376e+19
96.5069  6.82988e+19
97.0935  1.40357e+20
97.6802  4.29056e+19
98.2669  2.94555e+19
98.8536  1.01872e+20
99.4402  3.0668e+19
100.027  7.18732e+19
100.614  1.28484e+20
101.2  3.73713e+19
101.787  1.22779e+19
102.374  1.28948e+20
102.96  1.68465e+19
103.547  5.51269e+19
104.134  1.3511e+20
104.72  4.39426e+19
105.307  2.59424e+19
105.894  1.18729e+20
106.48  2.77182e+19
107.067  5.20549e+19
107.654  1.5973e+20
108.24  3.53105e+19
108.827  1.88883e+19
109.414  1.44016e+20
110  3.9859e+19
110.587  4.69395e+19
111.174  1.44886e+20
111.76  3.37615e+19
112.347  1.99544e+19
112.934  1.55814e+20
113.52  4.93485e+19
114.107  5.06377e+19
114.694  7.99399e+19
115.28  4.32169e+19
115.867  2.52457e+19
116.454  1.30628e+20
117.04  5.3078e+19
117.627  1.6322e+19
118.214  7.22792e+19
118.8  2.33842e+19
119.387  4.42276e+18
119.974  1.53383e+20
120.56  3.68434e+19
121.147  2.11527e+18
121.734  4.46778e+19
122.32  4.06732e+19
122.907  4.92711e+18
123.494  9.32149e+19
124.08  6.5103e+19
124.667  2.92327e+18
125.254  2.45605e+19
125.84  7.07457e+19
126.427  4.02872e+18
127.014  8.28059e+19
127.6  4.13551e+19
128.187  3.10737e+18
128.774  4.19954e+19
129.36  4.98266e+19
129.947  5.35693e+18
130.534  5.78524e+19
131.12  4.11669e+19
131.707  5.1835e+18
132.294  4.59706e+19
132.88  5.07081e+19
133.467  1.83122e+17
134.054  5.27313e+19
134.64  4.04423e+19
135.227  1.51882e+17
135.814  3.65388e+19
136.4  6.18611e+19
136.987  3.7107e+18
137.574  5.29964e+19
138.16  5.12923e+19
138.747  9.32082e+17
139.334  3.95009e+19
139.92  1.04742e+20
140.507  5.95496e+17
141.094  4.1857e+19
141.68  1.03437e+20
142.267  3.03682e+17
142.854  3.76201e+19
143.44  1.25642e+20
144.027  8.01706e+18
144.614  8.80173e+19
145.2  8.58527e+19
145.787  1.53693e+19
146.374  7.46505e+19
146.96  1.04249e+20
147.547  1.80996e+19
148.134  1.11743e+20
148.721  9.83672e+19
149.307  1.77471e+19
149.894  4.94928e+19
150.481  1.43097e+20
151.067  1.05667e+19
151.654  6.34914e+19
152.241  1.48659e+20
152.827  2.41595e+19
153.414  3.95514e+19
154.001  1.50485e+20
154.587  1.59142e+19
155.174  5.7282e+19
155.761  1.50749e+20
156.347  2.92923e+19
156.934  4.61715e+19
157.521  1.32979e+20
158.107  3.94371e+19
158.694  6.33965e+19
159.281  1.14471e+20
159.867  3.587e+19
160.454  3.49576e+19
161.041  1.71448e+20
161.627  3.57906e+19
162.214  4.76495e+19
162.801  8.70516e+19
163.387  2.75369e+19
163.974  2.96705e+19
164.561  1.63531e+20
165.147  3.45834e+19
165.734  2.39901e+19
166.321  6.94267e+19
166.907  1.96518e+19
167.494  1.32529e+19
168.081  1.76274e+20
168.667  3.03423e+19
169.254  1.52668e+19
169.841  4.12727e+19
170.427  4.37842e+19
171.014  1.72852e+19
171.601  1.37212e+20
172.187  4.63563e+19
172.774  2.23005e+19
173.361  3.45847e+19
173.947  7.0322e+19
174.534  1.62022e+19
175.121  1.5345e+20
175.707  3.47925e+19
176.294  1.97967e+19
176.881  5.89154e+19
177.467  6.13114e+19
178.054  7.87707e+18
178.641  1.44989e+20
179.227  4.02431e+19
179.814  1.91828e+19
180.401  7.09875e+19
180.987  6.70798e+19
181.574  6.06924e+18
182.161  1.61225e+20
182.747  4.82217e+19
183.334  8.86793e+18
183.921  4.22087e+19
184.507  1.02857e+20
185.094  1.17481e+19
185.681  1.56335e+20
186.267  8.23592e+19
186.854  1.66308e+19
187.441  2.73903e+19
188.027  1.51286e+20
188.614  5.6817e+18
189.201  1.65316e+20
189.787  1.16244e+20
190.374  2.33239e+19
190.961  2.3784e+19
191.547  1.37005e+20
192.134  2.96044e+18
192.721  2.12272e+20
193.307  1.14996e+20
193.894  6.21283e+19
194.481  2.49937e+19
195.067  1.0421e+20
195.654  1.09774e+19
196.241  2.16195e+20
196.827  1.26228e+20
197.414  6.10893e+19
198.001  1.55925e+18
198.587  1.27685e+20
199.174  1.45014e+19
199.761  1.91005e+20
200.347  1.62409e+20
200.934  6.59642e+19
201.521  1.95362e+18
202.107  1.43012e+20
202.694  1.14606e+18
203.281  1.61591e+20
203.867  2.0809e+20
204.454  4.55949e+19
205.041  1.77336e+19
205.627  1.47987e+20
206.214  6.39296e+18
206.801  1.91124e+20
207.388  1.7997e+20
207.974  6.49351e+19
208.561  1.77229e+19
209.148  1.03494e+20
209.734  1.1475e+19
210.321  2.41213e+20
210.908  1.501e+20
211.494  7.41954e+19
212.081  1.5009e+19
212.668  1.07244e+20
213.254  1.94596e+19
213.841  2.71533e+20
214.428  1.36013e+20
215.014  7.44346e+19
215.601  5.93474e+18
216.188  1.3995e+20
216.774  4.56214e+19
217.361  2.5608e+20
217.948  1.69606e+20
218.534  4.60265e+19
219.121  7.27357e+18
219.708  2.17261e+20
220.294  3.95012e+19
220.881  2.01858e+20
221.468  2.05895e+20
222.054  3.17686e+19
222.641  3.11539e+19
223.228  2.54797e+20
223.814  4.5178e+19
224.401  1.47105e+20
224.988  2.28112e+20
225.574  5.30847e+19
226.161  6.40653e+19
226.748  2.57729e+20
227.334  4.33356e+19
227.921  1.07138e+20
228.508  2.41227e+20
229.094  9.14734e+19
229.681  6.32442e+19
230.268  2.28108e+20
230.854  7.67306e+19
231.441  9.68785e+19
232.028  2.48969e+20
232.614  9.75133e+19
233.201  7.03688e+19
233.788  2.33749e+20
234.374  8.70521e+19
