#S 1 spectral density
#N 2
#UFWHM 13.4934
#L  abscissas [um]  spectral density
-234.375  4.43161e+18
-233.788  2.51715e+19
-233.202  3.14858e+18
-232.615  7.37274e+18
-232.028  3.13632e+19
-231.442  2.26196e+19
-230.855  9.91739e+17
-230.268  7.62429e+18
-229.682  1.31118e+18
-229.095  3.07359e+18
-228.508  2.41584e+19
-227.922  4.92658e+19
-227.335  5.3225e+18
-226.748  2.56208e+17
-226.162  2.16801e+18
-225.575  1.89003e+18
-224.988  1.46686e+19
-224.402  4.34066e+19
-223.815  1.37289e+19
-223.228  4.10461e+18
-222.642  3.70085e+18
-222.055  2.18272e+19
-221.468  6.02419e+18
-220.882  2.19027e+19
-220.295  1.69717e+19
-219.708  6.12518e+18
-219.122  9.53717e+18
-218.535  3.69112e+19
-217.948  7.88483e+17
-217.362  7.02863e+18
-216.775  1.2906e+19
-216.188  5.3181e+18
-215.602  1.23781e+19
-215.015  4.03553e+19
-214.428  1.12927e+19
-213.842  2.03552e+18
-213.255  5.29641e+18
-212.668  4.01901e+18
-212.082  2.19943e+18
-211.495  3.62727e+19
-210.908  2.28522e+19
-210.322  4.78367e+18
-209.735  4.70741e+18
-209.148  4.48887e+18
-208.562  3.2096e+18
-207.975  2.77955e+19
-207.388  1.50271e+19
-206.802  8.4886e+18
-206.215  1.46888e+18
-205.628  6.01687e+18
-205.041  1.54194e+19
-204.455  1.61589e+19
-203.868  7.13101e+18
-203.281  1.47941e+19
-202.695  7.40056e+17
-202.108  1.45442e+19
-201.521  1.29231e+19
-200.935  3.13004e+18
-200.348  5.97532e+18
-199.761  1.00295e+19
-199.175  8.98353e+18
-198.588  1.32696e+19
-198.001  1.3489e+19
-197.415  3.72789e+18
-196.828  2.44473e+18
-196.241  1.24661e+19
-195.655  1.33536e+19
-195.068  3.83865e+18
-194.481  9.71663e+18
-193.895  7.93321e+18
-193.308  2.91375e+18
-192.721  5.23777e+18
-192.135  2.51653e+19
-191.548  4.90983e+17
-190.961  6.07263e+18
-190.375  2.21299e+19
-189.788  3.85303e+18
-189.201  7.71108e+17
-188.615  2.88489e+19
-188.028  6.62183e+17
-187.441  2.06185e+18
-186.855  1.50898e+19
-186.268  1.73882e+19
-185.681  2.12948e+17
-185.095  3.07271e+19
-184.508  1.00762e+19
-183.921  1.70752e+18
-183.335  9.8755e+18
-182.748  3.35847e+19
-182.161  1.40563e+17
-181.575  1.47623e+19
-180.988  9.51631e+18
-180.401  7.7624e+18
-179.815  4.22651e+18
-179.228  5.06057e+19
-178.641  7.45854e+18
-178.055  2.29025e+18
-177.468  1.60679e+19
-176.881  2.5306e+19
-176.295  1.55409e+18
-175.708  3.59515e+19
-175.121  1.24908e+19
-174.535  9.97082e+17
-173.948  1.33333e+19
-173.361  3.98742e+19
-172.775  1.03908e+19
-172.188  1.60407e+19
-171.601  1.94749e+19
-171.015  1.19235e+19
-170.428  2.90617e+18
-169.841  2.92098e+19
-169.255  2.49298e+19
-168.668  4.09269e+18
-168.081  2.93726e+19
-167.495  2.38576e+19
-166.908  2.96553e+18
-166.321  1.80159e+19
-165.735  3.18051e+19
-165.148  1.04683e+19
-164.561  1.64926e+19
-163.975  9.13172e+18
-163.388  2.77303e+19
-162.801  8.45465e+18
-162.215  4.22964e+19
-161.628  2.25857e+19
-161.041  4.20021e+18
-160.455  3.67828e+18
-159.868  3.76788e+19
-159.281  2.50445e+19
-158.695  3.98477e+19
-158.108  1.01916e+19
-157.521  6.98759e+18
-156.935  1.49321e+18
-156.348  2.50943e+19
-155.761  5.36471e+19
-155.175  2.97304e+19
-154.588  9.10729e+18
-154.001  1.61221e+19
-153.415  8.5169e+18
-152.828  1.36156e+19
-152.241  4.94016e+19
-151.655  3.04962e+19
-151.068  2.09112e+19
-150.481  1.20306e+19
-149.895  3.20647e+19
-149.308  1.78313e+19
-148.721  2.08301e+19
-148.135  4.57917e+19
-147.548  1.18549e+19
-146.961  8.67351e+17
-146.375  4.48691e+19
-145.788  3.8448e+19
-145.201  1.35112e+19
-144.614  4.00456e+19
-144.028  8.3047e+18
-143.441  2.73873e+17
-142.854  1.9974e+19
-142.268  7.9436e+19
-141.681  1.81857e+19
-141.094  1.10235e+19
-140.508  1.80545e+19
-139.921  1.73252e+18
-139.334  5.90346e+18
-138.748  8.49176e+19
-138.161  3.60312e+19
-137.574  4.62223e+18
-136.988  4.49604e+18
-136.401  2.41566e+19
-135.814  5.74965e+18
-135.228  3.9905e+19
-134.641  5.88858e+19
-134.054  8.23797e+18
-133.468  9.25327e+16
-132.881  4.41785e+19
-132.294  2.17431e+19
-131.708  1.16003e+19
-131.121  3.72409e+19
-130.534  2.79344e+19
-129.948  1.92065e+18
-129.361  2.61738e+19
-128.774  5.09676e+19
-128.188  9.16866e+18
-127.601  1.60892e+19
-127.014  2.93078e+19
-126.428  1.02403e+18
-125.841  1.7027e+19
-125.254  4.82584e+19
-124.668  3.29685e+19
-124.081  4.1462e+18
-123.494  1.59208e+19
-122.908  9.75584e+18
-122.321  8.38684e+18
-121.734  3.52188e+19
-121.148  4.32895e+19
-120.561  9.66317e+18
-119.974  6.75936e+18
-119.388  1.4674e+19
-118.801  1.79483e+19
-118.214  1.82397e+19
-117.628  2.79844e+19
-117.041  1.73546e+19
-116.454  3.55099e+18
-115.868  1.21333e+19
-115.281  2.27631e+19
-114.694  1.90456e+19
-114.108  9.42335e+18
-113.521  2.52761e+19
-112.934  4.7784e+18
-112.348  1.18471e+19
-111.761  2.11995e+19
-111.174  1.86842e+19
-110.588  5.75235e+18
-110.001  1.13179e+19
-109.414  1.00818e+19
-108.828  1.39514e+19
-108.241  1.32488e+19
-107.654  3.2053e+19
-107.068  6.12035e+18
-106.481  7.4187e+18
-105.894  9.33284e+18
-105.308  6.90938e+18
-104.721  1.31875e+19
-104.134  1.6126e+19
-103.548  9.38214e+18
-102.961  7.52078e+18
-102.374  7.38065e+18
-101.788  1.63799e+19
-101.201  6.60938e+18
-100.614  1.28183e+19
-100.028  5.52055e+18
-99.4409  2.64644e+18
-98.8542  9.87056e+18
-98.2676  1.38583e+19
-97.6809  9.69221e+18
-97.0942  7.10107e+18
-96.5075  4.29812e+18
-95.9209  8.18646e+18
-95.3342  4.01518e+18
-94.7475  2.1529e+19
-94.1609  7.26092e+18
-93.5742  3.11708e+18
-92.9875  9.2158e+18
-92.4009  1.02564e+19
-91.8142  4.49585e+18
-91.2275  1.12694e+19
-90.6409  7.58906e+18
-90.0542  2.97411e+18
-89.4675  1.10029e+18
-88.8808  2.54064e+19
-88.2942  5.58244e+18
-87.7075  2.25388e+18
-87.1208  9.1578e+18
-86.5342  3.95703e+18
-85.9475  2.14335e+17
-85.3608  1.56917e+19
-84.7741  1.08632e+19
-84.1875  1.60437e+18
-83.6008  2.69381e+17
-83.0141  1.77636e+19
-82.4275  3.29143e+18
-81.8408  1.49943e+18
-81.2541  1.68601e+19
-80.6675  5.70814e+18
-80.0808  3.10803e+17
-79.4941  9.59548e+18
-78.9074  1.08522e+19
-78.3208  2.16646e+18
-77.7341  2.15795e+18
-77.1474  2.3181e+19
-76.5608  1.62747e+18
-75.9741  3.35688e+18
-75.3874  1.70699e+19
-74.8008  7.08761e+18
-74.2141  2.0743e+18
-73.6274  1.08483e+19
-73.0408  4.50676e+18
-72.4541  1.02016e+19
-71.8674  4.72492e+18
-71.2807  2.86123e+19
-70.6941  4.10608e+18
-70.1074  3.34717e+18
-69.5207  6.35966e+18
-68.9341  3.66163e+18
-68.3474  1.3856e+19
-67.7607  1.2383e+19
-67.174  7.66256e+18
-66.5874  1.21914e+19
-66.0007  1.38618e+18
-65.414  1.52945e+19
-64.8274  1.33301e+19
-64.2407  1.05946e+19
-63.654  5.4809e+18
-63.0674  4.24476e+18
-62.4807  1.53051e+19
-61.894  6.44163e+18
-61.3073  1.1965e+19
-60.7207  2.15705e+19
-60.134  1.11679e+18
-59.5473  1.15607e+19
-58.9607  1.50569e+19
-58.374  1.82805e+19
-57.7873  2.90953e+18
-57.2007  1.01115e+19
-56.614  1.92945e+19
-56.0273  1.15234e+18
-55.4407  7.57827e+18
-54.854  3.08144e+19
-54.2673  3.44578e+18
-53.6806  9.54235e+18
-53.094  1.24426e+19
-52.5073  1.74632e+19
-51.9206  8.20293e+17
-51.334  1.40305e+19
-50.7473  2.57239e+19
-50.1606  1.67632e+18
-49.5739  1.0653e+19
-48.9873  2.41922e+19
-48.4006  7.41143e+18
-47.8139  7.52927e+18
-47.2273  1.76207e+19
-46.6406  2.92891e+19
-46.0539  1.78772e+18
-45.4673  1.675e+19
-44.8806  3.30439e+19
-44.2939  8.07261e+18
-43.7072  1.23632e+19
-43.1206  2.47342e+19
-42.5339  1.74347e+19
-41.9472  2.19799e+18
-41.3606  1.25722e+19
-40.7739  5.61746e+19
-40.1872  3.295e+18
-39.6006  1.90229e+19
-39.0139  4.38604e+19
-38.4272  1.07488e+19
-37.8406  8.86465e+18
-37.2539  3.1524e+19
-36.6672  3.42936e+19
-36.0805  2.85748e+18
-35.4939  1.92446e+19
-34.9072  8.33943e+19
-34.3205  1.22282e+19
-33.7339  2.75375e+19
-33.1472  7.48245e+19
-32.5605  1.7487e+19
-31.9738  2.21568e+19
-31.3872  4.56355e+19
-30.8005  5.99878e+19
-30.2138  2.48984e+19
-29.6272  3.52076e+19
-29.0405  1.43568e+20
-28.4538  3.93996e+19
-27.8672  5.17296e+19
-27.2805  1.36484e+20
-26.6938  3.08e+19
-26.1072  6.21603e+19
-25.5205  1.16539e+20
-24.9338  7.23171e+19
-24.3471  1.01723e+20
-23.7605  7.59646e+19
-23.1738  1.70044e+20
-22.5871  1.35147e+20
-22.0005  8.91592e+19
-21.4138  2.06684e+20
-20.8271  1.07207e+20
-20.2404  8.63521e+19
-19.6538  2.17771e+20
-19.0671  8.02811e+19
-18.4804  1.15772e+20
-17.8938  1.97974e+20
-17.3071  8.86476e+19
-16.7204  2.11177e+20
-16.1338  3.01189e+20
-15.5471  2.39856e+20
-14.9604  4.54964e+20
-14.3737  4.7864e+20
-13.7871  4.95159e+20
-13.2004  7.91426e+20
-12.6137  8.12689e+20
-12.0271  1.0948e+21
-11.4404  1.41944e+21
-10.8537  1.39959e+21
-10.2671  2.12335e+21
-9.68039  2.34855e+21
-9.09372  2.57296e+21
-8.50705  3.9451e+21
-7.92038  3.94309e+21
-7.33371  4.5389e+21
-6.74704  6.20535e+21
-6.16037  5.78718e+21
-5.5737  6.6606e+21
-4.98703  8.07288e+21
-4.40036  7.03482e+21
-3.81369  7.98575e+21
-3.22702  8.90019e+21
-2.64035  7.73194e+21
-2.05368  8.76973e+21
-1.46701  9.14969e+21
-0.88034  7.88311e+21
-0.29367  8.88467e+21
0.293  8.88611e+21
0.87967  7.88614e+21
1.46634  9.15462e+21
2.05301  8.77737e+21
2.63968  7.74122e+21
3.22635  8.91213e+21
3.81302  7.99893e+21
4.39969  7.05012e+21
4.98636  8.09116e+21
5.57303  6.67767e+21
6.1597  5.80671e+21
6.74637  6.22664e+21
7.33304  4.55609e+21
7.91971  3.96259e+21
8.50638  3.96381e+21
9.09305  2.58691e+21
9.67972  2.36453e+21
10.2664  2.13721e+21
10.8531  1.40986e+21
11.4397  1.43212e+21
12.0264  1.10349e+21
12.6131  8.20103e+20
13.1997  7.99579e+20
13.7864  4.99795e+20
14.3731  4.83515e+20
14.9597  4.59711e+20
15.5464  2.41598e+20
16.1331  3.0392e+20
16.7198  2.12533e+20
17.3064  8.88789e+19
17.8931  1.99024e+20
18.4798  1.16086e+20
19.0664  8.02939e+19
19.6531  2.17999e+20
20.2398  8.627e+19
20.8265  1.07369e+20
21.4131  2.06134e+20
21.9998  8.89248e+19
22.5865  1.35033e+20
23.1731  1.69212e+20
23.7598  7.56748e+19
24.3465  1.01764e+20
24.9331  7.17408e+19
25.5198  1.16342e+20
26.1065  6.21535e+19
26.6931  3.0444e+19
27.2798  1.36365e+20
27.8665  5.16202e+19
28.4532  3.92262e+19
29.0398  1.43272e+20
29.6265  3.51081e+19
30.2132  2.48884e+19
30.7998  5.98385e+19
31.3865  4.54343e+19
31.9732  2.22606e+19
32.5599  1.7344e+19
33.1465  7.45739e+19
33.7332  2.75952e+19
34.3199  1.21314e+19
34.9065  8.32712e+19
35.4932  1.91764e+19
36.0799  2.89096e+18
36.6665  3.42352e+19
37.2532  3.13582e+19
37.8399  8.93816e+18
38.4265  1.07285e+19
39.0132  4.36112e+19
39.5999  1.90852e+19
40.1866  3.26215e+18
40.7732  5.59568e+19
41.3599  1.25489e+19
41.9466  2.20889e+18
42.5332  1.73656e+19
43.1199  2.45241e+19
43.7066  1.24206e+19
44.2933  8.0418e+18
44.8799  3.28447e+19
45.4666  1.67716e+19
46.0533  1.80342e+18
46.6399  2.90572e+19
47.2266  1.75887e+19
47.8133  7.52863e+18
48.3999  7.38481e+18
48.9866  2.40505e+19
49.5733  1.06621e+19
50.1599  1.63681e+18
50.7466  2.55326e+19
51.3333  1.40798e+19
51.92  8.30434e+17
52.5066  1.73429e+19
53.0933  1.24295e+19
53.68  9.46958e+18
54.2666  3.38264e+18
54.8533  3.07304e+19
55.44  7.5689e+18
56.0266  1.11714e+18
56.6133  1.91724e+19
57.2  1.00859e+19
57.7867  2.85636e+18
58.3733  1.81697e+19
58.96  1.51042e+19
59.5467  1.14308e+19
60.1333  1.08355e+18
60.72  2.15406e+19
61.3067  1.18897e+19
61.8933  6.39244e+18
62.48  1.53009e+19
63.0667  4.19418e+18
63.6534  5.43628e+18
64.24  1.05392e+19
64.8267  1.33238e+19
65.4134  1.51823e+19
66  1.37142e+18
66.5867  1.22263e+19
67.1734  7.55822e+18
67.7601  1.23714e+19
68.3467  1.38966e+19
68.9334  3.61419e+18
69.5201  6.34144e+18
70.1067  3.35489e+18
70.6934  4.09623e+18
71.2801  2.85812e+19
71.8667  4.75291e+18
72.4534  1.02633e+19
73.0401  4.44799e+18
73.6268  1.08373e+19
74.2134  2.08725e+18
74.8001  6.99574e+18
75.3868  1.70963e+19
75.9734  3.39101e+18
76.5601  1.63463e+18
77.1468  2.31738e+19
77.7334  2.16816e+18
78.3201  2.14177e+18
78.9068  1.08383e+19
79.4934  9.62387e+18
80.0801  3.21538e+17
80.6668  5.68705e+18
81.2535  1.69299e+19
81.8401  1.48667e+18
82.4268  3.23785e+18
83.0135  1.77938e+19
83.6001  2.61923e+17
84.1868  1.58949e+18
84.7735  1.08885e+19
85.3602  1.56933e+19
85.9468  2.0603e+17
86.5335  3.93838e+18
87.1202  9.15042e+18
87.7068  2.22549e+18
88.2935  5.56786e+18
88.8802  2.54559e+19
89.4668  1.08953e+18
90.0535  2.98135e+18
90.6402  7.60837e+18
91.2268  1.12053e+19
91.8135  4.4864e+18
92.4002  1.02654e+19
92.9869  9.19429e+18
93.5735  3.12702e+18
94.1602  7.2862e+18
94.7469  2.14902e+19
95.3335  3.95127e+18
95.9202  8.1912e+18
96.5069  4.30375e+18
97.0935  6.99387e+18
97.6802  9.74296e+18
98.2669  1.38606e+19
98.8536  9.81186e+18
99.4402  2.62136e+18
100.027  5.5233e+18
100.614  1.27246e+19
101.2  6.55767e+18
101.787  1.64095e+19
102.374  7.36531e+18
102.96  7.40632e+18
103.547  9.4172e+18
104.134  1.60649e+19
104.72  1.30921e+19
105.307  6.89595e+18
105.894  9.31703e+18
106.48  7.31158e+18
107.067  6.09969e+18
107.654  3.20491e+19
108.24  1.31851e+19
108.827  1.38856e+19
109.414  1.00861e+19
110  1.12074e+19
110.587  5.68487e+18
111.174  1.87456e+19
111.76  2.11565e+19
112.347  1.17359e+19
112.934  4.76653e+18
113.52  2.52143e+19
114.107  9.31572e+18
114.694  1.90483e+19
115.28  2.2792e+19
115.867  1.20292e+19
116.454  3.50146e+18
117.04  1.73377e+19
117.627  2.78555e+19
118.214  1.81757e+19
118.8  1.80009e+19
119.387  1.45632e+19
119.974  6.67725e+18
120.56  9.68929e+18
121.147  4.31851e+19
121.734  3.51074e+19
122.32  8.39382e+18
122.907  9.68172e+18
123.494  1.5764e+19
124.08  4.17742e+18
124.667  3.29741e+19
125.254  4.81086e+19
125.84  1.69735e+19
126.427  1.02424e+18
127.014  2.91078e+19
127.6  1.61231e+19
128.187  9.21173e+18
128.774  5.08066e+19
129.36  2.60922e+19
129.947  1.92548e+18
130.534  2.77877e+19
131.12  3.72228e+19
131.707  1.16038e+19
132.294  2.17368e+19
132.88  4.40259e+19
133.467  8.85668e+16
134.054  8.20821e+18
134.64  5.8728e+19
135.227  3.99655e+19
135.814  5.78473e+18
136.4  2.40363e+19
136.987  4.47296e+18
137.574  4.63687e+18
138.16  3.59882e+19
138.747  8.48296e+19
139.334  5.94743e+18
139.92  1.70652e+18
140.507  1.79487e+19
141.094  1.10978e+19
141.68  1.81752e+19
142.267  7.92985e+19
142.854  1.99952e+19
143.44  2.8171e+17
144.027  8.23758e+18
144.614  4.00695e+19
145.2  1.3545e+19
145.787  3.83231e+19
146.374  4.48072e+19
146.96  8.71999e+17
147.547  1.18453e+19
148.134  4.57187e+19
148.721  2.09222e+19
149.307  1.77331e+19
149.894  3.19892e+19
150.481  1.20326e+19
151.067  2.08752e+19
151.654  3.04103e+19
152.241  4.95258e+19
152.827  1.36299e+19
153.414  8.45478e+18
154.001  1.60699e+19
154.587  9.1109e+18
155.174  2.96932e+19
155.761  5.36956e+19
156.347  2.52264e+19
156.934  1.47459e+18
157.521  6.92686e+18
158.107  1.02527e+19
158.694  3.98487e+19
159.281  2.49641e+19
159.867  3.77848e+19
160.454  3.66172e+18
161.041  4.21042e+18
161.627  2.2652e+19
162.214  4.24447e+19
162.801  8.40231e+18
163.387  2.77397e+19
163.974  9.16378e+18
164.561  1.65234e+19
165.147  1.04524e+19
165.734  3.1979e+19
166.321  1.7983e+19
166.907  2.9235e+18
167.494  2.3921e+19
168.081  2.94277e+19
168.667  4.06443e+18
169.254  2.50733e+19
169.841  2.92248e+19
170.427  2.88992e+18
171.014  1.19459e+19
171.601  1.95471e+19
172.187  1.60356e+19
172.774  1.04133e+19
173.361  4.00192e+19
173.947  1.3351e+19
174.534  9.93015e+17
175.121  1.26018e+19
175.707  3.59684e+19
176.294  1.53689e+18
176.881  2.54414e+19
177.467  1.60475e+19
178.054  2.2805e+18
178.641  7.53408e+18
179.227  5.0753e+19
179.814  4.22788e+18
180.401  7.82846e+18
180.987  9.56974e+18
181.574  1.46906e+19
182.161  1.43167e+17
182.747  3.37522e+19
183.334  9.85496e+18
183.921  1.71764e+18
184.507  1.01673e+19
185.094  3.07159e+19
185.681  2.17724e+17
186.267  1.75057e+19
186.854  1.50723e+19
187.441  2.02791e+18
188.027  6.81369e+17
188.614  2.88692e+19
189.201  7.5241e+17
189.787  3.90214e+18
190.374  2.21636e+19
190.961  6.01112e+18
191.547  4.95248e+17
192.134  2.52777e+19
192.721  5.17706e+18
193.307  2.93471e+18
193.894  7.97701e+18
194.481  9.60929e+18
195.067  3.86962e+18
195.654  1.34031e+19
196.241  1.23818e+19
196.827  2.45955e+18
197.414  3.76829e+18
198.001  1.3419e+19
198.587  1.32671e+19
199.174  9.03356e+18
199.761  1.00012e+19
200.347  5.97442e+18
200.934  3.1753e+18
201.521  1.28832e+19
202.107  1.45068e+19
202.694  7.59182e+17
203.281  1.47483e+19
203.867  7.10173e+18
204.454  1.62172e+19
205.041  1.54186e+19
205.627  5.97784e+18
206.214  1.46131e+18
206.801  8.49522e+18
207.388  1.49171e+19
207.974  2.78825e+19
208.561  3.21071e+18
209.148  4.44983e+18
209.734  4.69204e+18
210.321  4.81417e+18
210.908  2.27143e+19
211.494  3.63144e+19
212.081  2.18244e+18
212.668  3.98047e+18
213.254  5.29986e+18
213.841  2.05098e+18
214.428  1.12005e+19
215.014  4.03823e+19
215.601  1.23477e+19
216.188  5.26648e+18
216.774  1.29564e+19
217.361  7.01487e+18
217.948  7.70627e+17
218.534  3.68641e+19
219.121  9.52078e+18
219.708  6.08176e+18
220.294  1.70044e+19
220.881  2.18882e+19
221.468  6.04538e+18
222.054  2.18192e+19
222.641  3.65829e+18
223.228  4.07938e+18
223.814  1.37782e+19
224.401  4.33361e+19
224.988  1.46804e+19
225.574  1.8794e+18
226.161  2.11893e+18
226.748  2.52856e+17
227.334  5.34343e+18
227.921  4.92076e+19
228.508  2.41584e+19
229.094  3.08102e+18
229.681  1.28465e+18
230.268  7.61988e+18
230.854  9.95683e+17
231.441  2.25541e+19
232.028  3.13736e+19
232.614  7.37845e+18
233.201  3.12733e+18
233.788  2.5217e+19
234.374  4.46362e+18
