#S 1 spectral density
#N 2
#UFWHM 7.62671
#L  abscissas [um]  spectral density
-234.375  7.82034e+19
-233.788  6.40972e+19
-233.202  3.22176e+19
-232.615  3.67508e+19
-232.028  8.85934e+19
-231.442  5.52889e+19
-230.855  7.31296e+19
-230.268  4.40919e+19
-229.682  5.37612e+19
-229.095  2.92298e+19
-228.508  1.15494e+20
-227.922  4.0059e+19
-227.335  5.2927e+19
-226.748  4.75063e+19
-226.162  4.40631e+19
-225.575  2.96713e+19
-224.988  1.00071e+20
-224.402  2.92347e+19
-223.815  8.45876e+19
-223.228  3.63129e+19
-222.642  7.81303e+19
-222.055  3.8724e+19
-221.468  4.37815e+19
-220.882  2.87647e+19
-220.295  8.54144e+19
-219.708  2.32734e+19
-219.122  7.94264e+19
-218.535  5.64574e+19
-217.948  4.56896e+19
-217.362  4.08912e+19
-216.775  6.21981e+19
-216.188  1.76247e+19
-215.602  3.49268e+19
-215.015  7.44218e+19
-214.428  6.13095e+19
-213.842  6.92158e+19
-213.255  4.87251e+19
-212.668  2.29758e+19
-212.082  1.46779e+19
-211.495  5.08104e+19
-210.908  7.81491e+19
-210.322  7.07014e+19
-209.735  4.83758e+19
-209.148  5.70442e+19
-208.562  1.54574e+19
-207.975  6.57977e+19
-207.388  4.29589e+19
-206.802  3.3473e+19
-206.215  4.88983e+19
-205.628  7.9039e+19
-205.041  2.68955e+19
-204.455  1.28889e+20
-203.868  2.50731e+19
-203.281  2.83386e+19
-202.695  3.46212e+19
-202.108  8.77966e+19
-201.521  3.52825e+19
-200.935  1.41712e+20
-200.348  3.67696e+19
-199.761  2.9517e+19
-199.175  3.82218e+19
-198.588  6.7223e+19
-198.001  3.54226e+19
-197.415  1.1203e+20
-196.828  4.12416e+19
-196.241  8.02241e+19
-195.655  5.9693e+19
-195.068  3.275e+19
-194.481  5.33245e+19
-193.895  8.10455e+19
-193.308  3.9223e+19
-192.721  1.1715e+20
-192.135  6.65481e+19
-191.548  1.94977e+19
-190.961  6.60599e+19
-190.375  8.76743e+19
-189.788  5.17113e+19
-189.201  1.2338e+20
-188.615  7.56746e+19
-188.028  2.36301e+19
-187.441  9.91653e+19
-186.855  7.50863e+19
-186.268  6.83856e+19
-185.681  8.59255e+19
-185.095  5.44713e+19
-184.508  3.13692e+19
-183.921  1.59305e+20
-183.335  6.57899e+19
-182.748  6.59331e+19
-182.161  7.46882e+19
-181.575  5.93428e+19
-180.988  2.7295e+19
-180.401  1.73315e+20
-179.815  4.55959e+19
-179.228  4.85949e+19
-178.641  7.99847e+19
-178.055  7.17817e+19
-177.468  2.37774e+19
-176.881  1.51469e+20
-176.295  3.69902e+19
-175.708  5.77346e+19
-175.121  8.1027e+19
-174.535  8.713e+19
-173.948  2.54411e+19
-173.361  1.11438e+20
-172.775  4.1982e+19
-172.188  8.87552e+19
-171.601  8.47846e+19
-171.015  6.65558e+19
-170.428  3.1975e+19
-169.841  1.16911e+20
-169.255  6.80053e+19
-168.668  8.008e+19
-168.081  8.75674e+19
-167.495  4.98848e+19
-166.908  2.64302e+19
-166.321  1.17088e+20
-165.735  1.0771e+20
-165.148  5.32905e+19
-164.561  1.02347e+20
-163.975  6.22226e+19
-163.388  3.23753e+19
-162.801  8.41296e+19
-162.215  1.34253e+20
-161.628  3.78978e+19
-161.041  9.4389e+19
-160.455  1.03756e+20
-159.868  3.75558e+19
-159.281  3.22355e+19
-158.695  1.64636e+20
-158.108  4.36113e+19
-157.521  8.2028e+19
-156.935  1.00378e+20
-156.348  5.26185e+19
-155.761  1.33299e+19
-155.175  1.48146e+20
-154.588  8.21369e+19
-154.001  4.01995e+19
-153.415  6.49572e+19
-152.828  5.85478e+19
-152.241  1.72634e+19
-151.655  1.37839e+20
-151.068  1.01889e+20
-150.481  2.7207e+19
-149.895  5.00393e+19
-149.308  6.83719e+19
-148.721  5.09109e+19
-148.135  5.76456e+19
-147.548  9.18773e+19
-146.961  4.65927e+19
-146.375  4.60028e+19
-145.788  6.65227e+19
-145.201  8.31997e+19
-144.614  2.43987e+19
-144.028  9.14361e+19
-143.441  6.63174e+19
-142.854  5.43478e+19
-142.268  2.02463e+19
-141.681  8.05835e+19
-141.094  1.9755e+19
-140.508  8.83023e+19
-139.921  7.1826e+19
-139.334  6.40161e+19
-138.748  7.70679e+18
-138.161  9.13407e+19
-137.574  3.11741e+19
-136.988  8.08986e+19
-136.401  4.19272e+19
-135.814  6.22762e+19
-135.228  8.4082e+18
-134.641  1.03134e+20
-134.054  3.56681e+19
-133.468  8.0463e+19
-132.881  3.5574e+19
-132.294  1.0252e+20
-131.708  1.56004e+19
-131.121  8.24584e+19
-130.534  2.67094e+19
-129.948  5.79383e+19
-129.361  4.73605e+19
-128.774  1.2001e+20
-128.188  1.61707e+19
-127.601  6.41913e+19
-127.014  1.7971e+19
-126.428  6.49406e+19
-125.841  8.13825e+19
-125.254  7.73076e+19
-124.668  2.89252e+19
-124.081  3.10348e+19
-123.494  2.44391e+19
-122.908  5.10691e+19
-122.321  7.97389e+19
-121.734  5.91321e+19
-121.148  2.76939e+19
-120.561  3.69869e+19
-119.974  5.72817e+19
-119.388  1.50404e+19
-118.801  8.67134e+19
-118.214  4.00463e+19
-117.628  4.24085e+19
-117.041  1.84895e+19
-116.454  5.13597e+19
-115.868  1.4684e+19
-115.281  7.61041e+19
-114.694  5.25704e+19
-114.108  8.09373e+19
-113.521  1.00803e+18
-112.934  2.74542e+19
-112.348  3.28749e+19
-111.761  1.07239e+20
-111.174  3.51384e+19
-110.588  7.9841e+19
-110.001  1.51618e+19
-109.414  2.95058e+19
-108.828  3.23925e+19
-108.241  1.36412e+20
-107.654  3.2896e+19
-107.068  8.28917e+19
-106.481  2.53394e+19
-105.894  3.7857e+19
-105.308  4.75952e+19
-104.721  8.36684e+19
-104.134  2.45308e+19
-103.548  1.20192e+20
-102.961  7.85024e+18
-102.374  4.11157e+19
-101.788  6.22739e+19
-101.201  3.99233e+19
-100.614  3.81749e+19
-100.028  9.16106e+19
-99.4409  1.2126e+19
-98.8542  1.12202e+19
-98.2676  3.50835e+19
-97.6809  4.71107e+19
-97.0942  5.54394e+19
-96.5075  6.59404e+19
-95.9209  1.81133e+19
-95.3342  1.51691e+19
-94.7475  3.13345e+19
-94.1609  2.61944e+19
-93.5742  8.3342e+19
-92.9875  2.55035e+19
-92.4009  6.85042e+18
-91.8142  5.18576e+19
-91.2275  4.6038e+19
-90.6409  2.02981e+19
-90.0542  9.2533e+19
-89.4675  3.83813e+19
-88.8808  3.12271e+19
-88.2942  2.77218e+19
-87.7075  5.61732e+19
-87.1208  4.08619e+19
-86.5342  6.11379e+19
-85.9475  4.97232e+19
-85.3608  8.36313e+19
-84.7741  2.04848e+19
-84.1875  4.68741e+19
-83.6008  5.09174e+19
-83.0141  1.01397e+20
-82.4275  9.37436e+18
-81.8408  3.58847e+19
-81.2541  8.21837e+19
-80.6675  2.35428e+19
-80.0808  3.461e+19
-79.4941  1.57814e+20
-78.9074  2.92154e+19
-78.3208  1.16215e+19
-77.7341  5.72972e+19
-77.1474  3.117e+19
-76.5608  3.98656e+19
-75.9741  7.84856e+19
-75.3874  7.44557e+19
-74.8008  4.91921e+19
-74.2141  3.63777e+19
-73.6274  5.73515e+19
-73.0408  1.20816e+20
-72.4541  6.66941e+19
-71.8674  3.50154e+19
-71.2807  6.75338e+19
-70.6941  4.55508e+19
-70.1074  2.11388e+19
-69.5207  1.86815e+20
-68.9341  1.25477e+20
-68.3474  5.47251e+19
-67.7607  9.61388e+19
-67.174  1.01094e+20
-66.5874  1.01162e+20
-66.0007  1.4426e+20
-65.414  8.93827e+19
-64.8274  1.45209e+20
-64.2407  7.07755e+19
-63.654  1.10925e+20
-63.0674  2.62639e+20
-62.4807  8.73149e+19
-61.894  8.53009e+19
-61.3073  2.38383e+20
-60.7207  1.03259e+20
-60.134  1.19064e+20
-59.5473  2.19309e+20
-58.9607  8.65893e+19
-58.374  1.00939e+20
-57.7873  1.26937e+20
-57.2007  1.55339e+20
-56.614  8.3324e+19
-56.0273  8.44748e+19
-55.4407  1.43191e+20
-54.854  1.43053e+20
-54.2673  7.84247e+19
-53.6806  2.01494e+20
-53.094  7.26259e+19
-52.5073  3.42736e+19
-51.9206  1.06111e+20
-51.334  9.63832e+19
-50.7473  3.69062e+19
-50.1606  1.4587e+20
-49.5739  1.34402e+20
-48.9873  8.21092e+19
-48.4006  9.78738e+19
-47.8139  2.14444e+20
-47.2273  1.53616e+20
-46.6406  1.96986e+20
-46.0539  3.56073e+20
-45.4673  2.50513e+20
-44.8806  1.2266e+20
-44.2939  3.16737e+20
-43.7072  2.46816e+20
-43.1206  1.37304e+20
-42.5339  2.85077e+20
-41.9472  2.41231e+20
-41.3606  1.25891e+20
-40.7739  2.59722e+20
-40.1872  2.3834e+20
-39.6006  1.47193e+20
-39.0139  1.95071e+20
-38.4272  2.30542e+20
-37.8406  1.55467e+20
-37.2539  2.73897e+20
-36.6672  2.8116e+20
-36.0805  1.72046e+20
-35.4939  3.05802e+20
-34.9072  4.18894e+20
-34.3205  2.33748e+20
-33.7339  3.63419e+20
-33.1472  5.22161e+20
-32.5605  2.98332e+20
-31.9738  4.12727e+20
-31.3872  6.06157e+20
-30.8005  3.02471e+20
-30.2138  3.8853e+20
-29.6272  6.09613e+20
-29.0405  3.74271e+20
-28.4538  3.65445e+20
-27.8672  4.37035e+20
-27.2805  2.94872e+20
-26.6938  3.70388e+20
-26.1072  5.14574e+20
-25.5205  4.76595e+20
-24.9338  5.76036e+20
-24.3471  7.89122e+20
-23.7605  8.37639e+20
-23.1738  9.71554e+20
-22.5871  1.242e+21
-22.0005  9.99653e+20
-21.4138  9.57032e+20
-20.8271  1.29579e+21
-20.2404  9.82567e+20
-19.6538  7.92542e+20
-19.0671  1.04143e+21
-18.4804  6.41331e+20
-17.8938  7.61499e+20
-17.3071  8.46115e+20
-16.7204  7.39241e+20
-16.1338  1.74989e+21
-15.5471  1.91444e+21
-14.9604  2.07899e+21
-14.3737  4.09544e+21
-13.7871  3.62906e+21
-13.2004  3.56146e+21
-12.6137  5.77532e+21
-12.0271  4.78721e+21
-11.4404  4.05663e+21
-10.8537  4.8599e+21
-10.2671  3.45876e+21
-9.68039  3.23012e+21
-9.09372  4.25241e+21
-8.50705  5.70221e+21
-7.92038  9.04167e+21
-7.33371  1.21945e+22
-6.74704  1.99399e+22
-6.16037  3.03126e+22
-5.5737  3.93645e+22
-4.98703  5.31706e+22
-4.40036  6.84437e+22
-3.81369  8.02351e+22
-3.22702  9.73377e+22
-2.64035  1.14507e+23
-2.05368  1.25897e+23
-1.46701  1.37237e+23
-0.88034  1.45749e+23
-0.29367  1.46388e+23
0.293  1.46061e+23
0.87967  1.4475e+23
1.46634  1.35718e+23
2.05301  1.23949e+23
2.63968  1.12297e+23
3.22635  9.49181e+22
3.81302  7.7796e+22
4.39969  6.60174e+22
4.98636  5.09514e+22
5.57303  3.74545e+22
6.1597  2.87095e+22
6.74637  1.87155e+22
7.33304  1.13559e+22
7.91971  8.42356e+21
8.50638  5.36645e+21
9.09305  4.13521e+21
9.67972  3.19154e+21
10.2664  3.51158e+21
10.8531  4.94738e+21
11.4397  4.12167e+21
12.0264  4.8064e+21
12.6131  5.75129e+21
13.1997  3.51413e+21
13.7864  3.53215e+21
14.3731  3.96185e+21
14.9597  1.99161e+21
15.5464  1.82609e+21
16.1331  1.6666e+21
16.7198  7.11551e+20
17.3064  8.39388e+20
17.8931  7.5136e+20
18.4798  6.56289e+20
19.0664  1.06827e+21
19.6531  8.08623e+20
20.2398  9.98016e+20
20.8265  1.30868e+21
21.4131  9.57621e+20
21.9998  9.88014e+20
22.5865  1.22366e+21
23.1731  9.47672e+20
23.7598  8.1248e+20
24.3465  7.65905e+20
24.9331  5.55248e+20
25.5198  4.58881e+20
26.1065  5.04284e+20
26.6931  3.63065e+20
27.2798  2.93019e+20
27.8665  4.41572e+20
28.4532  3.76324e+20
29.0398  3.82211e+20
29.6265  6.15059e+20
30.2132  3.95921e+20
30.7998  3.02762e+20
31.3865  5.97968e+20
31.9732  4.15646e+20
32.5599  2.9413e+20
33.1465  5.11786e+20
33.7332  3.57971e+20
34.3199  2.25501e+20
34.9065  4.04935e+20
35.4932  3.00353e+20
36.0799  1.68775e+20
36.6665  2.7605e+20
37.2532  2.72712e+20
37.8399  1.56644e+20
38.4265  2.27923e+20
39.0132  1.97377e+20
39.5999  1.51871e+20
40.1866  2.38202e+20
40.7732  2.65559e+20
41.3599  1.29312e+20
41.9466  2.37789e+20
42.5332  2.86489e+20
43.1199  1.39188e+20
43.7066  2.43268e+20
44.2933  3.17461e+20
44.8799  1.21986e+20
45.4666  2.43357e+20
46.0533  3.50454e+20
46.6399  1.94739e+20
47.2266  1.49741e+20
47.8133  2.13005e+20
48.3999  9.59473e+19
48.9866  7.87338e+19
49.5733  1.31103e+20
50.1599  1.44632e+20
50.7466  3.62886e+19
51.3333  9.76293e+19
51.92  1.05532e+20
52.5066  3.33628e+19
53.0933  7.26892e+19
53.68  2.04371e+20
54.2666  8.00159e+19
54.8533  1.46863e+20
55.44  1.45077e+20
56.0266  8.49536e+19
56.6133  8.41467e+19
57.2  1.55752e+20
57.7867  1.29465e+20
58.3733  1.03598e+20
58.96  8.42998e+19
59.5467  2.18727e+20
60.1333  1.21315e+20
60.72  1.00754e+20
61.3067  2.40675e+20
61.8933  8.6482e+19
62.48  8.41044e+19
63.0667  2.59432e+20
63.6534  1.11294e+20
64.24  6.95975e+19
64.8267  1.45101e+20
65.4134  8.6337e+19
66  1.44518e+20
66.5867  9.90097e+19
67.1734  9.98571e+19
67.7601  9.64774e+19
68.3467  5.40608e+19
68.9334  1.2049e+20
69.5201  1.87385e+20
70.1067  2.10453e+19
70.6934  4.46051e+19
71.2801  6.76538e+19
71.8667  3.36437e+19
72.4534  6.46758e+19
73.0401  1.22718e+20
73.6268  5.75462e+19
74.2134  3.51554e+19
74.8001  4.92529e+19
75.3868  7.30515e+19
75.9734  7.97317e+19
76.5601  4.11427e+19
77.1468  3.09249e+19
77.7334  5.72401e+19
78.3201  1.14074e+19
78.9068  2.85849e+19
79.4934  1.62422e+20
80.0801  3.36279e+19
80.6668  2.26855e+19
81.2535  8.418e+19
81.8401  3.60287e+19
82.4268  9.67957e+18
83.0135  1.04458e+20
83.6001  4.87436e+19
84.1868  4.76292e+19
84.7735  2.1196e+19
85.3602  8.47463e+19
85.9468  5.16997e+19
86.5335  6.08172e+19
87.1202  3.96318e+19
87.7068  5.77833e+19
88.2935  2.74456e+19
88.8802  3.17804e+19
89.4668  3.93794e+19
90.0535  9.22347e+19
90.6402  1.99081e+19
91.2268  4.73737e+19
91.8135  5.26862e+19
92.4002  6.57977e+18
92.9869  2.58146e+19
93.5735  8.38489e+19
94.1602  2.64772e+19
94.7469  3.07627e+19
95.3335  1.56107e+19
95.9202  1.82792e+19
96.5069  6.67028e+19
97.0935  5.53372e+19
97.6802  4.87146e+19
98.2669  3.42495e+19
98.8536  1.15644e+19
99.4402  1.22402e+19
100.027  9.33411e+19
100.614  3.66871e+19
101.2  4.0338e+19
101.787  6.12394e+19
102.374  4.24886e+19
102.96  7.70873e+18
103.547  1.21297e+20
104.134  2.35005e+19
104.72  8.46719e+19
105.307  4.57846e+19
105.894  3.8933e+19
106.48  2.59073e+19
107.067  8.21001e+19
107.654  3.17611e+19
108.24  1.37083e+20
108.827  3.143e+19
109.414  2.99867e+19
110  1.5365e+19
110.587  7.92693e+19
111.174  3.53486e+19
111.76  1.0558e+20
112.347  3.26435e+19
112.934  2.78238e+19
113.52  1.00936e+18
114.107  7.97768e+19
114.694  5.37935e+19
115.28  7.40639e+19
115.867  1.46065e+19
116.454  5.23992e+19
117.04  1.91306e+19
117.627  4.08153e+19
118.214  4.11044e+19
118.8  8.46504e+19
119.387  1.55517e+19
119.974  5.73211e+19
120.56  3.77652e+19
121.147  2.66691e+19
121.734  5.95915e+19
122.32  7.84693e+19
122.907  5.28786e+19
123.494  2.36946e+19
124.08  3.13623e+19
124.667  2.80195e+19
125.254  7.72806e+19
125.84  7.93357e+19
126.427  6.61122e+19
127.014  1.72288e+19
127.6  6.44437e+19
128.187  1.5537e+19
128.774  1.19617e+20
129.36  4.62288e+19
129.947  5.84663e+19
130.534  2.59113e+19
131.12  8.20842e+19
131.707  1.51401e+19
132.294  1.00825e+20
132.88  3.50984e+19
133.467  8.08205e+19
134.054  3.62391e+19
134.64  1.01575e+20
135.227  8.36125e+18
135.814  6.08404e+19
136.4  4.27859e+19
136.987  8.01281e+19
137.574  3.2349e+19
138.16  8.91258e+19
138.747  7.49427e+18
139.334  6.22367e+19
139.92  7.45231e+19
140.507  8.70162e+19
141.094  2.06166e+19
141.68  7.91137e+19
142.267  2.05781e+19
142.854  5.23775e+19
143.44  6.876e+19
144.027  8.94675e+19
144.614  2.51933e+19
145.2  8.1889e+19
145.787  6.76023e+19
146.374  4.49097e+19
146.96  4.79431e+19
147.547  9.0625e+19
148.134  5.89251e+19
148.721  4.93848e+19
149.307  6.89183e+19
149.894  4.97623e+19
150.481  2.74741e+19
151.067  1.00728e+20
151.654  1.39211e+20
152.241  1.67325e+19
152.827  5.87355e+19
153.414  6.48348e+19
154.001  4.0142e+19
154.587  8.22002e+19
155.174  1.48377e+20
155.761  1.33642e+19
156.347  5.28124e+19
156.934  9.99297e+19
157.521  8.09856e+19
158.107  4.46082e+19
158.694  1.63822e+20
159.281  3.29487e+19
159.867  3.72817e+19
160.454  1.04484e+20
161.041  9.26509e+19
161.627  3.94159e+19
162.214  1.33155e+20
162.801  8.48608e+19
163.387  3.11381e+19
163.974  6.33821e+19
164.561  9.94986e+19
165.147  5.53301e+19
165.734  1.06303e+20
166.321  1.17857e+20
166.907  2.54849e+19
167.494  5.16925e+19
168.081  8.48132e+19
168.667  8.24376e+19
169.254  6.60159e+19
169.841  1.17018e+20
170.427  3.08785e+19
171.014  6.88527e+19
171.601  8.2499e+19
172.187  9.01331e+19
172.774  4.069e+19
173.361  1.11996e+20
173.947  2.46155e+19
174.534  8.91669e+19
175.121  8.00607e+19
175.707  5.77814e+19
176.294  3.60107e+19
176.881  1.51869e+20
177.467  2.33789e+19
178.054  7.26788e+19
178.641  8.0018e+19
179.227  4.8271e+19
179.814  4.54696e+19
180.401  1.72892e+20
180.987  2.78667e+19
181.574  5.90295e+19
182.161  7.54741e+19
182.747  6.54043e+19
183.334  6.6926e+19
183.921  1.5718e+20
184.507  3.22284e+19
185.094  5.37404e+19
185.681  8.79828e+19
186.267  6.72251e+19
186.854  7.72118e+19
187.441  9.68127e+19
188.027  2.43781e+19
188.614  7.38901e+19
189.201  1.25874e+20
189.787  5.04756e+19
190.374  8.92897e+19
190.961  6.48e+19
191.547  2.00889e+19
192.134  6.42644e+19
192.721  1.18964e+20
193.307  3.86578e+19
193.894  8.20688e+19
194.481  5.22297e+19
195.067  3.34807e+19
195.654  5.74272e+19
196.241  8.03357e+19
196.827  4.0928e+19
197.414  1.1299e+20
198.001  3.45818e+19
198.587  6.80175e+19
199.174  3.81409e+19
199.761  2.93855e+19
200.347  3.55926e+19
200.934  1.41522e+20
201.521  3.49032e+19
202.107  8.73171e+19
202.694  3.58321e+19
203.281  2.82967e+19
203.867  2.44011e+19
204.454  1.26909e+20
205.041  2.68786e+19
205.627  7.77825e+19
206.214  5.07653e+19
206.801  3.33436e+19
207.388  4.41562e+19
207.974  6.35361e+19
208.561  1.52497e+19
209.148  5.53252e+19
209.734  4.9957e+19
210.321  6.93646e+19
210.908  8.0119e+19
211.494  5.0034e+19
212.081  1.48924e+19
212.668  2.20406e+19
213.254  5.00626e+19
213.841  6.68186e+19
214.428  6.20018e+19
215.014  7.2941e+19
215.601  3.61067e+19
216.188  1.71906e+19
216.774  6.34505e+19
217.361  3.95984e+19
217.948  4.59776e+19
218.534  5.45957e+19
219.121  8.10483e+19
219.708  2.33983e+19
220.294  8.57905e+19
220.881  2.89554e+19
221.468  4.44794e+19
222.054  3.74601e+19
222.641  7.8276e+19
223.228  3.6879e+19
223.814  8.33605e+19
224.401  2.91172e+19
224.988  1.00476e+20
225.574  3.02935e+19
226.161  4.34134e+19
226.748  4.94709e+19
227.334  5.21294e+19
227.921  4.05925e+19
228.508  1.14335e+20
229.094  2.98278e+19
229.681  5.19831e+19
230.268  4.5658e+19
230.854  7.20038e+19
231.441  5.71539e+19
232.028  8.65422e+19
232.614  3.82497e+19
233.201  3.10117e+19
233.788  6.61323e+19
234.374  7.6679e+19
