#S 1 spectral density
#N 2
#UFWHM 26.9868
#L  abscissas [um]  spectral density
-234.375  1.67166e+19
-233.788  1.01266e+20
-233.202  5.97126e+19
-232.615  2.34265e+19
-232.028  8.22911e+19
-231.442  3.99901e+19
-230.855  2.64595e+19
-230.268  1.19964e+20
-229.682  1.42999e+20
-229.095  2.30739e+19
-228.508  4.50751e+19
-227.922  5.02894e+19
-227.335  5.22252e+19
-226.748  9.57601e+19
-226.162  2.12444e+20
-225.575  4.18853e+19
-224.988  1.12711e+19
-224.402  4.03718e+19
-223.815  5.01265e+19
-223.228  2.25755e+19
-222.642  1.58019e+20
-222.055  5.49717e+19
-221.468  3.29868e+19
-220.882  5.79192e+19
-220.295  9.61369e+19
-219.708  3.55037e+19
-219.122  3.00764e+19
-218.535  5.02242e+19
-217.948  5.68782e+19
-217.362  6.75594e+19
-216.775  1.96779e+20
-216.188  1.42007e+20
-215.602  2.60115e+19
-215.015  7.34284e+19
-214.428  4.17316e+19
-213.842  3.00655e+19
-213.255  1.36285e+20
-212.668  1.25152e+20
-212.082  9.70313e+19
-211.495  9.69915e+19
-210.908  6.09142e+19
-210.322  6.1213e+19
-209.735  7.45293e+18
-209.148  2.82145e+19
-208.562  8.21401e+19
-207.975  5.50492e+19
-207.388  7.59814e+19
-206.802  1.25102e+20
-206.215  4.58205e+19
-205.628  6.99852e+19
-205.041  6.0788e+19
-204.455  5.29829e+19
-203.868  3.56452e+19
-203.281  6.28734e+19
-202.695  8.95475e+19
-202.108  1.08363e+20
-201.521  7.76771e+19
-200.935  1.26683e+20
-200.348  5.34728e+19
-199.761  1.48902e+19
-199.175  4.02187e+19
-198.588  4.97365e+19
-198.001  4.63029e+19
-197.415  9.05732e+19
-196.828  5.99236e+19
-196.241  4.17423e+19
-195.655  2.8627e+19
-195.068  8.09767e+19
-194.481  8.29827e+19
-193.895  4.46914e+19
-193.308  1.72121e+19
-192.721  4.80247e+19
-192.135  2.97896e+19
-191.548  1.16785e+20
-190.961  1.56839e+20
-190.375  9.38593e+19
-189.788  6.24006e+19
-189.201  1.40863e+20
-188.615  9.87135e+19
-188.028  1.05903e+20
-187.441  1.11718e+20
-186.855  4.45337e+19
-186.268  5.96213e+19
-185.681  1.89906e+20
-185.095  1.92726e+20
-184.508  1.39744e+20
-183.921  7.58905e+19
-183.335  1.8026e+19
-182.748  3.61614e+19
-182.161  1.15152e+20
-181.575  1.68918e+20
-180.988  1.116e+20
-180.401  7.58207e+19
-179.815  1.18719e+20
-179.228  1.48536e+20
-178.641  1.36543e+20
-178.055  1.30109e+20
-177.468  3.58992e+19
-176.881  3.90105e+19
-176.295  8.9206e+19
-175.708  1.64192e+20
-175.121  1.3763e+20
-174.535  9.99955e+19
-173.948  4.53401e+19
-173.361  8.3017e+19
-172.775  3.69179e+19
-172.188  8.22045e+19
-171.601  4.41517e+19
-171.015  2.81465e+19
-170.428  3.49518e+19
-169.841  9.17374e+19
-169.255  6.72315e+19
-168.668  8.33069e+19
-168.081  3.30361e+19
-167.495  6.91362e+19
-166.908  9.09706e+19
-166.321  2.6815e+19
-165.735  7.01235e+19
-165.148  8.37113e+19
-164.561  3.45475e+19
-163.975  1.37939e+20
-163.388  2.50215e+20
-162.801  7.75317e+19
-162.215  1.08353e+20
-161.628  1.2042e+20
-161.041  4.58289e+19
-160.455  7.66105e+19
-159.868  2.61907e+20
-159.281  1.18417e+20
-158.695  1.18749e+20
-158.108  1.67184e+20
-157.521  1.4327e+20
-156.935  6.71132e+19
-156.348  1.90459e+20
-155.761  9.78576e+19
-155.175  7.9677e+19
-154.588  1.17445e+20
-154.001  1.89236e+20
-153.415  1.47737e+20
-152.828  1.73736e+20
-152.241  1.28513e+20
-151.655  1.19326e+20
-151.068  6.62315e+19
-150.481  1.17866e+20
-149.895  1.38859e+20
-149.308  1.03431e+20
-148.721  1.03579e+20
-148.135  1.47405e+20
-147.548  7.75203e+19
-146.961  6.5068e+19
-146.375  9.70784e+19
-145.788  3.44455e+19
-145.201  4.02997e+19
-144.614  1.11782e+20
-144.028  8.52071e+19
-143.441  3.84728e+19
-142.854  8.6252e+19
-142.268  4.03714e+19
-141.681  4.73234e+19
-141.094  1.13885e+20
-140.508  9.41476e+19
-139.921  1.48806e+19
-139.334  9.00124e+19
-138.748  5.47044e+19
-138.161  9.9047e+19
-137.574  1.53292e+20
-136.988  1.37551e+20
-136.401  6.05948e+19
-135.814  1.31992e+20
-135.228  1.01281e+20
-134.641  1.53279e+20
-134.054  1.37402e+20
-133.468  1.51713e+20
-132.881  1.07735e+20
-132.294  2.01193e+20
-131.708  2.071e+20
-131.121  2.09727e+20
-130.534  1.25583e+20
-129.948  1.33708e+20
-129.361  9.11439e+19
-128.774  2.71475e+20
-128.188  2.72358e+20
-127.601  2.46015e+20
-127.014  2.04381e+20
-126.428  1.46887e+20
-125.841  1.02677e+20
-125.254  3.26595e+20
-124.668  2.1445e+20
-124.081  1.8302e+20
-123.494  2.25795e+20
-122.908  1.28249e+20
-122.321  1.31764e+20
-121.734  3.15185e+20
-121.148  1.29617e+20
-120.561  9.90679e+19
-119.974  1.55013e+20
-119.388  8.55821e+19
-118.801  1.1004e+20
-118.214  2.14956e+20
-117.628  9.02444e+19
-117.041  6.37556e+19
-116.454  1.09975e+20
-115.868  8.55198e+19
-115.281  9.37221e+19
-114.694  1.22411e+20
-114.108  7.33837e+19
-113.521  6.78346e+19
-112.934  1.43107e+20
-112.348  9.68822e+19
-111.761  1.29563e+20
-111.174  1.18579e+20
-110.588  9.18867e+19
-110.001  1.1987e+20
-109.414  2.19502e+20
-108.828  1.07678e+20
-108.241  1.68286e+20
-107.654  1.68146e+20
-107.068  1.66503e+20
-106.481  2.02981e+20
-105.894  3.30676e+20
-105.308  1.81144e+20
-104.721  1.52654e+20
-104.134  2.20553e+20
-103.548  2.83046e+20
-102.961  2.46558e+20
-102.374  4.69252e+20
-101.788  3.49516e+20
-101.201  1.34145e+20
-100.614  3.01646e+20
-100.028  3.7573e+20
-99.4409  2.387e+20
-98.8542  5.13308e+20
-98.2676  4.40265e+20
-97.6809  1.42159e+20
-97.0942  3.55537e+20
-96.5075  3.84678e+20
-95.9209  2.44349e+20
-95.3342  3.96878e+20
-94.7475  3.59336e+20
-94.1609  1.43439e+20
-93.5742  2.89501e+20
-92.9875  3.05502e+20
-92.4009  2.70574e+20
-91.8142  2.28999e+20
-91.2275  2.20523e+20
-90.6409  1.22486e+20
-90.0542  1.76036e+20
-89.4675  2.1151e+20
-88.8808  2.57532e+20
-88.2942  1.41885e+20
-87.7075  1.66609e+20
-87.1208  1.26462e+20
-86.5342  1.57277e+20
-85.9475  1.78239e+20
-85.3608  2.00797e+20
-84.7741  1.45999e+20
-84.1875  1.91183e+20
-83.6008  1.72396e+20
-83.0141  2.43768e+20
-82.4275  2.44256e+20
-81.8408  2.01147e+20
-81.2541  2.27136e+20
-80.6675  2.9136e+20
-80.0808  2.68244e+20
-79.4941  3.59452e+20
-78.9074  3.93031e+20
-78.3208  3.05696e+20
-77.7341  3.69585e+20
-77.1474  5.04571e+20
-76.5608  4.21342e+20
-75.9741  4.8017e+20
-75.3874  5.86326e+20
-74.8008  4.47139e+20
-74.2141  5.35397e+20
-73.6274  7.55555e+20
-73.0408  5.69234e+20
-72.4541  6.0795e+20
-71.8674  7.03568e+20
-71.2807  5.14111e+20
-70.6941  6.09492e+20
-70.1074  8.28107e+20
-69.5207  6.09131e+20
-68.9341  6.85819e+20
-68.3474  6.68651e+20
-67.7607  5.01299e+20
-67.174  5.64915e+20
-66.5874  7.0463e+20
-66.0007  5.43284e+20
-65.414  6.48547e+20
-64.8274  5.45909e+20
-64.2407  4.79763e+20
-63.654  4.4683e+20
-63.0674  5.15112e+20
-62.4807  4.40591e+20
-61.894  5.08259e+20
-61.3073  4.10222e+20
-60.7207  4.65117e+20
-60.134  3.46927e+20
-59.5473  4.08601e+20
-58.9607  3.83772e+20
-58.374  4.03581e+20
-57.7873  3.87631e+20
-57.2007  5.0177e+20
-56.614  3.86743e+20
-56.0273  4.68721e+20
-55.4407  4.7533e+20
-54.854  5.1297e+20
-54.2673  5.88789e+20
-53.6806  6.96619e+20
-53.094  6.7665e+20
-52.5073  7.39821e+20
-51.9206  7.60925e+20
-51.334  8.62086e+20
-50.7473  1.01522e+21
-50.1606  1.0886e+21
-49.5739  1.18697e+21
-48.9873  1.21662e+21
-48.4006  1.20734e+21
-47.8139  1.33025e+21
-47.2273  1.5667e+21
-46.6406  1.62851e+21
-46.0539  1.81632e+21
-45.4673  1.82107e+21
-44.8806  1.76449e+21
-44.2939  1.78493e+21
-43.7072  2.02728e+21
-43.1206  2.08453e+21
-42.5339  2.28334e+21
-41.9472  2.28142e+21
-41.3606  2.18761e+21
-40.7739  2.00054e+21
-40.1872  2.1729e+21
-39.6006  2.22273e+21
-39.0139  2.32743e+21
-38.4272  2.38159e+21
-37.8406  2.34248e+21
-37.2539  1.97994e+21
-36.6672  2.05396e+21
-36.0805  2.12081e+21
-35.4939  2.1421e+21
-34.9072  2.25227e+21
-34.3205  2.31543e+21
-33.7339  1.95304e+21
-33.1472  1.93537e+21
-32.5605  2.01401e+21
-31.9738  2.09374e+21
-31.3872  2.2242e+21
-30.8005  2.37159e+21
-30.2138  2.27075e+21
-29.6272  2.17373e+21
-29.0405  2.32307e+21
-28.4538  2.73282e+21
-27.8672  2.84219e+21
-27.2805  3.09141e+21
-26.6938  3.53245e+21
-26.1072  3.38115e+21
-25.5205  3.73039e+21
-24.9338  4.72377e+21
-24.3471  4.87617e+21
-23.7605  5.32449e+21
-23.1738  6.40922e+21
-22.5871  6.28744e+21
-22.0005  6.96621e+21
-21.4138  8.53211e+21
-20.8271  8.8531e+21
-20.2404  9.59834e+21
-19.6538  1.11345e+22
-19.0671  1.11955e+22
-18.4804  1.22011e+22
-17.8938  1.40695e+22
-17.3071  1.4742e+22
-16.7204  1.57188e+22
-16.1338  1.73994e+22
-15.5471  1.79519e+22
-14.9604  1.91299e+22
-14.3737  2.10369e+22
-13.7871  2.22788e+22
-13.2004  2.32338e+22
-12.6137  2.48503e+22
-12.0271  2.60096e+22
-11.4404  2.69915e+22
-10.8537  2.88146e+22
-10.2671  3.04697e+22
-9.68039  3.0876e+22
-9.09372  3.24079e+22
-8.50705  3.39052e+22
-7.92038  3.41942e+22
-7.33371  3.59783e+22
-6.74704  3.76169e+22
-6.16037  3.71172e+22
-5.5737  3.86128e+22
-4.98703  3.9919e+22
-4.40036  3.94356e+22
-3.81369  4.13046e+22
-3.22702  4.23161e+22
-2.64035  4.10351e+22
-2.05368  4.253e+22
-1.46701  4.29987e+22
-0.88034  4.18493e+22
-0.29367  4.36483e+22
0.293  4.35592e+22
0.87967  4.17461e+22
1.46634  4.29035e+22
2.05301  4.22968e+22
2.63968  4.08234e+22
3.22635  4.20797e+22
3.81302  4.09154e+22
4.39969  3.90369e+22
4.98636  3.9518e+22
5.57303  3.81076e+22
6.1597  3.66345e+22
6.74637  3.71085e+22
7.33304  3.53742e+22
7.91971  3.35766e+22
8.50638  3.32898e+22
9.09305  3.1739e+22
9.67972  3.02155e+22
10.2664  2.98048e+22
10.8531  2.81094e+22
11.4397  2.6273e+22
12.0264  2.5315e+22
12.6131  2.41443e+22
13.1997  2.25248e+22
13.7864  2.15978e+22
14.3731  2.0348e+22
14.9597  1.84405e+22
15.5464  1.73107e+22
16.1331  1.67638e+22
16.7198  1.50865e+22
17.3064  1.41575e+22
17.8931  1.34852e+22
18.4798  1.16394e+22
19.0664  1.06937e+22
19.6531  1.06384e+22
20.2398  9.12489e+21
20.8265  8.42793e+21
21.4131  8.10584e+21
21.9998  6.58664e+21
22.5865  5.96034e+21
23.1731  6.08673e+21
23.7598  5.03987e+21
24.3465  4.62604e+21
24.9331  4.47025e+21
25.5198  3.53139e+21
26.1065  3.21508e+21
26.6931  3.37274e+21
27.2798  2.96723e+21
27.8665  2.73661e+21
28.4532  2.62308e+21
29.0398  2.25604e+21
29.6265  2.12134e+21
30.2132  2.22445e+21
30.7998  2.34764e+21
31.3865  2.20782e+21
31.9732  2.07235e+21
32.5599  2.016e+21
33.1465  1.94108e+21
33.7332  1.95769e+21
34.3199  2.32971e+21
34.9065  2.26734e+21
35.4932  2.14992e+21
36.0799  2.137e+21
36.6665  2.06894e+21
37.2532  1.98516e+21
37.8399  2.35093e+21
38.4265  2.38532e+21
39.0132  2.32337e+21
39.5999  2.22172e+21
40.1866  2.16756e+21
40.7732  1.98215e+21
41.3599  2.17184e+21
41.9466  2.25581e+21
42.5332  2.25154e+21
43.1199  2.05605e+21
43.7066  1.99427e+21
44.2933  1.74121e+21
44.8799  1.72548e+21
45.4666  1.77313e+21
46.0533  1.76637e+21
46.6399  1.58208e+21
47.2266  1.51955e+21
47.8133  1.27784e+21
48.3999  1.16111e+21
48.9866  1.16738e+21
49.5733  1.1395e+21
50.1599  1.04424e+21
50.7466  9.73512e+20
51.3333  8.18973e+20
51.92  7.23277e+20
52.5066  7.04551e+20
53.0933  6.43929e+20
53.68  6.68353e+20
54.2666  5.63884e+20
54.8533  4.90481e+20
55.44  4.56763e+20
56.0266  4.54233e+20
56.6133  3.74174e+20
57.2  4.9484e+20
57.7867  3.81952e+20
58.3733  4.04071e+20
58.96  3.85594e+20
59.5467  4.12766e+20
60.1333  3.50595e+20
60.72  4.72795e+20
61.3067  4.16e+20
61.8933  5.20857e+20
62.48  4.5296e+20
63.0667  5.28662e+20
63.6534  4.55278e+20
64.24  4.90632e+20
64.8267  5.53664e+20
65.4134  6.58488e+20
66  5.5484e+20
66.5867  7.17518e+20
67.1734  5.67757e+20
67.7601  5.06657e+20
68.3467  6.7129e+20
68.9334  6.84466e+20
69.5201  6.13552e+20
70.1067  8.31572e+20
70.6934  6.01728e+20
71.2801  5.09814e+20
71.8667  6.96558e+20
72.4534  5.94651e+20
73.0401  5.64547e+20
73.6268  7.47534e+20
74.2134  5.19649e+20
74.8001  4.34538e+20
75.3868  5.7167e+20
75.9734  4.61897e+20
76.5601  4.1056e+20
77.1468  4.91439e+20
77.7334  3.54192e+20
78.3201  2.9205e+20
78.9068  3.78032e+20
79.4934  3.43251e+20
80.0801  2.57046e+20
80.6668  2.8017e+20
81.2535  2.16548e+20
81.8401  1.94308e+20
82.4268  2.35292e+20
83.0135  2.331e+20
83.6001  1.66009e+20
84.1868  1.86563e+20
84.7735  1.42388e+20
85.3602  2.04392e+20
85.9468  1.78671e+20
86.5335  1.551e+20
87.1202  1.26679e+20
87.7068  1.68594e+20
88.2935  1.44743e+20
88.8802  2.66184e+20
89.4668  2.18625e+20
90.0535  1.79904e+20
90.6402  1.25591e+20
91.2268  2.2589e+20
91.8135  2.35318e+20
92.4002  2.7846e+20
92.9869  3.1531e+20
93.5735  2.94889e+20
94.1602  1.45721e+20
94.7469  3.64156e+20
95.3335  4.01673e+20
95.9202  2.48662e+20
96.5069  3.92084e+20
97.0935  3.56951e+20
97.6802  1.41188e+20
98.2669  4.39419e+20
98.8536  5.11048e+20
99.4402  2.37974e+20
100.027  3.76624e+20
100.614  2.96792e+20
101.2  1.29929e+20
101.787  3.43208e+20
102.374  4.6044e+20
102.96  2.41666e+20
103.547  2.79252e+20
104.134  2.12699e+20
104.72  1.4619e+20
105.307  1.74462e+20
105.894  3.2041e+20
106.48  1.96292e+20
107.067  1.62524e+20
107.654  1.60839e+20
108.24  1.60847e+20
108.827  1.02824e+20
109.414  2.10981e+20
110  1.14513e+20
110.587  9.07734e+19
111.174  1.15843e+20
111.76  1.25624e+20
112.347  9.45266e+19
112.934  1.38242e+20
113.52  6.67162e+19
114.107  7.50454e+19
114.694  1.25884e+20
115.28  9.51203e+19
115.867  8.51798e+19
116.454  1.08406e+20
117.04  6.53693e+19
117.627  9.33506e+19
118.214  2.21668e+20
118.8  1.14069e+20
119.387  8.80761e+19
119.974  1.55531e+20
120.56  1.00837e+20
121.147  1.34119e+20
121.734  3.22091e+20
122.32  1.35688e+20
122.907  1.32423e+20
123.494  2.25994e+20
124.08  1.82503e+20
124.667  2.1762e+20
125.254  3.30515e+20
125.84  1.04266e+20
126.427  1.48652e+20
127.014  2.02542e+20
127.6  2.41423e+20
128.187  2.71204e+20
128.774  2.71703e+20
129.36  8.97029e+19
129.947  1.3119e+20
130.534  1.22652e+20
131.12  2.03488e+20
131.707  2.03326e+20
132.294  1.99932e+20
132.88  1.04685e+20
133.467  1.45792e+20
134.054  1.31744e+20
134.64  1.47372e+20
135.227  9.76808e+19
135.814  1.3036e+20
136.4  5.80887e+19
136.987  1.31849e+20
137.574  1.47107e+20
138.16  9.45718e+19
138.747  5.26498e+19
139.334  9.02803e+19
139.92  1.47949e+19
140.507  9.17306e+19
141.094  1.12668e+20
141.68  4.53491e+19
142.267  3.92084e+19
142.854  8.84388e+19
143.44  3.92628e+19
144.027  8.4927e+19
144.614  1.15597e+20
145.2  4.09655e+19
145.787  3.44831e+19
146.374  9.97609e+19
146.96  6.70471e+19
147.547  7.82047e+19
148.134  1.526e+20
148.721  1.06663e+20
149.307  1.0432e+20
149.894  1.40693e+20
150.481  1.21368e+20
151.067  6.75985e+19
151.654  1.22766e+20
152.241  1.31164e+20
152.827  1.73738e+20
153.414  1.48144e+20
154.001  1.91157e+20
154.587  1.17853e+20
155.174  7.9306e+19
155.761  9.70485e+19
156.347  1.89711e+20
156.934  6.7029e+19
157.521  1.43566e+20
158.107  1.67786e+20
158.694  1.15197e+20
159.281  1.14652e+20
159.867  2.58187e+20
160.454  7.42691e+19
161.041  4.53943e+19
161.627  1.20988e+20
162.214  1.04237e+20
162.801  7.4815e+19
163.387  2.43432e+20
163.974  1.32929e+20
164.561  3.3247e+19
165.147  8.38383e+19
165.734  6.77066e+19
166.321  2.62173e+19
166.907  8.76222e+19
167.494  6.62332e+19
168.081  3.20779e+19
168.667  8.50688e+19
169.254  6.64622e+19
169.841  8.98449e+19
170.427  3.57432e+19
171.014  2.8791e+19
171.601  4.54022e+19
172.187  8.49787e+19
172.774  3.6545e+19
173.361  8.04763e+19
173.947  4.6694e+19
174.534  1.03521e+20
175.121  1.42866e+20
175.707  1.6718e+20
176.294  8.94782e+19
176.881  3.78374e+19
177.467  3.62554e+19
178.054  1.33116e+20
178.641  1.41083e+20
179.227  1.51423e+20
179.814  1.1931e+20
180.401  7.54636e+19
180.987  1.12e+20
181.574  1.6762e+20
182.161  1.13951e+20
182.747  3.7356e+19
183.334  1.83058e+19
183.921  7.57095e+19
184.507  1.41573e+20
185.094  1.91701e+20
185.681  1.86401e+20
186.267  5.76817e+19
186.854  4.33778e+19
187.441  1.08537e+20
188.027  1.05409e+20
188.614  9.9811e+19
189.201  1.39742e+20
189.787  5.99462e+19
190.374  9.15225e+19
190.961  1.51949e+20
191.547  1.1358e+20
192.134  3.00583e+19
192.721  4.94048e+19
193.307  1.71921e+19
193.894  4.3175e+19
194.481  8.0681e+19
195.067  7.81592e+19
195.654  2.78952e+19
196.241  4.2686e+19
196.827  6.02352e+19
197.414  9.0897e+19
198.001  4.74133e+19
198.587  4.89979e+19
199.174  3.99053e+19
199.761  1.44574e+19
200.347  5.22816e+19
200.934  1.27628e+20
201.521  8.0447e+19
202.107  1.10756e+20
202.694  9.05864e+19
203.281  6.4923e+19
203.867  3.55159e+19
204.454  5.20613e+19
205.041  6.12914e+19
205.627  7.17117e+19
206.214  4.63348e+19
206.801  1.29552e+20
207.388  7.84047e+19
207.974  5.40665e+19
208.561  7.98859e+19
209.148  2.79559e+19
209.734  7.56776e+18
210.321  6.36175e+19
210.908  6.33417e+19
211.494  9.79713e+19
212.081  9.52566e+19
212.668  1.26355e+20
213.254  1.37386e+20
213.841  2.90921e+19
214.428  4.16156e+19
215.014  7.37687e+19
215.601  2.55143e+19
216.188  1.43827e+20
216.774  1.98199e+20
217.361  6.53639e+19
217.948  5.48356e+19
218.534  4.87579e+19
219.121  3.06053e+19
219.708  3.64446e+19
220.294  9.8221e+19
220.881  5.72932e+19
221.468  3.19024e+19
222.054  5.30911e+19
222.641  1.57545e+20
223.228  2.16798e+19
223.814  5.16292e+19
224.401  4.13918e+19
224.988  1.1651e+19
225.574  4.15849e+19
226.161  2.11546e+20
226.748  9.30529e+19
227.334  5.15438e+19
227.921  5.1425e+19
228.508  4.41122e+19
229.094  2.38507e+19
229.681  1.44111e+20
230.268  1.19236e+20
230.854  2.62679e+19
231.441  4.07731e+19
232.028  7.9527e+19
232.614  2.30423e+19
233.201  6.16242e+19
233.788  1.03386e+20
234.374  1.68741e+19
