#S 1 spectral density
#N 2
#UFWHM 4.10669
#L  abscissas [um]  spectral density
-234.375  1.2756e+21
-233.788  3.02244e+21
-233.202  2.16455e+20
-232.615  3.72686e+20
-232.028  2.75105e+21
-231.442  1.91588e+21
-230.855  1.15065e+21
-230.268  2.80305e+21
-229.682  2.62818e+20
-229.095  4.29497e+20
-228.508  2.57926e+21
-227.922  2.38515e+21
-227.335  8.55868e+20
-226.748  2.58808e+21
-226.162  3.84453e+20
-225.575  2.7086e+20
-224.988  2.69164e+21
-224.402  2.79905e+21
-223.815  5.97743e+20
-223.228  2.29606e+21
-222.642  4.36193e+20
-222.055  1.19324e+20
-221.468  2.95208e+21
-220.882  2.83052e+21
-220.295  3.51458e+20
-219.708  2.49804e+21
-219.122  3.03013e+20
-218.535  1.47829e+20
-217.948  2.72064e+21
-217.362  3.22911e+21
-216.775  3.31135e+20
-216.188  2.13979e+21
-215.602  2.97036e+20
-215.015  2.00421e+20
-214.428  2.10808e+21
-213.842  3.70096e+21
-213.255  3.83905e+20
-212.668  1.72428e+21
-212.082  1.90176e+20
-211.495  1.3617e+20
-210.908  1.75538e+21
-210.322  3.95026e+21
-209.735  4.27292e+20
-209.148  9.90971e+20
-208.562  3.1911e+20
-207.975  1.2135e+20
-207.388  1.60499e+21
-206.802  3.7423e+21
-206.215  5.84041e+20
-205.628  8.50912e+20
-205.041  2.03091e+20
-204.455  1.96846e+20
-203.868  1.46777e+21
-203.281  3.42446e+21
-202.695  6.92351e+20
-202.108  5.82714e+20
-201.521  2.13973e+20
-200.935  2.94856e+20
-200.348  9.8478e+20
-199.761  3.46443e+21
-199.175  7.63342e+20
-198.588  4.58606e+20
-198.001  8.57906e+19
-197.415  2.14788e+20
-196.828  5.33236e+20
-196.241  3.21964e+21
-195.655  1.01403e+21
-195.068  2.36545e+20
-194.481  1.52459e+20
-193.895  3.30323e+20
-193.308  3.17004e+20
-192.721  2.99017e+21
-192.135  1.31413e+21
-191.548  2.02593e+20
-190.961  7.15318e+19
-190.375  4.57931e+20
-189.788  2.38119e+20
-189.201  2.51614e+21
-188.615  1.57058e+21
-188.028  1.4149e+20
-187.441  5.72155e+19
-186.855  8.47128e+20
-186.268  2.19969e+20
-185.681  2.09247e+21
-185.095  1.26056e+21
-184.508  2.21375e+20
-183.921  1.24412e+20
-183.335  7.9081e+20
-182.748  2.36129e+20
-182.161  1.74941e+21
-181.575  1.26413e+21
-180.988  2.4257e+20
-180.401  1.11766e+20
-179.815  1.11134e+21
-179.228  2.59234e+20
-178.641  1.26561e+21
-178.055  1.55282e+21
-177.468  1.5955e+20
-176.881  1.12196e+20
-176.295  1.22078e+21
-175.708  3.74054e+20
-175.121  1.18809e+21
-174.535  1.53286e+21
-173.948  1.18251e+20
-173.361  2.69037e+20
-172.775  1.46867e+21
-172.188  3.44194e+20
-171.601  7.64869e+20
-171.015  1.09246e+21
-170.428  2.18542e+20
-169.841  2.55517e+20
-169.255  1.30398e+21
-168.668  6.66587e+20
-168.081  8.05754e+20
-167.495  6.92812e+20
-166.908  3.50109e+20
-166.321  1.79244e+20
-165.735  1.45217e+21
-165.148  6.79707e+20
-164.561  4.83903e+20
-163.975  8.62411e+20
-163.388  2.93097e+20
-162.801  1.19639e+20
-162.215  1.99492e+21
-161.628  5.6458e+20
-161.041  3.5462e+20
-160.455  8.63951e+20
-159.868  2.67801e+20
-159.281  2.73818e+20
-158.695  1.7218e+21
-158.108  6.41837e+20
-157.521  2.49023e+20
-156.935  7.1679e+20
-156.348  3.57342e+20
-155.761  3.12241e+20
-155.175  1.28545e+21
-154.588  9.39142e+20
-154.001  2.63493e+20
-153.415  5.06272e+20
-152.828  3.44985e+20
-152.241  1.56127e+20
-151.655  1.19707e+21
-151.068  1.13843e+21
-150.481  2.33285e+20
-149.895  2.67146e+20
-149.308  4.54717e+20
-148.721  9.79392e+19
-148.135  1.58662e+21
-147.548  8.7505e+20
-146.961  1.74878e+20
-146.375  4.42626e+20
-145.788  3.87097e+20
-145.201  1.31653e+20
-144.614  1.44671e+21
-144.028  8.91975e+20
-143.441  1.29333e+20
-142.854  1.7808e+20
-142.268  7.73563e+20
-141.681  1.53494e+20
-141.094  8.80595e+20
-140.508  1.11847e+21
-139.921  1.27095e+20
-139.334  1.12106e+20
-138.748  8.74846e+20
-138.161  1.70451e+20
-137.574  6.90049e+20
-136.988  9.29846e+20
-136.401  4.09422e+20
-135.814  1.20282e+20
-135.228  7.79218e+20
-134.641  3.82444e+20
-134.054  5.46585e+20
-133.468  9.17122e+20
-132.881  4.63384e+20
-132.294  1.25713e+20
-131.708  9.52632e+20
-131.121  4.67673e+20
-130.534  4.37832e+20
-129.948  9.65101e+20
-129.361  3.85948e+20
-128.774  8.39963e+19
-128.188  1.11539e+21
-127.601  6.92275e+20
-127.014  3.00867e+20
-126.428  9.55388e+20
-125.841  2.78654e+20
-125.254  1.50411e+20
-124.668  1.45048e+21
-124.081  5.61134e+20
-123.494  1.64188e+20
-122.908  6.38109e+20
-122.321  5.16068e+20
-121.734  1.59536e+20
-121.148  9.85236e+20
-120.561  1.04911e+21
-119.974  1.80973e+20
-119.388  3.5562e+20
-118.801  7.93405e+20
-118.214  8.93355e+19
-117.628  1.07876e+21
-117.041  8.22772e+20
-116.454  7.50644e+19
-115.868  5.05713e+20
-115.281  5.8532e+20
-114.694  9.29095e+19
-114.108  1.39957e+21
-113.521  5.35559e+20
-112.934  1.0645e+20
-112.348  5.30302e+20
-111.761  7.13624e+20
-111.174  1.33651e+20
-110.588  7.97887e+20
-110.001  6.60453e+20
-109.414  7.91847e+19
-108.828  3.03569e+20
-108.241  9.33602e+20
-107.654  1.12384e+20
-107.068  5.15518e+20
-106.481  6.73203e+20
-105.894  1.19345e+20
-105.308  3.66931e+20
-104.721  6.25262e+20
-104.134  1.31226e+20
-103.548  4.77829e+20
-102.961  6.39191e+20
-102.374  2.58986e+20
-101.788  2.15946e+20
-101.201  7.3415e+20
-100.614  2.38819e+20
-100.028  5.30602e+20
-99.4409  6.13844e+20
-98.8542  3.36219e+20
-98.2676  2.33066e+20
-97.6809  8.16012e+20
-97.0942  2.95899e+20
-96.5075  4.33316e+20
-95.9209  7.932e+20
-95.3342  2.99495e+20
-94.7475  8.74708e+19
-94.1609  1.13869e+21
-93.5742  3.70202e+20
-92.9875  1.95405e+20
-92.4009  8.63442e+20
-91.8142  3.8803e+20
-91.2275  1.07141e+20
-90.6409  1.24095e+21
-90.0542  4.26469e+20
-89.4675  2.28902e+20
-88.8808  4.25921e+20
-88.2942  9.91043e+20
-87.7075  2.13694e+20
-87.1208  7.26224e+20
-86.5342  7.44349e+20
-85.9475  8.00184e+19
-85.3608  6.1506e+20
-84.7741  8.24058e+20
-84.1875  5.68685e+19
-83.6008  1.30004e+21
-83.0141  3.91741e+20
-82.4275  1.51309e+20
-81.8408  9.04199e+20
-81.2541  6.57524e+20
-80.6675  1.03154e+20
-80.0808  8.88407e+20
-79.4941  6.61747e+20
-78.9074  8.48712e+19
-78.3208  4.34448e+20
-77.7341  1.18787e+21
-77.1474  1.76783e+20
-76.5608  3.97828e+20
-75.9741  9.56157e+20
-75.3874  3.86776e+19
-74.8008  5.38292e+20
-74.2141  6.9374e+20
-73.6274  5.27154e+19
-73.0408  5.7198e+20
-72.4541  4.78765e+20
-71.8674  2.15049e+20
-71.2807  8.26187e+20
-70.6941  4.19401e+20
-70.1074  1.38129e+20
-69.5207  3.55512e+20
-68.9341  7.02001e+20
-68.3474  1.19514e+20
-67.7607  2.7604e+20
-67.174  8.53673e+20
-66.5874  1.34991e+20
-66.0007  2.32627e+20
-65.414  1.02205e+21
-64.8274  2.21244e+20
-64.2407  2.48314e+20
-63.654  8.58473e+20
-63.0674  3.93519e+20
-62.4807  1.63697e+20
-61.894  8.77971e+20
-61.3073  4.17132e+20
-60.7207  3.08776e+20
-60.134  8.3719e+20
-59.5473  6.46427e+20
-58.9607  1.55505e+20
-58.374  8.12642e+20
-57.7873  5.09348e+20
-57.2007  2.50933e+20
-56.614  9.62972e+20
-56.0273  5.16185e+20
-55.4407  1.43603e+20
-54.854  9.24969e+20
-54.2673  6.47932e+20
-53.6806  2.24957e+20
-53.094  8.27963e+20
-52.5073  4.68418e+20
-51.9206  1.42321e+20
-51.334  1.1332e+21
-50.7473  4.27945e+20
-50.1606  9.76021e+19
-49.5739  8.68422e+20
-48.9873  6.1524e+20
-48.4006  1.1068e+20
-47.8139  6.49201e+20
-47.2273  8.68983e+20
-46.6406  1.47781e+20
-46.0539  4.09877e+20
-45.4673  1.1599e+21
-44.8806  8.4661e+19
-44.2939  4.44972e+20
-43.7072  9.46296e+20
-43.1206  7.68133e+19
-42.5339  3.78076e+20
-41.9472  7.83962e+20
-41.3606  2.21272e+20
-40.7739  1.08098e+21
-40.1872  4.52022e+20
-39.6006  4.56421e+20
-39.0139  7.82849e+20
-38.4272  6.84085e+20
-37.8406  1.71359e+20
-37.2539  3.90509e+20
-36.6672  9.80574e+20
-36.0805  7.25368e+19
-35.4939  1.37417e+20
-34.9072  1.88281e+21
-34.3205  1.60624e+20
-33.7339  1.81259e+20
-33.1472  1.2622e+21
-32.5605  1.45302e+20
-31.9738  3.04324e+20
-31.3872  8.01125e+20
-30.8005  3.85768e+20
-30.2138  7.1837e+20
-29.6272  1.99553e+20
-29.0405  1.53629e+21
-28.4538  1.16137e+21
-27.8672  2.19571e+20
-27.2805  7.53616e+20
-26.6938  2.1577e+20
-26.1072  1.05659e+21
-25.5205  2.91688e+20
-24.9338  5.02685e+19
-24.3471  2.00898e+21
-23.7605  1.23669e+19
-23.1738  3.21604e+20
-22.5871  2.14463e+21
-22.0005  3.34405e+20
-21.4138  4.71485e+20
-20.8271  7.67769e+20
-20.2404  1.4629e+21
-19.6538  9.90923e+20
-19.0671  3.50901e+20
-18.4804  2.67601e+21
-17.8938  1.33925e+21
-17.3071  1.72866e+20
-16.7204  2.07358e+21
-16.1338  1.84565e+20
-15.5471  9.37362e+20
-14.9604  2.63534e+20
-14.3737  4.48122e+20
-13.7871  2.19611e+21
-13.2004  1.689e+20
-12.6137  1.09087e+21
-12.0271  2.33917e+21
-11.4404  2.75503e+20
-10.8537  2.63143e+20
-10.2671  9.50311e+19
-9.68039  3.0933e+21
-9.09372  1.13454e+21
-8.50705  7.19413e+20
-7.92038  6.09248e+21
-7.33371  1.66585e+21
-6.74704  9.30415e+20
-6.16037  4.01209e+21
-5.5737  2.04924e+20
-4.98703  2.43907e+21
-4.40036  1.70272e+21
-3.81369  1.45982e+22
-3.22702  2.73065e+22
-2.64035  2.35066e+22
-2.05368  5.33593e+22
-1.46701  6.90821e+22
-0.88034  5.65628e+22
-0.29367  8.92043e+22
0.293  8.91631e+22
0.87967  5.67963e+22
1.46634  6.96359e+22
2.05301  5.37391e+22
2.63968  2.39134e+22
3.22635  2.78303e+22
3.81302  1.48574e+22
4.39969  1.79532e+21
4.98636  2.55448e+21
5.57303  2.09674e+20
6.1597  3.93152e+21
6.74637  9.023e+20
7.33304  1.67825e+21
7.91971  6.10398e+21
8.50638  7.25517e+20
9.09305  1.18194e+21
9.67972  3.12575e+21
10.2664  9.19118e+19
10.8531  2.51838e+20
11.4397  2.76295e+20
12.0264  2.34853e+21
12.6131  1.06974e+21
13.1997  1.73759e+20
13.7864  2.23747e+21
14.3731  4.48413e+20
14.9597  2.57519e+20
15.5464  9.62155e+20
16.1331  1.83262e+20
16.7198  2.05429e+21
17.3064  1.69719e+20
17.8931  1.36554e+21
18.4798  2.6902e+21
19.0664  3.46525e+20
19.6531  1.03017e+21
20.2398  1.49738e+21
20.8265  7.46472e+20
21.4131  4.86783e+20
21.9998  3.46552e+20
22.5865  2.11455e+21
23.1731  3.04011e+20
23.7598  1.24759e+19
24.3465  1.99682e+21
24.9331  4.9384e+19
25.5198  2.82295e+20
26.1065  1.07079e+21
26.6931  2.19354e+20
27.2798  7.32067e+20
27.8665  2.2185e+20
28.4532  1.17256e+21
29.0398  1.51408e+21
29.6265  2.01924e+20
30.2132  7.33471e+20
30.7998  3.78402e+20
31.3865  7.95908e+20
31.9732  3.1399e+20
32.5599  1.41997e+20
33.1465  1.26173e+21
33.7332  1.84582e+20
34.3199  1.59763e+20
34.9065  1.88346e+21
35.4932  1.40256e+20
36.0799  7.00623e+19
36.6665  9.87064e+20
37.2532  3.96381e+20
37.8399  1.62862e+20
38.4265  6.84649e+20
39.0132  7.95311e+20
39.5999  4.46514e+20
40.1866  4.51844e+20
40.7732  1.09731e+21
41.3599  2.15175e+20
41.9466  7.78016e+20
42.5332  3.88717e+20
43.1199  7.42081e+19
43.7066  9.35059e+20
44.2933  4.53763e+20
44.8799  8.42073e+19
45.4666  1.15918e+21
46.0533  4.1685e+20
46.6399  1.52491e+20
47.2266  8.60254e+20
47.8133  6.54341e+20
48.3999  1.0823e+20
48.9866  6.07664e+20
49.5733  8.78856e+20
50.1599  9.63685e+19
50.7466  4.15849e+20
51.3333  1.14321e+21
51.92  1.43495e+20
52.5066  4.60152e+20
53.0933  8.39035e+20
53.68  2.31076e+20
54.2666  6.32077e+20
54.8533  9.25161e+20
55.44  1.47502e+20
56.0266  5.06269e+20
56.6133  9.71956e+20
57.2  2.59682e+20
57.7867  4.95487e+20
58.3733  8.15431e+20
58.96  1.61798e+20
59.5467  6.32202e+20
60.1333  8.41056e+20
60.72  3.19602e+20
61.3067  4.02623e+20
61.8933  8.81928e+20
62.48  1.71478e+20
63.0667  3.86027e+20
63.6534  8.57153e+20
64.24  2.57092e+20
64.8267  2.15347e+20
65.4134  1.02233e+21
66  2.39117e+20
66.5867  1.28076e+20
67.1734  8.50041e+20
67.7601  2.81966e+20
68.3467  1.14443e+20
68.9334  7.08839e+20
69.5201  3.67386e+20
70.1067  1.30127e+20
70.6934  4.12919e+20
71.2801  8.35806e+20
71.8667  2.08249e+20
72.4534  4.79917e+20
73.0401  5.89789e+20
73.6268  5.10381e+19
74.2134  6.78689e+20
74.8001  5.49015e+20
75.3868  3.64729e+19
75.9734  9.54615e+20
76.5601  4.07208e+20
77.1468  1.84197e+20
77.7334  1.17317e+21
78.3201  4.4141e+20
78.9068  8.0602e+19
79.4934  6.58735e+20
80.0801  8.96201e+20
80.6668  1.02932e+20
81.2535  6.48651e+20
81.8401  9.18342e+20
82.4268  1.43334e+20
83.0135  3.81164e+20
83.6001  1.31109e+21
84.1868  5.71211e+19
84.7735  8.09531e+20
85.3602  6.28184e+20
85.9468  8.26034e+19
86.5335  7.22418e+20
87.1202  7.28693e+20
87.7068  2.22403e+20
88.2935  9.79457e+20
88.8802  4.3259e+20
89.4668  2.39928e+20
90.0535  4.10162e+20
90.6402  1.2365e+21
91.2268  1.1023e+20
91.8135  3.78818e+20
92.4002  8.70697e+20
92.9869  2.04338e+20
93.5735  3.54295e+20
94.1602  1.13664e+21
94.7469  9.1162e+19
95.3335  2.89262e+20
95.9202  7.99707e+20
96.5069  4.44823e+20
97.0935  2.80209e+20
97.6802  8.0927e+20
98.2669  2.40855e+20
98.8536  3.24888e+20
99.4402  6.16876e+20
100.027  5.45909e+20
100.614  2.26108e+20
101.2  7.26205e+20
101.787  2.22482e+20
102.374  2.50561e+20
102.96  6.35829e+20
103.547  4.92389e+20
104.134  1.23604e+20
104.72  6.15744e+20
105.307  3.77762e+20
105.894  1.1519e+20
106.48  6.6453e+20
107.067  5.27454e+20
107.654  1.14279e+20
108.24  9.20168e+20
108.827  3.13418e+20
109.414  7.70465e+19
110  6.50134e+20
110.587  8.05884e+20
111.174  1.35767e+20
111.76  7.05011e+20
112.347  5.41202e+20
112.934  1.02763e+20
113.52  5.20686e+20
114.107  1.4088e+21
114.694  8.92129e+19
115.28  5.7515e+20
115.867  5.18515e+20
116.454  7.53475e+19
117.04  7.97101e+20
117.627  1.08705e+21
118.214  9.11779e+19
118.8  7.83501e+20
119.387  3.62798e+20
119.974  1.90363e+20
120.56  1.01989e+21
121.147  9.83893e+20
121.734  1.61584e+20
122.32  5.08946e+20
122.907  6.44737e+20
123.494  1.72115e+20
124.08  5.38187e+20
124.667  1.44629e+21
125.254  1.51201e+20
125.84  2.7109e+20
126.427  9.62811e+20
127.014  3.13925e+20
127.6  6.63977e+20
128.187  1.10794e+21
128.774  8.73081e+19
129.36  3.75283e+20
129.947  9.69172e+20
130.534  4.53087e+20
131.12  4.46588e+20
131.707  9.43069e+20
132.294  1.30741e+20
132.88  4.51967e+20
133.467  9.16024e+20
134.054  5.64914e+20
134.64  3.62785e+20
135.227  7.6837e+20
135.814  1.25454e+20
136.4  4.01052e+20
136.987  9.21192e+20
137.574  7.09978e+20
138.16  1.61113e+20
138.747  8.5939e+20
139.334  1.17594e+20
139.92  1.2229e+20
140.507  1.10211e+21
141.094  8.97124e+20
141.68  1.4967e+20
142.267  7.628e+20
142.854  1.84512e+20
143.44  1.25497e+20
144.027  8.733e+20
144.614  1.462e+21
145.2  1.27491e+20
145.787  3.77006e+20
146.374  4.51995e+20
146.96  1.73008e+20
147.547  8.48708e+20
148.134  1.60194e+21
148.721  9.77636e+19
149.307  4.43261e+20
149.894  2.73346e+20
150.481  2.4314e+20
151.067  1.10514e+21
151.654  1.20036e+21
152.241  1.61913e+20
152.827  3.34759e+20
153.414  5.11841e+20
154.001  2.77199e+20
154.587  9.07644e+20
155.174  1.28141e+21
155.761  3.20654e+20
156.347  3.44696e+20
156.934  7.22809e+20
157.521  2.61398e+20
158.107  6.13549e+20
158.694  1.70902e+21
159.281  2.82942e+20
159.867  2.59538e+20
160.454  8.70489e+20
161.041  3.71601e+20
161.627  5.38836e+20
162.214  1.97633e+21
162.801  1.23226e+20
163.387  2.85867e+20
163.974  8.67167e+20
164.561  5.03554e+20
165.147  6.48358e+20
165.734  1.43736e+21
166.321  1.81331e+20
166.907  3.45653e+20
167.494  6.93969e+20
168.081  8.32441e+20
168.667  6.36161e+20
169.254  1.28094e+21
169.841  2.57733e+20
170.427  2.15435e+20
171.014  1.09141e+21
171.601  7.91513e+20
172.187  3.26175e+20
172.774  1.4408e+21
173.361  2.703e+20
173.947  1.14646e+20
174.534  1.53045e+21
175.121  1.21815e+21
175.707  3.55661e+20
176.294  1.1936e+21
176.881  1.11676e+20
177.467  1.54381e+20
178.054  1.54204e+21
178.641  1.2916e+21
179.227  2.50743e+20
179.814  1.08652e+21
180.401  1.12587e+20
180.987  2.37395e+20
181.574  1.2508e+21
182.161  1.77245e+21
182.747  2.30022e+20
183.334  7.65328e+20
183.921  1.25716e+20
184.507  2.18825e+20
185.094  1.23655e+21
185.681  2.11563e+21
186.267  2.27032e+20
186.854  8.18706e+20
187.441  5.77096e+19
188.027  1.46511e+20
188.614  1.53417e+21
189.201  2.53042e+21
189.787  2.4707e+20
190.374  4.4025e+20
190.961  7.06626e+19
191.547  2.11767e+20
192.134  1.27688e+21
192.721  2.99572e+21
193.307  3.3194e+20
193.894  3.16908e+20
194.481  1.53845e+20
195.067  2.46601e+20
195.654  9.78421e+20
196.241  3.21016e+21
196.827  5.53331e+20
197.414  2.0485e+20
198.001  8.66336e+19
198.587  4.77162e+20
199.174  7.32345e+20
199.761  3.44408e+21
200.347  1.00987e+21
200.934  2.82865e+20
201.521  2.16084e+20
202.107  6.07577e+20
202.694  6.63033e+20
203.281  3.39521e+21
203.867  1.49449e+21
204.454  1.86848e+20
205.041  2.03835e+20
205.627  8.82011e+20
206.214  5.63145e+20
206.801  3.70118e+21
207.388  1.62984e+21
207.974  1.16198e+20
208.561  3.17946e+20
209.148  1.02297e+21
209.734  4.15181e+20
210.321  3.90401e+21
210.908  1.77438e+21
211.494  1.37387e+20
212.081  1.9023e+20
212.668  1.76311e+21
213.254  3.74068e+20
213.841  3.6482e+21
214.428  2.11851e+21
215.014  2.04365e+20
215.601  2.95288e+20
216.188  2.183e+21
216.774  3.30218e+20
217.361  3.17167e+21
217.948  2.72179e+21
218.534  1.51379e+20
219.121  3.02432e+20
219.708  2.54165e+21
220.294  3.63016e+20
220.881  2.76124e+21
221.468  2.95136e+21
222.054  1.21804e+20
222.641  4.35197e+20
223.228  2.33432e+21
223.814  6.30042e+20
224.401  2.7206e+21
224.988  2.68928e+21
225.574  2.72953e+20
226.161  3.83636e+20
226.748  2.61984e+21
227.334  8.9929e+20
227.921  2.31036e+21
228.508  2.57223e+21
229.094  4.33546e+20
229.681  2.60848e+20
230.268  2.82926e+21
230.854  1.20042e+21
231.441  1.84912e+21
232.028  2.7341e+21
232.614  3.77899e+20
233.201  2.1402e+20
233.788  3.04545e+21
234.374  1.32995e+21
