#S 1 spectral density
#N 2
#UFWHM 12.9067
#L  abscissas [um]  spectral density
-234.375  5.41404e+19
-233.788  1.71731e+19
-233.202  1.45114e+19
-232.615  1.49891e+19
-232.028  2.73791e+19
-231.442  4.29527e+19
-230.855  3.17867e+19
-230.268  2.40015e+19
-229.682  1.71795e+19
-229.095  1.82564e+19
-228.508  6.07657e+19
-227.922  1.86943e+19
-227.335  3.35022e+19
-226.748  2.32888e+19
-226.162  2.83888e+19
-225.575  3.12525e+19
-224.988  5.71545e+19
-224.402  2.709e+19
-223.815  2.70244e+19
-223.228  1.35816e+19
-222.642  2.72087e+19
-222.055  4.27957e+19
-221.468  1.84711e+19
-220.882  4.56415e+19
-220.295  4.26539e+19
-219.708  2.12511e+19
-219.122  2.64723e+19
-218.535  6.01336e+19
-217.948  1.0194e+19
-217.362  4.98073e+19
-216.775  4.40904e+19
-216.188  2.01616e+19
-215.602  2.87227e+19
-215.015  5.79849e+19
-214.428  1.27369e+19
-213.842  5.36874e+19
-213.255  2.24472e+19
-212.668  3.90593e+19
-212.082  2.43129e+19
-211.495  3.95646e+19
-210.908  2.06034e+19
-210.322  6.70208e+19
-209.735  1.13617e+19
-209.148  7.59995e+19
-208.562  2.13531e+19
-207.975  1.74724e+19
-207.388  2.13179e+19
-206.802  4.86732e+19
-206.215  1.01388e+19
-205.628  1.04594e+20
-205.041  1.84934e+19
-204.455  1.84542e+19
-203.868  3.35719e+19
-203.281  3.16743e+19
-202.695  1.61845e+19
-202.108  4.93806e+19
-201.521  1.28346e+19
-200.935  2.56069e+19
-200.348  5.56357e+19
-199.761  4.2766e+19
-199.175  2.86829e+19
-198.588  1.75815e+19
-198.001  1.85209e+19
-197.415  2.48164e+19
-196.828  7.38824e+19
-196.241  2.43487e+19
-195.655  2.05628e+19
-195.068  1.714e+19
-194.481  9.89209e+18
-193.895  2.7385e+19
-193.308  7.00166e+19
-192.721  1.01489e+19
-192.135  2.18059e+19
-191.548  2.16781e+19
-190.961  3.53092e+19
-190.375  1.47636e+19
-189.788  2.94213e+19
-189.201  1.43876e+19
-188.615  3.50437e+19
-188.028  2.26874e+19
-187.441  5.77855e+19
-186.855  2.23305e+19
-186.268  1.34272e+19
-185.681  1.09475e+19
-185.095  6.34528e+19
-184.508  2.96166e+19
-183.921  3.89662e+19
-183.335  3.47416e+19
-182.748  1.65595e+19
-182.161  6.81039e+18
-181.575  5.91783e+19
-180.988  3.28966e+19
-180.401  1.97869e+19
-179.815  3.81973e+19
-179.228  3.3964e+19
-178.641  2.92184e+19
-178.055  2.91402e+19
-177.468  2.80655e+19
-176.881  1.90229e+19
-176.295  5.5818e+19
-175.708  2.94133e+19
-175.121  4.36454e+19
-174.535  2.49217e+19
-173.948  1.29666e+19
-173.361  1.88188e+19
-172.775  9.02893e+19
-172.188  7.91236e+18
-171.601  2.99752e+19
-171.015  2.88242e+19
-170.428  1.61189e+19
-169.841  1.23641e+19
-169.255  9.04075e+19
-168.668  8.68607e+18
-168.081  2.03535e+19
-167.495  1.95964e+19
-166.908  3.82965e+19
-166.321  2.85628e+19
-165.735  4.70938e+19
-165.148  9.74395e+18
-164.561  3.53155e+19
-163.975  2.14188e+19
-163.388  3.90401e+19
-162.801  5.43009e+19
-162.215  2.07812e+19
-161.628  1.02404e+19
-161.041  5.38006e+19
-160.455  4.953e+19
-159.868  2.28833e+19
-159.281  4.6726e+19
-158.695  1.89187e+19
-158.108  2.13488e+19
-157.521  4.05139e+19
-156.935  6.59399e+19
-156.348  3.05415e+19
-155.761  5.05132e+19
-155.175  2.12492e+19
-154.588  2.79379e+19
-154.001  2.79208e+19
-153.415  3.03951e+19
-152.828  2.57069e+19
-152.241  9.30453e+19
-151.655  2.29178e+19
-151.068  1.6399e+19
-150.481  3.72994e+19
-149.895  1.1686e+19
-149.308  1.92674e+19
-148.721  1.04612e+20
-148.135  1.82508e+19
-147.548  1.05193e+19
-146.961  3.41478e+19
-146.375  2.64703e+19
-145.788  3.05239e+19
-145.201  7.26264e+19
-144.614  1.75012e+19
-144.028  2.98204e+19
-143.441  4.18373e+19
-142.854  2.9519e+19
-142.268  4.1526e+19
-141.681  5.10534e+19
-141.094  2.45691e+19
-140.508  3.87536e+19
-139.921  4.46742e+19
-139.334  3.06237e+19
-138.748  3.48858e+19
-138.161  6.20436e+19
-137.574  9.47664e+19
-136.988  1.30571e+19
-136.401  1.85511e+19
-135.814  4.21391e+19
-135.228  1.38631e+18
-134.641  8.16033e+19
-134.054  1.25571e+20
-133.468  8.01544e+18
-132.881  1.27123e+19
-132.294  4.57993e+19
-131.708  3.20622e+19
-131.121  1.01953e+20
-130.534  5.18451e+19
-129.948  2.84673e+19
-129.361  2.14776e+19
-128.774  5.31765e+19
-128.188  5.58597e+19
-127.601  1.09178e+20
-127.014  1.52826e+19
-126.428  3.71887e+19
-125.841  3.42413e+19
-125.254  1.23716e+20
-124.668  2.0654e+19
-124.081  5.08009e+19
-123.494  4.03071e+19
-122.908  3.36863e+19
-122.321  2.51493e+19
-121.734  1.70621e+20
-121.148  2.86401e+19
-120.561  1.84556e+19
-119.974  7.13204e+19
-119.388  9.41452e+19
-118.801  8.11253e+18
-118.214  8.6304e+19
-117.628  5.93382e+19
-117.041  2.11684e+19
-116.454  8.50903e+19
-115.868  1.65312e+20
-115.281  6.64884e+19
-114.694  2.27186e+19
-114.108  4.21451e+19
-113.521  5.90207e+19
-112.934  6.9114e+19
-112.348  9.97409e+19
-111.761  1.31751e+20
-111.174  2.97403e+19
-110.588  5.16455e+19
-110.001  1.10312e+20
-109.414  8.6029e+19
-108.828  4.03467e+19
-108.241  8.07613e+19
-107.654  3.85956e+19
-107.068  1.18376e+20
-106.481  8.18331e+19
-105.894  1.29616e+20
-105.308  6.42493e+19
-104.721  1.63612e+19
-104.134  5.31668e+19
-103.548  1.68151e+20
-102.961  2.72043e+19
-102.374  1.15895e+20
-101.788  7.41251e+19
-101.201  6.97459e+19
-100.614  4.8232e+19
-100.028  1.42812e+20
-99.4409  4.31971e+19
-98.8542  4.56234e+19
-98.2676  5.33459e+19
-97.6809  1.77705e+20
-97.0942  3.822e+19
-96.5075  9.94716e+19
-95.9209  8.68741e+19
-95.3342  3.81813e+19
-94.7475  2.89345e+19
-94.1609  1.60509e+20
-93.5742  4.87123e+19
-92.9875  4.22127e+19
-92.4009  7.70299e+19
-91.8142  1.02377e+20
-91.2275  4.28012e+19
-90.6409  1.17122e+20
-90.0542  9.88657e+19
-89.4675  2.1056e+19
-88.8808  5.32429e+19
-88.2942  1.05029e+20
-87.7075  4.43956e+19
-87.1208  7.51588e+19
-86.5342  1.19553e+20
-85.9475  4.25078e+19
-85.3608  6.53426e+19
-84.7741  1.00904e+20
-84.1875  9.88885e+19
-83.6008  1.04362e+20
-83.0141  1.22648e+20
-82.4275  9.72162e+19
-81.8408  7.71548e+19
-81.2541  8.12499e+19
-80.6675  2.00837e+20
-80.0808  1.29175e+20
-79.4941  5.51009e+19
-78.9074  1.74029e+20
-78.3208  8.21142e+19
-77.7341  6.06965e+19
-77.1474  2.85789e+20
-76.5608  1.40764e+20
-75.9741  2.1627e+19
-75.3874  2.00358e+20
-74.8008  8.37535e+19
-74.2141  7.23134e+19
-73.6274  1.95337e+20
-73.0408  1.10729e+20
-72.4541  4.05554e+19
-71.8674  1.04244e+20
-71.2807  8.87871e+19
-70.6941  8.97739e+19
-70.1074  1.0957e+20
-69.5207  1.4478e+20
-68.9341  8.628e+19
-68.3474  1.0776e+20
-67.7607  1.255e+20
-67.174  1.14611e+20
-66.5874  1.78076e+20
-66.0007  2.06723e+20
-65.414  1.34673e+20
-64.8274  1.77036e+20
-64.2407  1.76707e+20
-63.654  2.10722e+20
-63.0674  2.94385e+20
-62.4807  2.26751e+20
-61.894  1.7385e+20
-61.3073  2.55773e+20
-60.7207  1.77843e+20
-60.134  2.86783e+20
-59.5473  3.29768e+20
-58.9607  1.53107e+20
-58.374  1.58238e+20
-57.7873  2.05889e+20
-57.2007  8.70739e+19
-56.614  2.2196e+20
-56.0273  1.85111e+20
-55.4407  9.30386e+19
-54.854  1.45967e+20
-54.2673  1.74117e+20
-53.6806  1.36243e+20
-53.094  1.92797e+20
-52.5073  3.15765e+20
-51.9206  3.30398e+20
-51.334  2.90607e+20
-50.7473  4.54238e+20
-50.1606  3.98838e+20
-49.5739  3.03643e+20
-48.9873  6.87589e+20
-48.4006  6.2326e+20
-47.8139  4.54856e+20
-47.2273  6.3586e+20
-46.6406  4.89001e+20
-46.0539  3.43944e+20
-45.4673  6.30362e+20
-44.8806  4.56683e+20
-44.2939  3.54943e+20
-43.7072  4.056e+20
-43.1206  2.85826e+20
-42.5339  3.12952e+20
-41.9472  3.78202e+20
-41.3606  2.15059e+20
-40.7739  3.45528e+20
-40.1872  4.73943e+20
-39.6006  4.15857e+20
-39.0139  5.25998e+20
-38.4272  7.08663e+20
-37.8406  6.84122e+20
-37.2539  8.29824e+20
-36.6672  1.22647e+21
-36.0805  1.2192e+21
-35.4939  9.71806e+20
-34.9072  1.22322e+21
-34.3205  1.30968e+21
-33.7339  1.04969e+21
-33.1472  1.34577e+21
-32.5605  1.42549e+21
-31.9738  8.69018e+20
-31.3872  9.45891e+20
-30.8005  1.02796e+21
-30.2138  6.34835e+20
-29.6272  7.18502e+20
-29.0405  7.63051e+20
-28.4538  4.8224e+20
-27.8672  7.63892e+20
-27.2805  7.60347e+20
-26.6938  7.46367e+20
-26.1072  1.30288e+21
-25.5205  1.28646e+21
-24.9338  1.39211e+21
-24.3471  2.25452e+21
-23.7605  2.04658e+21
-23.1738  1.98889e+21
-22.5871  2.99439e+21
-22.0005  2.87472e+21
-21.4138  2.79528e+21
-20.8271  3.77569e+21
-20.2404  3.32895e+21
-19.6538  2.70293e+21
-19.0671  3.4297e+21
-18.4804  3.12578e+21
-17.8938  2.66583e+21
-17.3071  3.07499e+21
-16.7204  2.67861e+21
-16.1338  2.1379e+21
-15.5471  2.40034e+21
-14.9604  2.50204e+21
-14.3737  3.07123e+21
-13.7871  3.49611e+21
-13.2004  4.32634e+21
-12.6137  6.25915e+21
-12.0271  7.80175e+21
-11.4404  9.98379e+21
-10.8537  1.39333e+22
-10.2671  1.61761e+22
-9.68039  1.94176e+22
-9.09372  2.53554e+22
-8.50705  2.96331e+22
-7.92038  3.44918e+22
-7.33371  4.20731e+22
-6.74704  4.63524e+22
-6.16037  5.09561e+22
-5.5737  5.8615e+22
-4.98703  6.38381e+22
-4.40036  6.87906e+22
-3.81369  7.62213e+22
-3.22702  7.96087e+22
-2.64035  8.17374e+22
-2.05368  8.62794e+22
-1.46701  8.84345e+22
-0.88034  8.9241e+22
-0.29367  9.22505e+22
0.293  9.20829e+22
0.87967  8.89245e+22
1.46634  8.79253e+22
2.05301  8.54589e+22
2.63968  8.07536e+22
3.22635  7.85067e+22
3.81302  7.48785e+22
4.39969  6.74238e+22
4.98636  6.241e+22
5.57303  5.70634e+22
6.1597  4.94266e+22
6.74637  4.48472e+22
7.33304  4.05331e+22
7.91971  3.31063e+22
8.50638  2.83425e+22
9.09305  2.41368e+22
9.67972  1.83738e+22
10.2664  1.52521e+22
10.8531  1.30928e+22
11.4397  9.332e+21
12.0264  7.2734e+21
12.6131  5.83095e+21
13.1997  4.04598e+21
13.7864  3.30495e+21
14.3731  2.93056e+21
14.9597  2.44665e+21
15.5464  2.3937e+21
16.1331  2.15141e+21
16.7198  2.72934e+21
17.3064  3.13515e+21
17.8931  2.71939e+21
18.4798  3.17041e+21
19.0664  3.45707e+21
19.6531  2.71677e+21
20.2398  3.32014e+21
20.8265  3.73835e+21
21.4131  2.76205e+21
21.9998  2.81757e+21
22.5865  2.91504e+21
23.1731  1.92616e+21
23.7598  1.96849e+21
24.3465  2.16067e+21
24.9331  1.32797e+21
25.5198  1.22248e+21
26.1065  1.23712e+21
26.6931  7.09266e+20
27.2798  7.35063e+20
27.8665  7.41757e+20
28.4532  4.77299e+20
29.0398  7.78188e+20
29.6265  7.35375e+20
30.2132  6.52872e+20
30.7998  1.05857e+21
31.3865  9.71444e+20
31.9732  8.86911e+20
32.5599  1.44787e+21
33.1465  1.35828e+21
33.7332  1.05524e+21
34.3199  1.30988e+21
34.9065  1.20848e+21
35.4932  9.57099e+20
36.0799  1.19497e+21
36.6665  1.19267e+21
37.2532  8.03611e+20
37.8399  6.5881e+20
38.4265  6.77315e+20
39.0132  5.03243e+20
39.5999  3.9667e+20
40.1866  4.54972e+20
40.7732  3.34136e+20
41.3599  2.14289e+20
41.9466  3.83214e+20
42.5332  3.17458e+20
43.1199  2.94604e+20
43.7066  4.18162e+20
44.2933  3.67491e+20
44.8799  4.65598e+20
45.4666  6.46278e+20
46.0533  3.53075e+20
46.6399  4.92058e+20
47.2266  6.36798e+20
47.8133  4.56298e+20
48.3999  6.16865e+20
48.9866  6.8237e+20
49.5733  2.97412e+20
50.1599  3.90378e+20
50.7466  4.39742e+20
51.3333  2.7957e+20
51.92  3.18456e+20
52.5066  3.05366e+20
53.0933  1.87744e+20
53.68  1.29829e+20
54.2666  1.70744e+20
54.8533  1.44566e+20
55.44  9.01419e+19
56.0266  1.87889e+20
56.6133  2.2902e+20
57.2  8.82053e+19
57.7867  2.11104e+20
58.3733  1.63283e+20
58.96  1.56771e+20
59.5467  3.32281e+20
60.1333  2.93324e+20
60.72  1.8109e+20
61.3067  2.55507e+20
61.8933  1.73843e+20
62.48  2.26957e+20
63.0667  2.90084e+20
63.6534  2.09603e+20
64.24  1.73667e+20
64.8267  1.72178e+20
65.4134  1.29941e+20
66  2.01024e+20
66.5867  1.73771e+20
67.1734  1.13634e+20
67.7601  1.21547e+20
68.3467  1.04737e+20
68.9334  8.44521e+19
69.5201  1.41397e+20
70.1067  1.08726e+20
70.6934  9.276e+19
71.2801  8.92972e+19
71.8667  1.05625e+20
72.4534  4.12226e+19
73.0401  1.10839e+20
73.6268  1.98102e+20
74.2134  7.48012e+19
74.8001  8.53747e+19
75.3868  2.03949e+20
75.9734  2.14778e+19
76.5601  1.39908e+20
77.1468  2.86975e+20
77.7334  6.21617e+19
78.3201  8.1744e+19
78.9068  1.74968e+20
79.4934  5.44514e+19
80.0801  1.26126e+20
80.6668  1.98924e+20
81.2535  8.17515e+19
81.8401  7.45912e+19
82.4268  9.60903e+19
83.0135  1.20351e+20
83.6001  1.01134e+20
84.1868  9.81043e+19
84.7735  1.01819e+20
85.3602  6.29226e+19
85.9468  4.15975e+19
86.5335  1.17821e+20
87.1202  7.31269e+19
87.7068  4.54971e+19
88.2935  1.08115e+20
88.8802  5.105e+19
89.4668  2.04269e+19
90.0535  9.91958e+19
90.6402  1.16324e+20
91.2268  4.43361e+19
91.8135  1.06254e+20
92.4002  7.63863e+19
92.9869  4.27321e+19
93.5735  4.92015e+19
94.1602  1.60881e+20
94.7469  2.99234e+19
95.3335  3.89128e+19
95.9202  8.64678e+19
96.5069  1.00927e+20
97.0935  3.83783e+19
97.6802  1.78613e+20
98.2669  5.43451e+19
98.8536  4.36925e+19
99.4402  4.20775e+19
100.027  1.42897e+20
100.614  4.79655e+19
101.2  7.09617e+19
101.787  7.50482e+19
102.374  1.1277e+20
102.96  2.66882e+19
103.547  1.66997e+20
104.134  5.18996e+19
104.72  1.64192e+19
105.307  6.54896e+19
105.894  1.26313e+20
106.48  8.19115e+19
107.067  1.19224e+20
107.654  3.76022e+19
108.24  7.80958e+19
108.827  4.00258e+19
109.414  8.35846e+19
110  1.10982e+20
110.587  5.36268e+19
111.174  2.99563e+19
111.76  1.29789e+20
112.347  9.69452e+19
112.934  6.8593e+19
113.52  6.00228e+19
114.107  4.13192e+19
114.694  2.22979e+19
115.28  6.68742e+19
115.867  1.63262e+20
116.454  8.74871e+19
117.04  2.16959e+19
117.627  5.7114e+19
118.214  8.31834e+19
118.8  8.21378e+18
119.387  9.46442e+19
119.974  7.40782e+19
120.56  1.80674e+19
121.147  2.80452e+19
121.734  1.67214e+20
122.32  2.51204e+19
122.907  3.49102e+19
123.494  4.13118e+19
124.08  4.89224e+19
124.667  2.11572e+19
125.254  1.22294e+20
125.84  3.50703e+19
126.427  3.78029e+19
127.014  1.48564e+19
127.6  1.06383e+20
128.187  5.67593e+19
128.774  5.29193e+19
129.36  2.20765e+19
129.947  2.83288e+19
130.534  5.12466e+19
131.12  1.00362e+20
131.707  3.27391e+19
132.294  4.48616e+19
132.88  1.27037e+19
133.467  7.6862e+18
134.054  1.25478e+20
134.64  8.19494e+19
135.227  1.31678e+18
135.814  4.05584e+19
136.4  1.79119e+19
136.987  1.33188e+19
137.574  9.49359e+19
138.16  6.25463e+19
138.747  3.48149e+19
139.334  2.98322e+19
139.92  4.34727e+19
140.507  4.00421e+19
141.094  2.42431e+19
141.68  5.06852e+19
142.267  4.1348e+19
142.854  3.01499e+19
143.44  4.11829e+19
144.027  3.09623e+19
144.614  1.68376e+19
145.2  7.24624e+19
145.787  2.96827e+19
146.374  2.74256e+19
146.96  3.44923e+19
147.547  1.08468e+19
148.134  1.75915e+19
148.721  1.05346e+20
149.307  1.86504e+19
149.894  1.17024e+19
150.481  3.76635e+19
151.067  1.65771e+19
151.654  2.26643e+19
152.241  9.32431e+19
152.827  2.56751e+19
153.414  2.97103e+19
154.001  2.82426e+19
154.587  2.818e+19
155.174  2.16313e+19
155.761  4.95946e+19
156.347  3.06514e+19
156.934  6.51148e+19
157.521  4.17642e+19
158.107  2.09601e+19
158.694  1.93652e+19
159.281  4.5135e+19
159.867  2.28467e+19
160.454  4.87367e+19
161.041  5.57106e+19
161.627  9.96883e+18
162.214  2.09984e+19
162.801  5.25518e+19
163.387  3.94907e+19
163.974  2.06342e+19
164.561  3.66111e+19
165.147  9.90787e+18
165.734  4.73854e+19
166.321  2.73744e+19
166.907  3.8781e+19
167.494  1.91267e+19
168.081  2.09324e+19
168.667  8.91953e+18
169.254  9.11141e+19
169.841  1.2414e+19
170.427  1.60924e+19
171.014  2.84014e+19
171.601  3.02176e+19
172.187  8.20524e+18
172.774  9.05961e+19
173.361  1.95268e+19
173.947  1.27655e+19
174.534  2.47691e+19
175.121  4.39326e+19
175.707  2.96257e+19
176.294  5.51862e+19
176.881  1.97516e+19
177.467  2.75865e+19
178.054  3.01779e+19
178.641  2.92111e+19
179.227  3.404e+19
179.814  3.70349e+19
180.401  2.05468e+19
180.987  3.20856e+19
181.574  6.1245e+19
182.161  6.69753e+18
182.747  1.64701e+19
183.334  3.3402e+19
183.921  4.01117e+19
184.507  2.85857e+19
185.094  6.49829e+19
185.681  1.08874e+19
186.267  1.3526e+19
186.854  2.1494e+19
187.441  5.8611e+19
188.027  2.18611e+19
188.614  3.53276e+19
189.201  1.4402e+19
189.787  2.97106e+19
190.374  1.50437e+19
190.961  3.5445e+19
191.547  2.10211e+19
192.134  2.14377e+19
192.721  1.01407e+19
193.307  7.01992e+19
193.894  2.81937e+19
194.481  9.73181e+18
195.067  1.72593e+19
195.654  2.03519e+19
196.241  2.43638e+19
196.827  7.38062e+19
197.414  2.51434e+19
198.001  1.81578e+19
198.587  1.82296e+19
199.174  2.84585e+19
199.761  4.26867e+19
200.347  5.52472e+19
200.934  2.56005e+19
201.521  1.2385e+19
202.107  5.07294e+19
202.694  1.64479e+19
203.281  3.17346e+19
203.867  3.26676e+19
204.454  1.83899e+19
205.041  1.8018e+19
205.627  1.05012e+20
206.214  1.05181e+19
206.801  4.90052e+19
207.388  2.13818e+19
207.974  1.73319e+19
208.561  2.13683e+19
209.148  7.49428e+19
209.734  1.16406e+19
210.321  6.661e+19
210.908  2.08984e+19
211.494  3.92224e+19
212.081  2.516e+19
212.668  3.79251e+19
213.254  2.32198e+19
213.841  5.20574e+19
214.428  1.30609e+19
215.014  5.7001e+19
215.601  2.95005e+19
216.188  1.95796e+19
216.774  4.57869e+19
217.361  4.80292e+19
217.948  1.04404e+19
218.534  5.84281e+19
219.121  2.69007e+19
219.708  2.06829e+19
220.294  4.36279e+19
220.881  4.39508e+19
221.468  1.89278e+19
222.054  4.15717e+19
222.641  2.7989e+19
223.228  1.31774e+19
223.814  2.70071e+19
224.401  2.60642e+19
224.988  5.74062e+19
225.574  3.0417e+19
226.161  2.91387e+19
226.748  2.31682e+19
227.334  3.27894e+19
227.921  1.82171e+19
228.508  6.00676e+19
229.094  1.84666e+19
229.681  1.71976e+19
230.268  2.37985e+19
230.854  3.15748e+19
231.441  4.27565e+19
232.028  2.69112e+19
232.614  1.55881e+19
233.201  1.3977e+19
233.788  1.72155e+19
234.374  5.448e+19
