#S 1 spectral density
#N 2
#UFWHM 22.8801
#L  abscissas [um]  spectral density
-234.375  4.30056e+19
-233.788  1.69149e+20
-233.202  9.51193e+19
-232.615  2.29266e+19
-232.028  7.89922e+19
-231.442  2.88346e+19
-230.855  2.49889e+19
-230.268  6.59603e+19
-229.682  1.30865e+20
-229.095  1.74136e+19
-228.508  2.63179e+19
-227.922  1.23397e+20
-227.335  9.37296e+19
-226.748  1.86018e+19
-226.162  6.70659e+19
-225.575  1.8224e+19
-224.988  5.84945e+19
-224.402  1.28484e+20
-223.815  1.56256e+20
-223.228  1.01214e+20
-222.642  2.94553e+19
-222.055  3.91531e+19
-221.468  7.68475e+19
-220.882  1.3262e+19
-220.295  3.72669e+19
-219.708  3.89078e+19
-219.122  5.62925e+19
-218.535  5.52228e+19
-217.948  8.09109e+19
-217.362  6.76449e+19
-216.775  1.14298e+19
-216.188  9.50845e+18
-215.602  1.25967e+20
-215.015  3.87888e+19
-214.428  3.5055e+19
-213.842  1.01179e+20
-213.255  3.59448e+19
-212.668  3.64861e+19
-212.082  1.17685e+20
-211.495  3.66132e+19
-210.908  6.41136e+18
-210.322  2.2647e+19
-209.735  3.63124e+19
-209.148  2.40822e+19
-208.562  2.08382e+19
-207.975  2.92718e+19
-207.388  3.97961e+19
-206.802  1.6762e+19
-206.215  6.11662e+19
-205.628  4.82914e+19
-205.041  1.29866e+19
-204.455  1.22462e+19
-203.868  6.08053e+19
-203.281  5.94694e+19
-202.695  3.51425e+19
-202.108  4.7214e+19
-201.521  3.37563e+19
-200.935  1.01105e+19
-200.348  4.24925e+19
-199.761  5.75629e+19
-199.175  4.05467e+18
-198.588  1.60926e+19
-198.001  2.66469e+19
-197.415  5.29336e+19
-196.828  3.10219e+19
-196.241  3.33606e+19
-195.655  4.8868e+19
-195.068  2.49176e+19
-194.481  1.68321e+19
-193.895  1.10775e+20
-193.308  4.89852e+19
-192.721  1.71201e+19
-192.135  9.61353e+19
-191.548  7.14302e+19
-190.961  1.1746e+19
-190.375  9.68537e+19
-189.788  3.72874e+19
-189.201  3.83809e+18
-188.615  6.04087e+19
-188.028  9.29621e+19
-187.441  4.60035e+19
-186.855  4.79689e+19
-186.268  4.14037e+19
-185.681  8.4782e+19
-185.095  3.5093e+19
-184.508  7.15665e+19
-183.921  8.10879e+19
-183.335  1.08957e+19
-182.748  3.75927e+19
-182.161  1.57568e+20
-181.575  8.97725e+19
-180.988  4.05001e+19
-180.401  6.55828e+19
-179.815  2.28818e+19
-179.228  7.79174e+18
-178.641  1.02339e+20
-178.055  1.07805e+20
-177.468  7.50437e+18
-176.881  4.22964e+19
-176.295  5.21624e+19
-175.708  4.14461e+19
-175.121  6.70504e+19
-174.535  9.02744e+19
-173.948  2.06139e+19
-173.361  5.21032e+19
-172.775  2.70512e+19
-172.188  5.99949e+19
-171.601  5.60167e+19
-171.015  7.47449e+19
-170.428  4.79662e+19
-169.841  6.82435e+19
-169.255  1.4344e+19
-168.668  6.55691e+19
-168.081  4.18989e+19
-167.495  7.41475e+19
-166.908  5.62376e+19
-166.321  3.78279e+19
-165.735  1.97896e+19
-165.148  1.11151e+20
-164.561  6.81798e+19
-163.975  7.01658e+19
-163.388  8.23902e+19
-162.801  2.47082e+19
-162.215  3.19715e+19
-161.628  1.86661e+20
-161.041  1.49707e+20
-160.455  2.94695e+19
-159.868  6.44187e+19
-159.281  4.38986e+19
-158.695  5.71159e+19
-158.108  1.70542e+20
-157.521  1.7738e+20
-156.935  3.02174e+19
-156.348  3.60885e+19
-155.761  7.08561e+19
-155.175  1.21214e+20
-154.588  9.85888e+19
-154.001  1.15588e+20
-153.415  7.29937e+19
-152.828  6.03304e+19
-152.241  9.00881e+19
-151.655  1.72106e+20
-151.068  5.27539e+19
-150.481  2.33263e+19
-149.895  7.05444e+19
-149.308  7.30603e+19
-148.721  4.39368e+19
-148.135  1.12174e+20
-147.548  4.71916e+19
-146.961  2.47654e+18
-146.375  6.86004e+19
-145.788  9.35732e+19
-145.201  1.90476e+19
-144.614  5.3554e+19
-144.028  6.78172e+19
-143.441  3.98009e+19
-142.854  7.43314e+19
-142.268  7.71679e+19
-141.681  5.42085e+19
-141.094  8.40131e+19
-140.508  1.43536e+20
-139.921  1.19926e+20
-139.334  7.72946e+19
-138.748  6.46976e+19
-138.161  1.26212e+20
-137.574  1.44054e+20
-136.988  1.80848e+20
-136.401  1.3332e+20
-135.814  9.67306e+19
-135.228  7.70018e+19
-134.641  1.74452e+20
-134.054  2.58212e+20
-133.468  1.72006e+20
-132.881  1.03815e+20
-132.294  1.66614e+20
-131.708  1.06033e+20
-131.121  1.67288e+20
-130.534  2.68086e+20
-129.948  1.19096e+20
-129.361  9.95415e+19
-128.774  1.73222e+20
-128.188  1.4416e+20
-127.601  1.15974e+20
-127.014  1.13251e+20
-126.428  4.14896e+19
-125.841  9.16651e+19
-125.254  1.29241e+20
-124.668  1.45699e+20
-124.081  7.68755e+19
-123.494  6.38901e+19
-122.908  2.44913e+19
-122.321  8.51764e+19
-121.734  1.41425e+20
-121.148  7.33954e+19
-120.561  6.13387e+19
-119.974  1.3055e+20
-119.388  8.46435e+19
-118.801  9.28314e+19
-118.214  1.69347e+20
-117.628  6.73161e+19
-117.041  1.19378e+20
-116.454  1.76243e+20
-115.868  2.36291e+20
-115.281  9.45926e+19
-114.694  1.10967e+20
-114.108  1.45275e+20
-113.521  2.12585e+20
-112.934  1.71457e+20
-112.348  3.53756e+20
-111.761  1.4634e+20
-111.174  1.00632e+20
-110.588  1.72204e+20
-110.001  3.32575e+20
-109.414  1.73549e+20
-108.828  2.79728e+20
-108.241  2.10169e+20
-107.654  1.33585e+20
-107.068  1.08235e+20
-106.481  3.84266e+20
-105.894  1.42181e+20
-105.308  1.15696e+20
-104.721  2.03777e+20
-104.134  1.31932e+20
-103.548  6.66873e+19
-102.961  3.37196e+20
-102.374  1.13742e+20
-101.788  7.13039e+19
-101.201  1.55027e+20
-100.614  1.29073e+20
-100.028  7.03567e+19
-99.4409  1.89986e+20
-98.8542  8.01815e+19
-98.2676  7.52445e+19
-97.6809  1.24934e+20
-97.0942  1.48662e+20
-96.5075  9.68354e+19
-95.9209  1.20806e+20
-95.3342  8.75934e+19
-94.7475  9.51292e+19
-94.1609  2.02281e+20
-93.5742  1.81354e+20
-92.9875  1.41795e+20
-92.4009  2.26178e+20
-91.8142  2.0142e+20
-91.2275  1.84215e+20
-90.6409  3.42718e+20
-90.0542  2.58762e+20
-89.4675  2.12532e+20
-88.8808  3.38326e+20
-88.2942  3.87935e+20
-87.7075  3.01157e+20
-87.1208  3.66408e+20
-86.5342  3.58455e+20
-85.9475  2.63994e+20
-85.3608  3.51667e+20
-84.7741  5.08954e+20
-84.1875  3.38441e+20
-83.6008  3.02562e+20
-83.0141  3.6465e+20
-82.4275  2.32105e+20
-81.8408  3.24613e+20
-81.2541  4.55015e+20
-80.6675  2.84245e+20
-80.0808  2.40091e+20
-79.4941  2.49962e+20
-78.9074  1.65248e+20
-78.3208  2.74959e+20
-77.7341  2.90639e+20
-77.1474  2.31737e+20
-76.5608  1.93237e+20
-75.9741  1.40857e+20
-75.3874  1.4581e+20
-74.8008  2.02616e+20
-74.2141  1.44856e+20
-73.6274  1.97345e+20
-73.0408  1.88808e+20
-72.4541  1.49737e+20
-71.8674  2.10263e+20
-71.2807  2.42415e+20
-70.6941  1.44123e+20
-70.1074  2.21832e+20
-69.5207  3.25637e+20
-68.9341  2.92672e+20
-68.3474  3.80999e+20
-67.7607  4.56885e+20
-67.174  2.99207e+20
-66.5874  3.52123e+20
-66.0007  5.71826e+20
-65.414  5.03671e+20
-64.8274  6.12771e+20
-64.2407  6.78535e+20
-63.654  4.95986e+20
-63.0674  5.05392e+20
-62.4807  7.48403e+20
-61.894  6.75226e+20
-61.3073  7.53234e+20
-60.7207  7.41408e+20
-60.134  6.28808e+20
-59.5473  5.31405e+20
-58.9607  7.23175e+20
-58.374  7.18139e+20
-57.7873  7.13387e+20
-57.2007  6.27597e+20
-56.614  6.28392e+20
-56.0273  4.23997e+20
-55.4407  5.3838e+20
-54.854  5.78387e+20
-54.2673  5.27455e+20
-53.6806  4.40715e+20
-53.094  5.22775e+20
-52.5073  3.17771e+20
-51.9206  3.78445e+20
-51.334  3.82262e+20
-50.7473  3.53987e+20
-50.1606  3.46555e+20
-49.5739  4.62523e+20
-48.9873  3.70455e+20
-48.4006  4.76751e+20
-47.8139  4.22103e+20
-47.2273  4.12634e+20
-46.6406  5.5993e+20
-46.0539  6.93658e+20
-45.4673  6.94928e+20
-44.8806  9.08228e+20
-44.2939  8.74055e+20
-43.7072  7.83008e+20
-43.1206  1.06915e+21
-42.5339  1.28696e+21
-41.9472  1.25485e+21
-41.3606  1.48612e+21
-40.7739  1.58502e+21
-40.1872  1.32287e+21
-39.6006  1.57408e+21
-39.0139  1.91814e+21
-38.4272  1.81002e+21
-37.8406  1.8985e+21
-37.2539  2.16022e+21
-36.6672  1.7398e+21
-36.0805  1.79872e+21
-35.4939  2.24249e+21
-34.9072  2.08316e+21
-34.3205  1.91361e+21
-33.7339  2.28641e+21
-33.1472  1.7978e+21
-32.5605  1.5835e+21
-31.9738  2.03805e+21
-31.3872  1.91286e+21
-30.8005  1.5515e+21
-30.2138  1.94791e+21
-29.6272  1.54612e+21
-29.0405  1.21704e+21
-28.4538  1.59853e+21
-27.8672  1.62465e+21
-27.2805  1.33835e+21
-26.6938  1.71267e+21
-26.1072  1.6531e+21
-25.5205  1.57237e+21
-24.9338  1.91518e+21
-24.3471  2.32833e+21
-23.7605  2.43902e+21
-23.1738  2.76919e+21
-22.5871  3.27294e+21
-22.0005  3.76569e+21
-21.4138  4.21225e+21
-20.8271  5.23249e+21
-20.2404  5.98763e+21
-19.6538  6.40572e+21
-19.0671  7.53598e+21
-18.4804  8.71359e+21
-17.8938  9.56217e+21
-17.3071  1.12445e+22
-16.7204  1.27642e+22
-16.1338  1.35508e+22
-15.5471  1.51725e+22
-14.9604  1.69172e+22
-14.3737  1.82923e+22
-13.7871  2.04553e+22
-13.2004  2.26908e+22
-12.6137  2.3908e+22
-12.0271  2.57117e+22
-11.4404  2.78194e+22
-10.8537  2.93484e+22
-10.2671  3.152e+22
-9.68039  3.41393e+22
-9.09372  3.53485e+22
-8.50705  3.68355e+22
-7.92038  3.89133e+22
-7.33371  3.99247e+22
-6.74704  4.17309e+22
-6.16037  4.43923e+22
-5.5737  4.51271e+22
-4.98703  4.61582e+22
-4.40036  4.79378e+22
-3.81369  4.78691e+22
-3.22702  4.89465e+22
-2.64035  5.11916e+22
-2.05368  5.1054e+22
-1.46701  5.1466e+22
-0.88034  5.25494e+22
-0.29367  5.12414e+22
0.293  5.12644e+22
0.87967  5.24479e+22
1.46634  5.12355e+22
2.05301  5.08309e+22
2.63968  5.08289e+22
3.22635  4.84777e+22
3.81302  4.74457e+22
4.39969  4.741e+22
4.98636  4.55438e+22
5.57303  4.45229e+22
6.1597  4.36837e+22
6.74637  4.09505e+22
7.33304  3.91828e+22
7.91971  3.81175e+22
8.50638  3.6e+22
9.09305  3.45236e+22
9.67972  3.32691e+22
10.2664  3.06153e+22
10.8531  2.84806e+22
11.4397  2.69546e+22
12.0264  2.48469e+22
12.6131  2.30698e+22
13.1997  2.18668e+22
13.7864  1.96289e+22
14.3731  1.75161e+22
14.9597  1.6186e+22
15.5464  1.44669e+22
16.1331  1.28909e+22
16.7198  1.21453e+22
17.3064  1.0643e+22
17.8931  9.02207e+21
18.4798  8.22161e+21
19.0664  7.08298e+21
19.6531  6.00855e+21
20.2398  5.62131e+21
20.8265  4.89301e+21
21.4131  3.93176e+21
21.9998  3.51235e+21
22.5865  3.06346e+21
23.1731  2.60942e+21
23.7598  2.29007e+21
24.3465  2.20903e+21
24.9331  1.83604e+21
25.5198  1.49771e+21
26.1065  1.61361e+21
26.6931  1.70196e+21
27.2798  1.32386e+21
27.8665  1.62959e+21
28.4532  1.61767e+21
29.0398  1.22937e+21
29.6265  1.57191e+21
30.2132  1.98142e+21
30.7998  1.57765e+21
31.3865  1.94404e+21
31.9732  2.06852e+21
32.5599  1.60761e+21
33.1465  1.81481e+21
33.7332  2.29953e+21
34.3199  1.9185e+21
34.9065  2.08335e+21
35.4932  2.23931e+21
36.0799  1.79407e+21
36.6665  1.72149e+21
37.2532  2.13503e+21
37.8399  1.86407e+21
38.4265  1.77247e+21
39.0132  1.87844e+21
39.5999  1.5376e+21
40.1866  1.28174e+21
40.7732  1.53808e+21
41.3599  1.4305e+21
41.9466  1.20475e+21
42.5332  1.23631e+21
43.1199  1.02398e+21
43.7066  7.44559e+20
44.2933  8.33878e+20
44.8799  8.62912e+20
45.4666  6.59322e+20
46.0533  6.62121e+20
46.6399  5.33676e+20
47.2266  3.95779e+20
47.8133  4.07798e+20
48.3999  4.6107e+20
48.9866  3.60246e+20
49.5733  4.60176e+20
50.1599  3.45267e+20
50.7466  3.58694e+20
51.3333  3.89656e+20
51.92  3.84822e+20
52.5066  3.24589e+20
53.0933  5.37647e+20
53.68  4.51388e+20
54.2666  5.43687e+20
54.8533  5.92482e+20
55.44  5.50803e+20
56.0266  4.35692e+20
56.6133  6.42523e+20
57.2  6.33115e+20
57.7867  7.25659e+20
58.3733  7.22964e+20
58.96  7.2618e+20
59.5467  5.35706e+20
60.1333  6.3091e+20
60.72  7.3207e+20
61.3067  7.50481e+20
61.8933  6.66185e+20
62.48  7.36765e+20
63.0667  4.97766e+20
63.6534  4.88483e+20
64.24  6.58403e+20
64.8267  5.96863e+20
65.4134  4.87603e+20
66  5.52024e+20
66.5867  3.38551e+20
67.1734  2.88673e+20
67.7601  4.37164e+20
68.3467  3.64203e+20
68.9334  2.7913e+20
69.5201  3.10778e+20
70.1067  2.14122e+20
70.6934  1.37712e+20
71.2801  2.33802e+20
71.8667  2.02134e+20
72.4534  1.43924e+20
73.0401  1.85997e+20
73.6268  1.9947e+20
74.2134  1.46421e+20
74.8001  2.05833e+20
75.3868  1.46309e+20
75.9734  1.43462e+20
76.5601  1.98663e+20
77.1468  2.39875e+20
77.7334  3.00529e+20
78.3201  2.83423e+20
78.9068  1.70585e+20
79.4934  2.57864e+20
80.0801  2.44897e+20
80.6668  2.89957e+20
81.2535  4.65693e+20
81.8401  3.29306e+20
82.4268  2.35264e+20
83.0135  3.6999e+20
83.6001  3.02796e+20
84.1868  3.36909e+20
84.7735  5.12567e+20
85.3602  3.49628e+20
85.9468  2.59935e+20
86.5335  3.54585e+20
87.1202  3.61057e+20
87.7068  2.93456e+20
88.2935  3.83572e+20
88.8802  3.30961e+20
89.4668  2.04027e+20
90.0535  2.4876e+20
90.6402  3.32349e+20
91.2268  1.76293e+20
91.8135  1.95102e+20
92.4002  2.18297e+20
92.9869  1.36328e+20
93.5735  1.74311e+20
94.1602  1.9379e+20
94.7469  9.23595e+19
95.3335  8.46307e+19
95.9202  1.18333e+20
96.5069  9.51884e+19
97.0935  1.47217e+20
97.6802  1.23459e+20
98.2669  7.65078e+19
98.8536  8.16443e+19
99.4402  1.95608e+20
100.027  7.11964e+19
100.614  1.32146e+20
101.2  1.59218e+20
101.787  7.36868e+19
102.374  1.17125e+20
102.96  3.45373e+20
103.547  6.89816e+19
104.134  1.36587e+20
104.72  2.07725e+20
105.307  1.17293e+20
105.894  1.44214e+20
106.48  3.88592e+20
107.067  1.10204e+20
107.654  1.37e+20
108.24  2.11067e+20
108.827  2.79141e+20
109.414  1.73415e+20
110  3.31482e+20
110.587  1.70512e+20
111.174  1.00048e+20
111.76  1.43062e+20
112.347  3.4781e+20
112.934  1.69105e+20
113.52  2.08798e+20
114.107  1.408e+20
114.694  1.06605e+20
115.28  9.04778e+19
115.867  2.28941e+20
116.454  1.71068e+20
117.04  1.15673e+20
117.627  6.45367e+19
118.214  1.61973e+20
118.8  9.02674e+19
119.387  8.11533e+19
119.974  1.25021e+20
120.56  6.05308e+19
121.147  7.50326e+19
121.734  1.37355e+20
122.32  8.61964e+19
122.907  2.47275e+19
123.494  6.30335e+19
124.08  7.97118e+19
124.667  1.49162e+20
125.254  1.32308e+20
125.84  9.47306e+19
126.427  4.28001e+19
127.014  1.15295e+20
127.6  1.20017e+20
128.187  1.47399e+20
128.774  1.77446e+20
129.36  1.02505e+20
129.947  1.21424e+20
130.534  2.68056e+20
131.12  1.70124e+20
131.707  1.08871e+20
132.294  1.66153e+20
132.88  1.02059e+20
133.467  1.72142e+20
134.054  2.55548e+20
134.64  1.72821e+20
135.227  7.80454e+19
135.814  9.45425e+19
136.4  1.28303e+20
136.987  1.78642e+20
137.574  1.41822e+20
138.16  1.21996e+20
138.747  6.37294e+19
139.334  7.42472e+19
139.92  1.15454e+20
140.507  1.39563e+20
141.094  8.17619e+19
141.68  5.24604e+19
142.267  7.68747e+19
142.854  7.21009e+19
143.44  3.87915e+19
144.027  6.5231e+19
144.614  5.32187e+19
145.2  1.94354e+19
145.787  9.51867e+19
146.374  6.93744e+19
146.96  2.40908e+18
147.547  4.69907e+19
148.134  1.15308e+20
148.721  4.50984e+19
149.307  7.56213e+19
149.894  7.31295e+19
150.481  2.38863e+19
151.067  5.30299e+19
151.654  1.75728e+20
152.241  9.34072e+19
152.827  6.1886e+19
153.414  7.48054e+19
154.001  1.17327e+20
154.587  9.82519e+19
155.174  1.21767e+20
155.761  7.33037e+19
156.347  3.58562e+19
156.934  3.01733e+19
157.521  1.77909e+20
158.107  1.71779e+20
158.694  5.62873e+19
159.281  4.4462e+19
159.867  6.37872e+19
160.454  2.83416e+19
161.041  1.47445e+20
161.627  1.87045e+20
162.214  3.08921e+19
162.801  2.49285e+19
163.387  8.09171e+19
163.974  6.89461e+19
164.561  6.61829e+19
165.147  1.10318e+20
165.734  1.91309e+19
166.321  3.79256e+19
166.907  5.60152e+19
167.494  7.32984e+19
168.081  4.10231e+19
168.667  6.59058e+19
169.254  1.37835e+19
169.841  6.65121e+19
170.427  4.90562e+19
171.014  7.46658e+19
171.601  5.56476e+19
172.187  6.15585e+19
172.774  2.7761e+19
173.361  5.01199e+19
173.947  2.11872e+19
174.534  9.12789e+19
175.121  6.64544e+19
175.707  4.23012e+19
176.294  5.41122e+19
176.881  4.16282e+19
177.467  7.61475e+18
178.054  1.09136e+20
178.641  1.01148e+20
179.227  7.68592e+18
179.814  2.3655e+19
180.401  6.543e+19
180.987  4.05568e+19
181.574  9.10898e+19
182.161  1.56986e+20
182.747  3.7973e+19
183.334  1.04924e+19
183.921  8.06054e+19
184.507  6.9735e+19
185.094  3.57438e+19
185.681  8.39837e+19
186.267  4.09942e+19
186.854  4.66734e+19
187.441  4.61768e+19
188.027  9.04871e+19
188.614  6.16799e+19
189.201  3.7727e+18
189.787  3.60773e+19
190.374  9.32915e+19
190.961  1.19683e+19
191.547  7.04116e+19
192.134  9.78767e+19
192.721  1.71919e+19
193.307  4.80284e+19
193.894  1.06338e+20
194.481  1.61028e+19
195.067  2.48152e+19
195.654  4.97699e+19
196.241  3.25446e+19
196.827  3.09097e+19
197.414  5.10341e+19
198.001  2.61276e+19
198.587  1.67473e+19
199.174  4.02366e+18
199.761  5.53813e+19
200.347  4.15088e+19
200.934  1.00664e+19
201.521  3.44701e+19
202.107  4.90192e+19
202.694  3.63319e+19
203.281  5.75673e+19
203.867  5.84047e+19
204.454  1.23887e+19
205.041  1.33789e+19
205.627  4.9768e+19
206.214  6.34865e+19
206.801  1.64984e+19
207.388  3.85015e+19
207.974  3.02664e+19
208.561  2.15889e+19
209.148  2.43159e+19
209.734  3.6835e+19
210.321  2.2507e+19
210.908  6.19601e+18
211.494  3.75457e+19
212.081  1.22322e+20
212.668  3.72803e+19
213.254  3.56735e+19
213.841  1.01423e+20
214.428  3.52685e+19
215.014  3.77413e+19
215.601  1.30832e+20
216.188  9.83903e+18
216.774  1.14536e+19
217.361  6.8575e+19
217.948  8.32873e+19
218.534  5.54059e+19
219.121  5.83358e+19
219.708  3.88115e+19
220.294  3.74632e+19
220.881  1.29002e+19
221.468  7.91647e+19
222.054  4.07137e+19
222.641  3.01747e+19
223.228  1.03182e+20
223.814  1.585e+20
224.401  1.28657e+20
224.988  5.88945e+19
225.574  1.82217e+19
226.161  6.63424e+19
226.748  1.9219e+19
227.334  9.57751e+19
227.921  1.25476e+20
228.508  2.67574e+19
229.094  1.77992e+19
229.681  1.31655e+20
230.268  6.56052e+19
230.854  2.45459e+19
231.441  2.97361e+19
232.028  7.77367e+19
232.614  2.28179e+19
233.201  9.77229e+19
233.788  1.7132e+20
234.374  4.27547e+19
