#S 1 spectral density
#N 2
#UFWHM 9.97339
#L  abscissas [um]  spectral density
-234.375  2.87006e+19
-233.788  2.43842e+19
-233.202  3.12773e+19
-232.615  3.49454e+19
-232.028  3.10523e+19
-231.442  3.18149e+19
-230.855  3.35431e+19
-230.268  1.70003e+19
-229.682  3.23542e+19
-229.095  3.68048e+19
-228.508  1.36186e+19
-227.922  4.54566e+19
-227.335  2.09475e+19
-226.748  1.58838e+19
-226.162  4.18082e+19
-225.575  3.31524e+19
-224.988  1.3123e+19
-224.402  4.76984e+19
-223.815  2.04229e+19
-223.228  3.51519e+19
-222.642  3.50341e+19
-222.055  3.06186e+19
-221.468  2.24357e+19
-220.882  3.4514e+19
-220.295  2.42142e+19
-219.708  7.43092e+19
-219.122  1.05419e+19
-218.535  5.32605e+19
-217.948  1.34203e+19
-217.362  2.37423e+19
-216.775  2.35246e+19
-216.188  9.10565e+19
-215.602  5.0505e+18
-215.015  8.51169e+19
-214.428  6.83601e+18
-213.842  4.4373e+19
-213.255  1.55169e+19
-212.668  7.07593e+19
-212.082  1.67801e+19
-211.495  9.06064e+19
-210.908  9.43355e+18
-210.322  6.33008e+19
-209.735  2.17085e+19
-209.148  6.69149e+19
-208.562  2.56593e+19
-207.975  6.18605e+19
-207.388  1.71745e+19
-206.802  8.37058e+19
-206.215  2.9986e+19
-205.628  8.88224e+19
-205.041  2.96509e+19
-204.455  3.76655e+19
-203.868  9.62526e+18
-203.281  8.68992e+19
-202.695  2.28928e+19
-202.108  9.93611e+19
-201.521  3.23398e+19
-200.935  1.80982e+19
-200.348  1.1427e+19
-199.761  7.67907e+19
-199.175  2.09011e+19
-198.588  8.95938e+19
-198.001  4.41981e+19
-197.415  2.56284e+19
-196.828  3.94608e+19
-196.241  4.43223e+19
-195.655  3.1976e+19
-195.068  6.59998e+19
-194.481  5.4824e+19
-193.895  3.67048e+19
-193.308  7.05721e+19
-192.721  2.10947e+19
-192.135  4.49138e+19
-191.548  4.004e+19
-190.961  7.02821e+19
-190.375  2.73647e+19
-189.788  7.77388e+19
-189.201  9.46633e+18
-188.615  5.52491e+19
-188.028  2.35145e+19
-187.441  7.18708e+19
-186.855  2.67253e+19
-186.268  6.34083e+19
-185.681  7.42917e+18
-185.095  9.85081e+19
-184.508  2.08179e+19
-183.921  5.77964e+19
-183.335  2.33191e+19
-182.748  5.47576e+19
-182.161  5.7276e+18
-181.575  1.24448e+20
-180.988  2.00179e+19
-180.401  5.33923e+19
-179.815  1.51946e+19
-179.228  6.16515e+19
-178.641  1.05065e+19
-178.055  1.38541e+20
-177.468  2.67754e+19
-176.881  5.51425e+19
-176.295  1.84771e+19
-175.708  5.10849e+19
-175.121  1.76882e+19
-174.535  1.02177e+20
-173.948  2.93855e+19
-173.361  6.78153e+19
-172.775  3.32855e+19
-172.188  4.45534e+19
-171.601  1.80069e+19
-171.015  8.14909e+19
-170.428  5.89614e+19
-169.841  4.57986e+19
-169.255  3.793e+19
-168.668  3.94304e+19
-168.081  1.48162e+19
-167.495  7.26412e+19
-166.908  8.52079e+19
-166.321  3.37138e+19
-165.735  3.51674e+19
-165.148  3.24824e+19
-164.561  3.96928e+19
-163.975  4.9027e+19
-163.388  1.02754e+20
-162.801  2.27595e+19
-162.215  2.39161e+19
-161.628  3.58324e+19
-161.041  5.54248e+19
-160.455  3.29786e+19
-159.868  9.38818e+19
-159.281  1.82119e+19
-158.695  3.00721e+19
-158.108  4.50808e+19
-157.521  4.76894e+19
-156.935  2.21193e+19
-156.348  7.10512e+19
-155.761  1.86946e+19
-155.175  3.61881e+19
-154.588  5.35542e+19
-154.001  2.95903e+19
-153.415  3.07627e+19
-152.828  7.28028e+19
-152.241  2.15612e+19
-151.655  3.0317e+19
-151.068  4.20459e+19
-150.481  1.93788e+19
-149.895  4.66082e+19
-149.308  8.21515e+19
-148.721  1.55345e+19
-148.135  2.96455e+19
-147.548  3.23126e+19
-146.961  3.46575e+19
-146.375  5.26978e+19
-145.788  7.83272e+19
-145.201  1.04812e+19
-144.614  1.97699e+19
-144.028  3.08763e+19
-143.441  6.82064e+19
-142.854  2.956e+19
-142.268  6.25192e+19
-141.681  1.68358e+19
-141.094  1.81825e+19
-140.508  3.64927e+19
-139.921  7.33908e+19
-139.334  3.05421e+19
-138.748  4.45545e+19
-138.161  2.93459e+19
-137.574  5.1418e+19
-136.988  1.13925e+19
-136.401  4.09118e+19
-135.814  4.40489e+19
-135.228  3.67129e+19
-134.641  3.60779e+19
-134.054  5.98517e+19
-133.468  1.24486e+19
-132.881  3.11828e+19
-132.294  4.11737e+19
-131.708  4.24266e+19
-131.121  2.46857e+19
-130.534  4.21846e+19
-129.948  1.35741e+19
-129.361  3.22036e+19
-128.774  5.56551e+19
-128.188  3.89017e+19
-127.601  1.83327e+19
-127.014  5.43209e+19
-126.428  4.25869e+18
-125.841  2.03694e+19
-125.254  4.86696e+19
-124.668  5.41034e+19
-124.081  1.4256e+19
-123.494  5.39767e+19
-122.908  2.82436e+19
-122.321  6.36983e+18
-121.734  2.13203e+19
-121.148  9.46585e+19
-120.561  1.26703e+19
-119.974  1.90831e+19
-119.388  3.71525e+19
-118.801  1.95444e+19
-118.214  1.16446e+19
-117.628  7.79032e+19
-117.041  4.87962e+19
-116.454  3.84443e+18
-115.868  2.02478e+19
-115.281  5.58863e+19
-114.694  3.47299e+19
-114.108  2.26713e+19
-113.521  4.47189e+19
-112.934  1.72948e+19
-112.348  6.70466e+19
-111.761  1.95621e+19
-111.174  5.50155e+19
-110.588  2.56084e+19
-110.001  5.25836e+19
-109.414  2.09117e+19
-108.828  8.00353e+19
-108.241  1.16405e+19
-107.654  3.09411e+19
-107.068  1.62434e+19
-106.481  1.57421e+20
-105.894  1.35519e+19
-105.308  1.59071e+19
-104.721  6.59261e+19
-104.134  1.99017e+19
-103.548  2.15004e+19
-102.961  1.5106e+20
-102.374  2.45995e+19
-101.788  4.96996e+18
-101.201  2.77007e+19
-100.614  8.70747e+19
-100.028  1.01171e+20
-99.4409  3.94132e+19
-98.8542  4.19628e+19
-98.2676  6.98109e+19
-97.6809  1.1648e+19
-97.0942  6.03921e+19
-96.5075  1.26214e+20
-95.9209  2.97794e+19
-95.3342  2.01571e+19
-94.7475  1.24805e+20
-94.1609  9.70756e+19
-93.5742  2.77877e+19
-92.9875  6.93688e+19
-92.4009  8.68588e+19
-91.8142  8.73819e+19
-91.2275  5.37678e+19
-90.6409  9.88162e+19
-90.0542  1.14806e+20
-89.4675  1.03882e+19
-88.8808  1.12455e+20
-88.2942  2.0358e+20
-87.7075  2.44105e+19
-87.1208  4.92152e+19
-86.5342  1.17305e+20
-85.9475  8.65174e+19
-85.3608  1.07492e+20
-84.7741  1.38426e+20
-84.1875  1.30389e+20
-83.6008  6.05771e+19
-83.0141  1.81994e+19
-82.4275  1.95089e+20
-81.8408  9.96537e+19
-81.2541  2.25404e+19
-80.6675  1.54107e+20
-80.0808  8.56719e+19
-79.4941  4.1872e+19
-78.9074  1.52507e+20
-78.3208  9.37469e+19
-77.7341  4.84236e+19
-77.1474  4.84271e+19
-76.5608  5.17133e+19
-75.9741  8.1117e+19
-75.3874  8.23593e+19
-74.8008  1.02325e+20
-74.2141  8.6184e+19
-73.6274  4.92973e+19
-73.0408  5.89282e+19
-72.4541  1.07144e+20
-71.8674  8.43238e+19
-71.2807  7.91547e+19
-70.6941  7.44816e+19
-70.1074  9.00897e+19
-69.5207  6.18494e+19
-68.9341  1.78729e+20
-68.3474  1.24899e+20
-67.7607  3.91508e+19
-67.174  1.35002e+20
-66.5874  1.82216e+20
-66.0007  5.94878e+19
-65.414  2.52146e+20
-64.8274  1.59889e+20
-64.2407  5.5124e+19
-63.654  1.43376e+20
-63.0674  1.49243e+20
-62.4807  7.38549e+19
-61.894  1.6816e+20
-61.3073  1.06424e+20
-60.7207  1.66957e+20
-60.134  1.14639e+20
-59.5473  1.16138e+20
-58.9607  1.49057e+20
-58.374  9.46168e+19
-57.7873  8.50013e+19
-57.2007  1.80557e+20
-56.614  6.00276e+19
-56.0273  8.50448e+19
-55.4407  1.61025e+20
-54.854  1.09145e+20
-54.2673  9.43819e+19
-53.6806  1.97671e+20
-53.094  1.39977e+20
-52.5073  1.58551e+20
-51.9206  2.80253e+20
-51.334  2.74515e+20
-50.7473  1.38526e+20
-50.1606  2.65675e+20
-49.5739  2.44292e+20
-48.9873  2.07039e+20
-48.4006  2.81341e+20
-47.8139  3.07335e+20
-47.2273  1.09422e+20
-46.6406  1.96908e+20
-46.0539  1.60871e+20
-45.4673  1.04363e+20
-44.8806  1.40939e+20
-44.2939  2.37905e+20
-43.7072  1.02054e+20
-43.1206  1.92423e+20
-42.5339  2.21259e+20
-41.9472  1.59592e+20
-41.3606  2.11089e+20
-40.7739  4.86713e+20
-40.1872  3.72698e+20
-39.6006  3.28894e+20
-39.0139  5.19535e+20
-38.4272  4.12814e+20
-37.8406  3.34106e+20
-37.2539  6.61952e+20
-36.6672  5.23251e+20
-36.0805  3.34995e+20
-35.4939  5.30233e+20
-34.9072  3.81877e+20
-34.3205  2.77015e+20
-33.7339  4.13161e+20
-33.1472  2.61518e+20
-32.5605  3.03328e+20
-31.9738  4.43957e+20
-31.3872  2.61317e+20
-30.8005  4.28408e+20
-30.2138  6.03815e+20
-29.6272  5.7214e+20
-29.0405  9.00878e+20
-28.4538  1.18308e+21
-27.8672  1.01141e+21
-27.2805  1.05528e+21
-26.6938  1.24285e+21
-26.1072  1.33365e+21
-25.5205  1.22695e+21
-24.9338  1.3017e+21
-24.3471  1.19718e+21
-23.7605  8.38777e+20
-23.1738  7.97531e+20
-22.5871  8.92242e+20
-22.0005  6.35085e+20
-21.4138  9.09377e+20
-20.8271  8.67401e+20
-20.2404  1.11248e+21
-19.6538  1.91549e+21
-19.0671  1.82369e+21
-18.4804  2.27476e+21
-17.8938  3.84103e+21
-17.3071  3.47364e+21
-16.7204  3.80874e+21
-16.1338  5.27885e+21
-15.5471  4.14073e+21
-14.9604  3.90772e+21
-14.3737  5.06428e+21
-13.7871  3.86427e+21
-13.2004  3.16449e+21
-12.6137  3.53575e+21
-12.0271  2.87827e+21
-11.4404  3.48344e+21
-10.8537  4.07703e+21
-10.2671  6.014e+21
-9.68039  8.62322e+21
-9.09372  1.05461e+22
-8.50705  1.61233e+22
-7.92038  2.29997e+22
-7.33371  2.71499e+22
-6.74704  3.64851e+22
-6.16037  4.55041e+22
-5.5737  5.1385e+22
-4.98703  6.33691e+22
-4.40036  7.51334e+22
-3.81369  8.16464e+22
-3.22702  9.21908e+22
-2.64035  1.00844e+23
-2.05368  1.04194e+23
-1.46701  1.10768e+23
-0.88034  1.17119e+23
-0.29367  1.17331e+23
0.293  1.17161e+23
0.87967  1.16555e+23
1.46634  1.09859e+23
2.05301  1.02936e+23
2.63968  9.93024e+22
3.22635  9.04112e+22
3.81302  7.97855e+22
4.39969  7.3163e+22
4.98636  6.14201e+22
5.57303  4.95177e+22
6.1597  4.36923e+22
6.74637  3.48194e+22
7.33304  2.57488e+22
7.91971  2.17415e+22
8.50638  1.5137e+22
9.09305  9.828e+21
9.67972  8.03764e+21
10.2664  5.62842e+21
10.8531  3.88052e+21
11.4397  3.34885e+21
12.0264  2.85759e+21
12.6131  3.59459e+21
13.1997  3.22757e+21
13.7864  3.9379e+21
14.3731  5.12129e+21
14.9597  3.94643e+21
15.5464  4.12539e+21
16.1331  5.21786e+21
16.7198  3.7432e+21
17.3064  3.38051e+21
17.8931  3.7163e+21
18.4798  2.18555e+21
19.0664  1.73486e+21
19.6531  1.82125e+21
20.2398  1.05874e+21
20.8265  8.43002e+20
21.4131  8.89112e+20
21.9998  6.38988e+20
22.5865  9.15299e+20
23.1731  8.19078e+20
23.7598  8.62359e+20
24.3465  1.22139e+21
24.9331  1.32316e+21
25.5198  1.23692e+21
26.1065  1.33765e+21
26.6931  1.23772e+21
27.2798  1.0388e+21
27.8665  9.87774e+20
28.4532  1.15123e+21
29.0398  8.67695e+20
29.6265  5.49916e+20
30.2132  5.79758e+20
30.7998  4.09493e+20
31.3865  2.55044e+20
31.9732  4.3769e+20
32.5599  3.00305e+20
33.1465  2.66954e+20
33.7332  4.23275e+20
34.3199  2.85368e+20
34.9065  3.88076e+20
35.4932  5.42279e+20
36.0799  3.39662e+20
36.6665  5.23491e+20
37.2532  6.65033e+20
37.8399  3.34668e+20
38.4265  4.06906e+20
39.0132  5.14021e+20
39.5999  3.19967e+20
40.1866  3.62303e+20
40.7732  4.74008e+20
41.3599  2.04355e+20
41.9466  1.53844e+20
42.5332  2.15592e+20
43.1199  1.90111e+20
43.7066  9.93195e+19
44.2933  2.36648e+20
44.8799  1.43371e+20
45.4666  1.06287e+20
46.0533  1.63876e+20
46.6399  2.02384e+20
47.2266  1.10281e+20
47.8133  3.09277e+20
48.3999  2.86177e+20
48.9866  2.09104e+20
49.5733  2.44832e+20
50.1599  2.68556e+20
50.7466  1.35798e+20
51.3333  2.70064e+20
51.92  2.77555e+20
52.5066  1.55856e+20
53.0933  1.36891e+20
53.68  1.95432e+20
54.2666  9.06687e+19
54.8533  1.0587e+20
55.44  1.5811e+20
56.0266  8.32499e+19
56.6133  5.97942e+19
57.2  1.81815e+20
57.7867  8.19239e+19
58.3733  9.51218e+19
58.96  1.50182e+20
59.5467  1.17644e+20
60.1333  1.17348e+20
60.72  1.71181e+20
61.3067  1.05486e+20
61.8933  1.71369e+20
62.48  7.31977e+19
63.0667  1.50934e+20
63.6534  1.46806e+20
64.24  5.54771e+19
64.8267  1.57672e+20
65.4134  2.56004e+20
66  5.79951e+19
66.5867  1.81964e+20
67.1734  1.37227e+20
67.7601  3.7863e+19
68.3467  1.20574e+20
68.9334  1.79724e+20
69.5201  6.05806e+19
70.1067  8.84806e+19
70.6934  7.51771e+19
71.2801  7.68953e+19
71.8667  8.11211e+19
72.4534  1.08146e+20
73.0401  5.80539e+19
73.6268  4.86708e+19
74.2134  8.81495e+19
74.8001  9.99949e+19
75.3868  8.02234e+19
75.9734  8.32541e+19
76.5601  5.13894e+19
77.1468  4.8813e+19
77.7334  5.0034e+19
78.3201  9.22962e+19
78.9068  1.53359e+20
79.4934  4.3429e+19
80.0801  8.59616e+19
80.6668  1.578e+20
81.2535  2.16128e+19
81.8401  9.82604e+19
82.4268  1.98062e+20
83.0135  1.83417e+19
83.6001  6.05777e+19
84.1868  1.3389e+20
84.7735  1.36752e+20
85.3602  1.07211e+20
85.9468  8.8884e+19
86.5335  1.18152e+20
87.1202  4.90894e+19
87.7068  2.50774e+19
88.2935  2.02497e+20
88.8802  1.1385e+20
89.4668  1.05285e+19
90.0535  1.14975e+20
90.6402  9.90607e+19
91.2268  5.29118e+19
91.8135  8.69169e+19
92.4002  8.95075e+19
92.9869  6.77473e+19
93.5735  2.69904e+19
94.1602  9.74453e+19
94.7469  1.24091e+20
95.3335  2.03414e+19
95.9202  3.07222e+19
96.5069  1.23559e+20
97.0935  6.04094e+19
97.6802  1.19616e+19
98.2669  7.00334e+19
98.8536  4.2718e+19
99.4402  3.83399e+19
100.027  9.87651e+19
100.614  8.7449e+19
101.2  2.70834e+19
101.787  5.05277e+18
102.374  2.46002e+19
102.96  1.48424e+20
103.547  2.1442e+19
104.134  2.05456e+19
104.72  6.48912e+19
105.307  1.54013e+19
105.894  1.30208e+19
106.48  1.5476e+20
107.067  1.62856e+19
107.654  2.97567e+19
108.24  1.15468e+19
108.827  7.87086e+19
109.414  2.08255e+19
110  5.1696e+19
110.587  2.58017e+19
111.174  5.30796e+19
111.76  1.98993e+19
112.347  6.57344e+19
112.934  1.73448e+19
113.52  4.29631e+19
114.107  2.29001e+19
114.694  3.39084e+19
115.28  5.62028e+19
115.867  1.98809e+19
116.454  3.93173e+18
117.04  4.70969e+19
117.627  7.79428e+19
118.214  1.14618e+19
118.8  1.97898e+19
119.387  3.56853e+19
119.974  1.8353e+19
120.56  1.25235e+19
121.147  9.52142e+19
121.734  2.10104e+19
122.32  6.5639e+18
122.907  2.717e+19
123.494  5.21267e+19
124.08  1.47832e+19
124.667  5.48083e+19
125.254  4.72186e+19
125.84  1.98276e+19
126.427  4.39515e+18
127.014  5.27588e+19
127.6  1.89515e+19
128.187  3.86663e+19
128.774  5.54146e+19
129.36  3.11704e+19
129.947  1.34329e+19
130.534  4.07662e+19
131.12  2.50067e+19
131.707  4.11097e+19
132.294  4.26729e+19
132.88  3.03325e+19
133.467  1.23758e+19
134.054  5.75941e+19
134.64  3.65918e+19
135.227  3.66078e+19
135.814  4.57351e+19
136.4  3.99497e+19
136.987  1.13561e+19
137.574  4.92735e+19
138.16  3.00205e+19
138.747  4.58937e+19
139.334  3.12871e+19
139.92  7.14888e+19
140.507  3.60388e+19
141.094  1.80703e+19
141.68  1.74174e+19
142.267  6.4758e+19
142.854  2.91961e+19
143.44  6.63552e+19
144.027  3.05827e+19
144.614  2.04555e+19
145.2  1.04419e+19
145.787  8.01084e+19
146.374  5.15358e+19
146.96  3.42035e+19
147.547  3.23013e+19
148.134  3.08161e+19
148.721  1.48472e+19
149.307  8.36167e+19
149.894  4.5826e+19
150.481  1.96822e+19
151.067  4.11986e+19
151.654  3.11939e+19
152.241  2.08231e+19
152.827  7.4874e+19
153.414  3.05706e+19
154.001  3.07088e+19
154.587  5.15026e+19
155.174  3.67159e+19
155.761  1.89782e+19
156.347  7.33132e+19
156.934  2.1686e+19
157.521  4.88267e+19
158.107  4.32409e+19
158.694  3.02597e+19
159.281  1.88638e+19
159.867  9.68389e+19
160.454  3.2877e+19
161.041  5.56914e+19
161.627  3.5213e+19
162.214  2.41566e+19
162.801  2.35484e+19
163.387  1.04784e+20
163.974  4.98367e+19
164.561  3.95408e+19
165.147  3.24642e+19
165.734  3.54079e+19
166.321  3.49708e+19
166.907  8.60681e+19
167.494  7.47656e+19
168.081  1.47247e+19
168.667  3.94308e+19
169.254  3.77393e+19
169.841  4.71103e+19
170.427  5.87092e+19
171.014  8.37741e+19
171.601  1.78623e+19
172.187  4.52543e+19
172.774  3.27259e+19
173.361  6.90979e+19
173.947  2.88112e+19
174.534  1.04627e+20
175.121  1.75548e+19
175.707  5.23327e+19
176.294  1.7755e+19
176.881  5.63019e+19
177.467  2.61458e+19
178.054  1.4011e+20
178.641  1.05098e+19
179.227  6.33636e+19
179.814  1.52432e+19
180.401  5.4823e+19
180.987  2.00527e+19
181.574  1.25159e+20
182.161  5.63764e+18
182.747  5.57443e+19
183.334  2.40151e+19
183.921  5.88956e+19
184.507  2.13168e+19
185.094  9.82075e+19
185.681  7.15892e+18
186.267  6.35408e+19
186.854  2.78085e+19
187.441  7.29265e+19
188.027  2.43318e+19
188.614  5.44914e+19
189.201  9.46123e+18
189.787  7.68533e+19
190.374  2.78723e+19
190.961  7.09544e+19
191.547  4.11927e+19
192.134  4.39823e+19
192.721  2.20041e+19
193.307  6.9915e+19
193.894  3.6501e+19
194.481  5.44719e+19
195.067  6.72341e+19
195.654  3.13242e+19
196.241  4.51631e+19
196.827  3.88469e+19
197.414  2.5219e+19
198.001  4.28875e+19
198.587  8.98382e+19
199.174  2.03946e+19
199.761  7.75375e+19
200.347  1.10186e+19
200.934  1.83023e+19
201.521  3.11919e+19
202.107  9.81231e+19
202.694  2.26017e+19
203.281  8.6642e+19
203.867  9.33322e+18
204.454  3.78521e+19
205.041  2.97482e+19
205.627  8.72951e+19
206.214  2.94888e+19
206.801  8.21017e+19
207.388  1.71361e+19
207.974  6.05243e+19
208.561  2.58545e+19
209.148  6.581e+19
209.734  2.11664e+19
210.321  6.09962e+19
210.908  9.54758e+18
211.494  8.86922e+19
212.081  1.68283e+19
212.668  6.94836e+19
213.254  1.55405e+19
213.841  4.27205e+19
214.428  7.02351e+18
215.014  8.28482e+19
215.601  4.97905e+18
216.188  8.82726e+19
216.774  2.35972e+19
217.361  2.2841e+19
217.948  1.36341e+19
218.534  5.15239e+19
219.121  1.07712e+19
219.708  7.12943e+19
220.294  2.3594e+19
220.881  3.32243e+19
221.468  2.20407e+19
222.054  2.94647e+19
222.641  3.51156e+19
223.228  3.45184e+19
223.814  2.00014e+19
224.401  4.61841e+19
224.988  1.2569e+19
225.574  3.24421e+19
226.161  4.05954e+19
226.748  1.58138e+19
227.334  2.04637e+19
227.921  4.44117e+19
228.508  1.33663e+19
229.094  3.77445e+19
229.681  3.11652e+19
230.268  1.67638e+19
230.854  3.22357e+19
231.441  3.15403e+19
232.028  3.12465e+19
232.614  3.62155e+19
233.201  3.02045e+19
233.788  2.43274e+19
234.374  2.78296e+19
