#S 1 spectral density
#N 2
#UFWHM 8.80005
#L  abscissas [um]  spectral density
-234.375  9.69773e+19
-233.788  5.75078e+19
-233.202  3.46263e+19
-232.615  3.52046e+19
-232.028  1.06545e+20
-231.442  9.70389e+19
-230.855  7.19999e+19
-230.268  3.23489e+19
-229.682  6.44128e+19
-229.095  3.15178e+19
-228.508  1.58094e+20
-227.922  4.86291e+19
-227.335  3.32592e+19
-226.748  2.60264e+19
-226.162  1.13901e+20
-225.575  3.32927e+19
-224.988  1.38064e+20
-224.402  2.11564e+19
-223.815  4.3105e+19
-223.228  1.05425e+19
-222.642  1.45927e+20
-222.055  2.94715e+19
-221.468  5.37645e+19
-220.882  1.8162e+19
-220.295  7.81274e+19
-219.708  1.00911e+19
-219.122  1.37997e+20
-218.535  2.06054e+19
-217.948  2.16525e+19
-217.362  1.72282e+19
-216.775  1.06343e+20
-216.188  1.22514e+19
-215.602  1.04179e+20
-215.015  5.33658e+18
-214.428  3.32308e+19
-213.842  4.39183e+19
-213.255  6.24663e+19
-212.668  1.96107e+19
-212.082  7.50386e+19
-211.495  1.34239e+18
-210.908  6.46421e+19
-210.322  8.83726e+19
-209.735  3.72092e+19
-209.148  2.53666e+19
-208.562  3.47157e+19
-207.975  5.72372e+18
-207.388  5.79653e+19
-206.802  5.59823e+19
-206.215  3.94914e+19
-205.628  2.99631e+19
-205.041  2.13674e+19
-204.455  3.31808e+19
-203.868  5.74369e+19
-203.281  1.78808e+19
-202.695  4.28441e+19
-202.108  4.92854e+19
-201.521  2.20214e+19
-200.935  4.954e+19
-200.348  5.04596e+19
-199.761  9.00033e+18
-199.175  3.11613e+19
-198.588  7.25694e+19
-198.001  1.8661e+19
-197.415  4.84984e+19
-196.828  3.63014e+19
-196.241  1.10315e+19
-195.655  2.25551e+19
-195.068  6.13852e+19
-194.481  1.8135e+19
-193.895  4.31559e+19
-193.308  2.90293e+19
-192.721  1.48906e+19
-192.135  4.2723e+19
-191.548  4.73017e+19
-190.961  2.13253e+19
-190.375  4.41477e+19
-189.788  3.47772e+19
-189.201  1.18364e+19
-188.615  4.31763e+19
-188.028  4.18905e+19
-187.441  3.33653e+19
-186.855  4.07272e+19
-186.268  3.42261e+19
-185.681  1.6964e+19
-185.095  3.57463e+19
-184.508  3.55005e+19
-183.921  4.23213e+19
-183.335  6.29688e+19
-182.748  2.13626e+19
-182.161  3.10221e+19
-181.575  3.55442e+19
-180.988  3.19651e+19
-180.401  4.04826e+19
-179.815  7.72214e+19
-179.228  1.65927e+19
-178.641  5.49192e+19
-178.055  4.44179e+19
-177.468  3.812e+19
-176.881  3.0604e+19
-176.295  1.01345e+20
-175.708  1.41267e+19
-175.121  6.04369e+19
-174.535  3.68481e+19
-173.948  4.1747e+19
-173.361  3.87125e+19
-172.775  1.28168e+20
-172.188  1.80772e+19
-171.601  6.40798e+19
-171.015  2.45287e+19
-170.428  3.96353e+19
-169.841  3.50002e+19
-169.255  1.70281e+20
-168.668  6.1404e+18
-168.081  5.20302e+19
-167.495  2.82129e+19
-166.908  4.72582e+19
-166.321  3.52392e+19
-165.735  1.72784e+20
-165.148  4.05442e+18
-164.561  6.99675e+19
-163.975  3.2393e+19
-163.388  6.50085e+19
-162.801  2.88011e+19
-162.215  1.46255e+20
-161.628  4.73729e+18
-161.041  8.64496e+19
-160.455  5.43095e+19
-159.868  5.26823e+19
-159.281  1.83795e+19
-158.695  1.52587e+20
-158.108  8.35924e+18
-157.521  9.47223e+19
-156.935  6.54597e+19
-156.348  4.04412e+19
-155.761  1.88799e+19
-155.175  1.5868e+20
-154.588  5.42197e+19
-154.001  4.58008e+19
-153.415  3.90029e+19
-152.828  5.28961e+19
-152.241  2.50234e+19
-151.655  1.33952e+20
-151.068  1.09246e+20
-150.481  2.27626e+19
-149.895  2.4037e+19
-149.308  6.21916e+19
-148.721  7.75181e+19
-148.135  5.01457e+19
-147.548  1.0071e+20
-146.961  3.23263e+19
-146.375  2.15717e+19
-145.788  5.26147e+19
-145.201  1.30625e+20
-144.614  2.37318e+19
-144.028  1.07911e+20
-143.441  3.74687e+19
-142.854  2.52403e+19
-142.268  2.89974e+19
-141.681  1.29542e+20
-141.094  2.35869e+19
-140.508  1.28848e+20
-139.921  2.70435e+19
-139.334  2.95598e+19
-138.748  3.00718e+19
-138.161  1.57507e+20
-137.574  3.09054e+19
-136.988  8.91745e+19
-136.401  1.67923e+19
-135.814  2.71108e+19
-135.228  2.22566e+19
-134.641  1.7598e+20
-134.054  3.18584e+19
-133.468  5.68822e+19
-132.881  1.65473e+19
-132.294  6.43308e+19
-131.708  2.29672e+19
-131.121  1.09951e+20
-130.534  2.75214e+19
-129.948  5.55191e+19
-129.361  1.34015e+19
-128.774  8.11383e+19
-128.188  2.6223e+19
-127.601  4.47888e+19
-127.014  4.19394e+19
-126.428  8.95889e+19
-125.841  2.84179e+19
-125.254  3.73701e+19
-124.668  2.32662e+19
-124.081  1.78288e+19
-123.494  7.91052e+19
-122.908  8.3227e+19
-122.321  1.62338e+19
-121.734  1.72369e+19
-121.148  6.36536e+18
-120.561  2.69605e+19
-119.974  1.50358e+20
-119.388  5.13576e+19
-118.801  2.14042e+18
-118.214  2.20631e+19
-117.628  2.41775e+19
-117.041  3.94209e+19
-116.454  1.11793e+20
-115.868  5.2994e+19
-115.281  1.81533e+19
-114.694  1.16997e+19
-114.108  6.10108e+19
-113.521  5.22691e+19
-112.934  6.54796e+19
-112.348  5.94131e+19
-111.761  2.87609e+19
-111.174  3.58843e+19
-110.588  2.81133e+19
-110.001  1.36184e+19
-109.414  7.8304e+19
-108.828  4.92329e+19
-108.241  1.92763e+19
-107.654  6.44449e+19
-107.068  1.08559e+19
-106.481  1.1602e+19
-105.894  7.24049e+19
-105.308  3.43236e+19
-104.721  1.31117e+19
-104.134  1.71602e+19
-103.548  3.04467e+19
-102.961  3.32638e+19
-102.374  5.23128e+19
-101.788  4.30075e+19
-101.201  3.74462e+19
-100.614  2.39541e+19
-100.028  2.18027e+19
-99.4409  3.30337e+19
-98.8542  3.38465e+19
-98.2676  2.67194e+19
-97.6809  6.38754e+19
-97.0942  3.68182e+19
-96.5075  3.48446e+19
-95.9209  1.9088e+19
-95.3342  2.94383e+19
-94.7475  9.83654e+19
-94.1609  4.06525e+19
-93.5742  1.26594e+19
-92.9875  4.91921e+19
-92.4009  1.01654e+19
-91.8142  4.55147e+19
-91.2275  9.91349e+19
-90.6409  5.59001e+19
-90.0542  1.46305e+19
-89.4675  1.07193e+19
-88.8808  8.72922e+19
-88.2942  7.79269e+19
-87.7075  1.15092e+19
-87.1208  6.62238e+19
-86.5342  3.91411e+19
-85.9475  1.26513e+19
-85.3608  9.78187e+19
-84.7741  9.13971e+19
-84.1875  3.3972e+19
-83.6008  2.80059e+19
-83.0141  5.57909e+19
-82.4275  8.39471e+19
-81.8408  2.60428e+19
-81.2541  5.34056e+19
-80.6675  9.07313e+19
-80.0808  5.40326e+19
-79.4941  7.36309e+19
-78.9074  1.07012e+20
-78.3208  7.7486e+19
-77.7341  2.70224e+19
-77.1474  5.1273e+19
-76.5608  1.36772e+20
-75.9741  4.64291e+19
-75.3874  4.36372e+19
-74.8008  1.54622e+20
-74.2141  8.35162e+19
-73.6274  5.37046e+19
-73.0408  1.60155e+20
-72.4541  9.56068e+19
-71.8674  2.45339e+19
-71.2807  8.2974e+19
-70.6941  1.15506e+20
-70.1074  9.35988e+19
-69.5207  1.04873e+20
-68.9341  1.57757e+20
-68.3474  1.24091e+20
-67.7607  3.99829e+19
-67.174  1.23954e+20
-66.5874  1.90208e+20
-66.0007  6.20403e+19
-65.414  8.89626e+19
-64.8274  1.73294e+20
-64.2407  4.97632e+19
-63.654  6.92895e+19
-63.0674  2.75333e+20
-62.4807  8.42806e+19
-61.894  1.29005e+19
-61.3073  2.31093e+20
-60.7207  1.10263e+20
-60.134  8.83748e+19
-59.5473  2.6523e+20
-58.9607  1.17154e+20
-58.374  4.48367e+19
-57.7873  1.23438e+20
-57.2007  7.79063e+19
-56.614  1.21513e+20
-56.0273  1.2298e+20
-55.4407  1.2658e+20
-54.854  1.4423e+20
-54.2673  9.59594e+19
-53.6806  1.08472e+20
-53.094  2.19789e+20
-52.5073  1.22868e+20
-51.9206  1.72987e+20
-51.334  1.93314e+20
-50.7473  1.00438e+20
-50.1606  1.18654e+20
-49.5739  3.18217e+20
-48.9873  1.08352e+20
-48.4006  1.28516e+20
-47.8139  2.87412e+20
-47.2273  1.38495e+20
-46.6406  1.50311e+20
-46.0539  5.62154e+20
-45.4673  1.7336e+20
-44.8806  1.2019e+20
-44.2939  3.62751e+20
-43.7072  1.83653e+20
-43.1206  1.16079e+20
-42.5339  4.68316e+20
-41.9472  1.61114e+20
-41.3606  8.85063e+19
-40.7739  1.9541e+20
-40.1872  1.63615e+20
-39.6006  8.2893e+19
-39.0139  3.16719e+20
-38.4272  2.66214e+20
-37.8406  1.82437e+20
-37.2539  3.39935e+20
-36.6672  3.37493e+20
-36.0805  2.02553e+20
-35.4939  6.10538e+20
-34.9072  6.4928e+20
-34.3205  3.66512e+20
-33.7339  6.22289e+20
-33.1472  5.22378e+20
-32.5605  1.97281e+20
-31.9738  5.15056e+20
-31.3872  5.2838e+20
-30.8005  1.90977e+20
-30.2138  3.59084e+20
-29.6272  3.46559e+20
-29.0405  1.82526e+20
-28.4538  3.21222e+20
-27.8672  4.50482e+20
-27.2805  4.34406e+20
-26.6938  6.44764e+20
-26.1072  8.89997e+20
-25.5205  7.6972e+20
-24.9338  9.37715e+20
-24.3471  1.36034e+21
-23.7605  1.18292e+21
-23.1738  1.44049e+21
-22.5871  1.62747e+21
-22.0005  9.60516e+20
-21.4138  9.27122e+20
-20.8271  1.10024e+21
-20.2404  6.25199e+20
-19.6538  8.6979e+20
-19.0671  8.50538e+20
-18.4804  8.41245e+20
-17.8938  1.33282e+21
-17.3071  1.58951e+21
-16.7204  2.16911e+21
-16.1338  2.79473e+21
-15.5471  2.85914e+21
-14.9604  3.9172e+21
-14.3737  4.40447e+21
-13.7871  4.17929e+21
-13.2004  4.85584e+21
-12.6137  4.51393e+21
-12.0271  3.77381e+21
-11.4404  4.07859e+21
-10.8537  3.77352e+21
-10.2671  3.32066e+21
-9.68039  4.80716e+21
-9.09372  6.71613e+21
-8.50705  9.31127e+21
-7.92038  1.43954e+22
-7.33371  2.1059e+22
-6.74704  2.81247e+22
-6.16037  3.8838e+22
-5.5737  5.02994e+22
-4.98703  6.0657e+22
-4.40036  7.30219e+22
-3.81369  8.51111e+22
-3.22702  9.55847e+22
-2.64035  1.07496e+23
-2.05368  1.16735e+23
-1.46701  1.22975e+23
-0.88034  1.27744e+23
-0.29367  1.28704e+23
0.293  1.28431e+23
0.87967  1.27027e+23
1.46634  1.21844e+23
2.05301  1.15207e+23
2.63968  1.05652e+23
3.22635  9.35954e+22
3.81302  8.29021e+22
4.39969  7.07823e+22
4.98636  5.85329e+22
5.57303  4.82592e+22
6.1597  3.7012e+22
6.74637  2.6645e+22
7.33304  1.98009e+22
7.91971  1.34488e+22
8.50638  8.6714e+21
9.09305  6.29319e+21
9.67972  4.59273e+21
10.2664  3.2528e+21
10.8531  3.80206e+21
11.4397  4.15689e+21
12.0264  3.83747e+21
12.6131  4.57553e+21
13.1997  4.88984e+21
13.7864  4.14438e+21
14.3731  4.3574e+21
14.9597  3.84534e+21
15.5464  2.76072e+21
16.1331  2.68875e+21
16.7198  2.07753e+21
17.3064  1.50851e+21
17.8931  1.2641e+21
18.4798  8.01086e+20
19.0664  8.46417e+20
19.6531  8.72382e+20
20.2398  6.34939e+20
20.8265  1.13259e+21
21.4131  9.51575e+20
21.9998  9.73242e+20
22.5865  1.644e+21
23.1731  1.44968e+21
23.7598  1.17034e+21
24.3465  1.34903e+21
24.9331  9.17548e+20
25.5198  7.4267e+20
26.1065  8.62452e+20
26.6931  6.22587e+20
27.2798  4.14329e+20
27.8665  4.40225e+20
28.4532  3.15898e+20
29.0398  1.7721e+20
29.6265  3.48475e+20
30.2132  3.67546e+20
30.7998  1.93641e+20
31.3865  5.39754e+20
31.9732  5.29234e+20
32.5599  2.00398e+20
33.1465  5.24857e+20
33.7332  6.26625e+20
34.3199  3.61214e+20
34.9065  6.42161e+20
35.4932  6.07107e+20
36.0799  1.95963e+20
36.6665  3.2657e+20
37.2532  3.32537e+20
37.8399  1.74449e+20
38.4265  2.57615e+20
39.0132  3.15484e+20
39.5999  8.00382e+19
40.1866  1.62237e+20
40.7732  1.97217e+20
41.3599  8.72552e+19
41.9466  1.61444e+20
42.5332  4.76527e+20
43.1199  1.18658e+20
43.7066  1.86791e+20
44.2933  3.67133e+20
44.8799  1.21076e+20
45.4666  1.70808e+20
46.0533  5.6358e+20
46.6399  1.50011e+20
47.2266  1.36281e+20
47.8133  2.84657e+20
48.3999  1.2487e+20
48.9866  1.03962e+20
49.5733  3.15719e+20
50.1599  1.15713e+20
50.7466  9.71787e+19
51.3333  1.91918e+20
51.92  1.67962e+20
52.5066  1.1814e+20
53.0933  2.22129e+20
53.68  1.08727e+20
54.2666  9.52052e+19
54.8533  1.47248e+20
55.44  1.26807e+20
56.0266  1.20467e+20
56.6133  1.24299e+20
57.2  7.96199e+19
57.7867  1.24313e+20
58.3733  4.57676e+19
58.96  1.18533e+20
59.5467  2.63196e+20
60.1333  9.04115e+19
60.72  1.11837e+20
61.3067  2.31014e+20
61.8933  1.28096e+19
62.48  8.41494e+19
63.0667  2.70193e+20
63.6534  7.0344e+19
64.24  4.96324e+19
64.8267  1.70699e+20
65.4134  8.71808e+19
66  5.9864e+19
66.5867  1.86368e+20
67.1734  1.247e+20
67.7601  3.86761e+19
68.3467  1.23273e+20
68.9334  1.54183e+20
69.5201  1.01004e+20
70.1067  9.34178e+19
70.6934  1.1651e+20
71.2801  7.95358e+19
71.8667  2.50986e+19
72.4534  9.32083e+19
73.0401  1.57155e+20
73.6268  5.56855e+19
74.2134  8.42396e+19
74.8001  1.51129e+20
75.3868  4.32346e+19
75.9734  4.57978e+19
76.5601  1.37157e+20
77.1468  5.16411e+19
77.7334  2.66376e+19
78.3201  7.67012e+19
78.9068  1.05816e+20
79.4934  7.46985e+19
80.0801  5.52473e+19
80.6668  9.0334e+19
81.2535  5.17369e+19
81.8401  2.68735e+19
82.4268  8.41939e+19
83.0135  5.70327e+19
83.6001  2.78375e+19
84.1868  3.34844e+19
84.7735  9.01202e+19
85.3602  1.00732e+20
85.9468  1.28918e+19
86.5335  4.00464e+19
87.1202  6.51754e+19
87.7068  1.14781e+19
88.2935  7.7859e+19
88.8802  8.98513e+19
89.4668  1.06275e+19
90.0535  1.51284e+19
90.6402  5.37222e+19
91.2268  1.01065e+20
91.8135  4.67397e+19
92.4002  1.04487e+19
92.9869  4.89128e+19
93.5735  1.27978e+19
94.1602  4.01087e+19
94.7469  9.97105e+19
95.3335  2.92374e+19
95.9202  1.94783e+19
96.5069  3.44832e+19
97.0935  3.60469e+19
97.6802  6.62387e+19
98.2669  2.66124e+19
98.8536  3.26576e+19
99.4402  3.35504e+19
100.027  2.21426e+19
100.614  2.31445e+19
101.2  3.89126e+19
101.787  4.15336e+19
102.374  5.28217e+19
102.96  3.3368e+19
103.547  3.17061e+19
104.134  1.71786e+19
104.72  1.35978e+19
105.307  3.30587e+19
105.894  7.4434e+19
106.48  1.12887e+19
107.067  1.13583e+19
107.654  6.39895e+19
108.24  1.96379e+19
108.827  4.93848e+19
109.414  8.07013e+19
110  1.30947e+19
110.587  2.89001e+19
111.174  3.49966e+19
111.76  2.90842e+19
112.347  6.07794e+19
112.934  6.66765e+19
113.52  5.04406e+19
114.107  6.18753e+19
114.694  1.18673e+19
115.28  1.82275e+19
115.867  5.42081e+19
116.454  1.12801e+20
117.04  3.80951e+19
117.627  2.40913e+19
118.214  2.29628e+19
118.8  2.06298e+18
119.387  5.17841e+19
119.974  1.49718e+20
120.56  2.72434e+19
121.147  6.27393e+18
121.734  1.78246e+19
122.32  1.60207e+19
122.907  8.51445e+19
123.494  7.72443e+19
124.08  1.82536e+19
124.667  2.30884e+19
125.254  3.75348e+19
125.84  2.75275e+19
126.427  9.2072e+19
127.014  4.0476e+19
127.6  4.5267e+19
128.187  2.57778e+19
128.774  8.22633e+19
129.36  1.31191e+19
129.947  5.69628e+19
130.534  2.64616e+19
131.12  1.09371e+20
131.707  2.22822e+19
132.294  6.55623e+19
132.88  1.67455e+19
133.467  5.7216e+19
134.054  3.11381e+19
134.64  1.74867e+20
135.227  2.23149e+19
135.814  2.78297e+19
136.4  1.71313e+19
136.987  8.8148e+19
137.574  3.04274e+19
138.16  1.56061e+20
138.747  2.99002e+19
139.334  2.99639e+19
139.92  2.78251e+19
140.507  1.26906e+20
141.094  2.377e+19
141.68  1.2835e+20
142.267  2.91075e+19
142.854  2.49908e+19
143.44  3.82474e+19
144.027  1.056e+20
144.614  2.41806e+19
145.2  1.29265e+20
145.787  5.37606e+19
146.374  2.08454e+19
146.96  3.26657e+19
147.547  9.83604e+19
148.134  5.10504e+19
148.721  7.58998e+19
149.307  6.33268e+19
149.894  2.31846e+19
150.481  2.29217e+19
151.067  1.0673e+20
151.654  1.34849e+20
152.241  2.40431e+19
152.827  5.30867e+19
153.414  3.77166e+19
154.001  4.6218e+19
154.587  5.2654e+19
155.174  1.58358e+20
155.761  1.87189e+19
156.347  3.97569e+19
156.934  6.32466e+19
157.521  9.48435e+19
158.107  8.01087e+18
158.694  1.50423e+20
159.281  1.82191e+19
159.867  5.18248e+19
160.454  5.32239e+19
161.041  8.61749e+19
161.627  4.91157e+18
162.214  1.42269e+20
162.801  2.81109e+19
163.387  6.41209e+19
163.974  3.23612e+19
164.561  6.88066e+19
165.147  4.15241e+18
165.734  1.67955e+20
166.321  3.56704e+19
166.907  4.65544e+19
167.494  2.91074e+19
168.081  5.02751e+19
168.667  6.22589e+18
169.254  1.654e+20
169.841  3.6195e+19
170.427  3.85393e+19
171.014  2.54547e+19
171.601  6.18389e+19
172.187  1.82235e+19
172.774  1.24468e+20
173.361  4.01378e+19
173.947  4.03255e+19
174.534  3.74541e+19
175.121  5.9318e+19
175.707  1.42183e+19
176.294  9.78059e+19
176.881  3.09028e+19
177.467  3.65042e+19
178.054  4.45625e+19
178.641  5.48872e+19
179.227  1.66917e+19
179.814  7.42874e+19
180.401  3.97054e+19
180.987  3.13436e+19
181.574  3.55921e+19
182.161  3.13019e+19
182.747  2.15762e+19
183.334  6.08427e+19
183.921  4.0987e+19
184.507  3.5726e+19
185.094  3.57605e+19
185.681  1.73613e+19
186.267  3.39373e+19
186.854  4.06095e+19
187.441  3.28329e+19
188.027  4.22162e+19
188.614  4.26696e+19
189.201  1.22632e+19
189.787  3.36622e+19
190.374  4.53704e+19
190.961  2.11799e+19
191.547  4.83905e+19
192.134  4.16191e+19
192.721  1.52397e+19
193.307  2.79564e+19
193.894  4.48337e+19
194.481  1.78286e+19
195.067  6.36874e+19
195.654  2.19007e+19
196.241  1.10339e+19
196.827  3.56426e+19
197.414  5.01582e+19
198.001  1.81241e+19
198.587  7.47173e+19
199.174  3.22941e+19
199.761  8.90392e+18
200.347  5.00138e+19
200.934  5.06941e+19
201.521  2.14429e+19
202.107  4.99364e+19
202.694  4.45198e+19
203.281  1.85384e+19
203.867  5.76481e+19
204.454  3.35564e+19
205.041  2.16634e+19
205.627  2.98476e+19
206.214  4.08871e+19
206.801  5.6986e+19
207.388  5.95566e+19
207.974  5.67785e+18
208.561  3.60936e+19
209.148  2.48481e+19
209.734  3.86405e+19
210.321  8.83382e+19
210.908  6.63997e+19
211.494  1.35581e+18
212.081  7.78711e+19
212.668  1.9005e+19
213.254  6.4991e+19
213.841  4.26001e+19
214.428  3.40009e+19
215.014  5.34589e+18
215.601  1.06963e+20
216.188  1.19483e+19
216.774  1.09498e+20
217.361  1.69736e+19
217.948  2.24399e+19
218.534  2.07664e+19
219.121  1.40531e+20
219.708  9.70182e+18
220.294  7.92519e+19
220.881  1.86243e+19
221.468  5.50529e+19
222.054  2.98197e+19
222.641  1.47949e+20
223.228  1.05903e+19
223.814  4.30935e+19
224.401  2.18643e+19
224.988  1.38692e+20
225.574  3.43512e+19
226.161  1.14817e+20
226.748  2.68454e+19
227.334  3.31781e+19
227.921  4.98966e+19
228.508  1.57457e+20
229.094  3.2614e+19
229.681  6.3868e+19
230.268  3.33001e+19
230.854  7.15944e+19
231.441  9.86648e+19
232.028  1.05507e+20
232.614  3.62155e+19
233.201  3.38325e+19
233.788  5.88173e+19
234.374  9.54132e+19
