#S 1 spectral density
#N 2
#UFWHM 13.4934
#L  abscissas [um]  spectral density
-234.375  1.68646e+19
-233.788  1.6091e+19
-233.202  1.65168e+19
-232.615  1.69721e+19
-232.028  3.26803e+19
-231.442  2.31346e+19
-230.855  1.26482e+19
-230.268  1.86623e+19
-229.682  2.06574e+19
-229.095  3.13599e+19
-228.508  2.29215e+19
-227.922  2.62295e+19
-227.335  6.94692e+18
-226.748  3.19979e+19
-226.162  2.14467e+19
-225.575  4.00353e+19
-224.988  5.84757e+18
-224.402  3.48592e+19
-223.815  3.78821e+18
-223.228  5.13641e+19
-222.642  4.22603e+19
-222.055  3.03774e+19
-221.468  1.1262e+19
-220.882  5.61956e+19
-220.295  1.1704e+18
-219.708  6.93287e+19
-219.122  3.00304e+19
-218.535  2.15387e+19
-217.948  4.5604e+18
-217.362  8.09633e+19
-216.775  1.38626e+18
-216.188  8.18697e+19
-215.602  1.15058e+19
-215.015  3.82163e+19
-214.428  5.70217e+18
-213.842  7.39479e+19
-213.255  8.52271e+18
-212.668  9.37787e+19
-212.082  3.92288e+18
-211.495  6.47234e+19
-210.908  3.18507e+19
-210.322  4.70227e+19
-209.735  1.61855e+19
-209.148  7.04665e+19
-208.562  1.11296e+18
-207.975  7.07996e+19
-207.388  3.15097e+19
-206.802  5.95898e+19
-206.215  1.91054e+19
-205.628  3.87882e+19
-205.041  9.18582e+18
-204.455  5.38624e+19
-203.868  1.688e+19
-203.281  8.19077e+19
-202.695  4.889e+19
-202.108  1.3876e+19
-201.521  1.63206e+19
-200.935  4.14347e+19
-200.348  1.23648e+19
-199.761  6.5885e+19
-199.175  6.87906e+19
-198.588  8.75767e+18
-198.001  2.31369e+19
-197.415  2.89333e+19
-196.828  3.25487e+19
-196.241  1.58181e+19
-195.655  6.25925e+19
-195.068  1.85143e+19
-194.481  4.33414e+19
-193.895  1.1082e+19
-193.308  4.38692e+19
-192.721  3.4162e+18
-192.135  5.61611e+19
-191.548  3.12758e+19
-190.961  8.41535e+19
-190.375  1.03529e+19
-189.788  3.19468e+19
-189.201  3.27912e+18
-188.615  4.24978e+19
-188.028  2.3597e+19
-187.441  7.06456e+19
-186.855  2.32436e+19
-186.268  3.51532e+19
-185.681  4.6895e+18
-185.095  6.23827e+19
-184.508  6.85474e+18
-183.921  2.56711e+19
-183.335  2.47354e+19
-182.748  5.29028e+19
-182.161  1.33966e+19
-181.575  5.18748e+19
-180.988  1.19311e+19
-180.401  1.43209e+19
-179.815  8.85058e+18
-179.228  7.94436e+19
-178.641  4.31698e+19
-178.055  1.7925e+19
-177.468  1.11976e+19
-176.881  1.86334e+19
-176.295  1.31178e+19
-175.708  5.02883e+19
-175.121  4.61069e+19
-174.535  1.53036e+19
-173.948  1.46018e+19
-173.361  2.03279e+19
-172.775  4.45446e+19
-172.188  1.30046e+19
-171.601  2.38956e+19
-171.015  1.6049e+19
-170.428  3.30771e+19
-169.841  1.54231e+19
-169.255  4.1274e+19
-168.668  6.99826e+18
-168.081  2.08551e+19
-167.495  1.95475e+19
-166.908  5.5052e+19
-166.321  2.7641e+19
-165.735  1.89439e+19
-165.148  4.79928e+18
-164.561  3.26081e+19
-163.975  1.80459e+19
-163.388  4.73608e+19
-162.801  2.88222e+19
-162.215  1.80721e+19
-161.628  2.53466e+19
-161.041  3.5009e+19
-160.455  2.25341e+19
-159.868  3.67348e+19
-159.281  3.67633e+18
-158.695  2.83795e+19
-158.108  4.04145e+19
-157.521  2.28514e+19
-156.935  1.50355e+19
-156.348  3.65355e+19
-155.761  7.86639e+18
-155.175  4.62982e+19
-154.588  4.43849e+19
-154.001  2.54898e+19
-153.415  1.1692e+19
-152.828  3.36238e+19
-152.241  1.71073e+19
-151.655  5.12107e+19
-151.068  2.49029e+19
-150.481  2.57612e+19
-149.895  4.23249e+19
-149.308  7.11108e+19
-148.721  1.70307e+19
-148.135  3.70395e+19
-147.548  2.13264e+19
-146.961  7.45789e+18
-146.375  3.20999e+19
-145.788  1.10338e+20
-145.201  2.51001e+19
-144.614  2.42756e+19
-144.028  5.14311e+19
-143.441  3.21904e+19
-142.854  8.32791e+18
-142.268  7.88121e+19
-141.681  1.64895e+19
-141.094  4.76976e+19
-140.508  5.41272e+19
-139.921  4.32505e+19
-139.334  4.51991e+19
-138.748  3.86378e+19
-138.161  2.17112e+19
-137.574  1.07292e+20
-136.988  3.30012e+19
-136.401  1.30289e+19
-135.814  6.28099e+19
-135.228  3.73844e+19
-134.641  5.56304e+19
-134.054  9.35626e+19
-133.468  6.45725e+19
-132.881  1.34249e+19
-132.294  3.47673e+19
-131.708  7.56219e+19
-131.121  1.13204e+20
-130.534  1.9777e+19
-129.948  6.40929e+19
-129.361  3.96091e+19
-128.774  2.85674e+19
-128.188  5.4615e+19
-127.601  1.78917e+20
-127.014  2.49237e+19
-126.428  3.77699e+19
-125.841  5.6454e+19
-125.254  6.27516e+19
-124.668  1.68402e+19
-124.081  1.47081e+20
-123.494  6.11052e+19
-122.908  6.5213e+19
-122.321  3.46781e+19
-121.734  9.36766e+19
-121.148  6.03045e+19
-120.561  8.47523e+19
-119.974  6.36226e+19
-119.388  1.03805e+20
-118.801  1.72663e+19
-118.214  7.03096e+19
-117.628  7.78938e+19
-117.041  6.71273e+19
-116.454  6.20318e+19
-115.868  9.72769e+19
-115.281  7.98601e+19
-114.694  5.29153e+19
-114.108  3.54054e+19
-113.521  1.05142e+20
-112.934  4.84332e+19
-112.348  4.50116e+19
-111.761  1.41863e+20
-111.174  3.45965e+19
-110.588  1.32407e+19
-110.001  1.47415e+20
-109.414  9.24008e+19
-108.828  1.76568e+19
-108.241  1.0449e+20
-107.654  2.50227e+19
-107.068  2.62463e+19
-106.481  1.1288e+20
-105.894  1.73249e+20
-105.308  4.56707e+19
-104.721  3.13044e+19
-104.134  4.76161e+19
-103.548  8.46815e+19
-102.961  4.50256e+19
-102.374  1.75954e+20
-101.788  8.37116e+19
-101.201  3.50261e+19
-100.614  5.42756e+19
-100.028  1.70131e+20
-99.4409  3.87009e+19
-98.8542  6.49794e+19
-98.2676  9.17707e+19
-97.6809  6.62743e+19
-97.0942  2.98904e+19
-96.5075  2.29978e+20
-95.9209  8.65234e+19
-95.3342  3.49981e+19
-94.7475  7.88184e+19
-94.1609  5.02433e+19
-93.5742  3.37965e+19
-92.9875  1.5424e+20
-92.4009  7.35007e+19
-91.8142  7.02226e+19
-91.2275  5.38866e+19
-90.6409  4.08528e+19
-90.0542  9.21381e+19
-89.4675  1.1485e+20
-88.8808  8.33988e+19
-88.2942  1.05907e+20
-87.7075  4.49629e+19
-87.1208  5.76045e+19
-86.5342  1.34064e+20
-85.9475  8.07881e+19
-85.3608  7.12079e+19
-84.7741  1.23416e+20
-84.1875  6.81991e+19
-83.6008  1.40703e+20
-83.0141  1.94135e+20
-82.4275  1.15991e+20
-81.8408  6.52881e+19
-81.2541  1.17904e+20
-80.6675  1.0305e+20
-80.0808  1.36425e+20
-79.4941  1.47826e+20
-78.9074  1.69076e+20
-78.3208  5.49239e+19
-77.7341  1.09443e+20
-77.1474  1.24872e+20
-76.5608  7.71843e+19
-75.9741  6.58013e+19
-75.3874  1.39213e+20
-74.8008  7.38115e+19
-74.2141  1.00513e+20
-73.6274  9.73937e+19
-73.0408  1.03206e+20
-72.4541  6.31122e+19
-71.8674  1.12e+20
-71.2807  1.61013e+20
-70.6941  7.52698e+19
-70.1074  8.31757e+19
-69.5207  2.06036e+20
-68.9341  1.39347e+20
-68.3474  1.42018e+20
-67.7607  2.62282e+20
-67.174  1.70875e+20
-66.5874  1.82209e+20
-66.0007  3.60213e+20
-65.414  2.77533e+20
-64.8274  1.94308e+20
-64.2407  2.53478e+20
-63.654  2.00841e+20
-63.0674  2.04005e+20
-62.4807  3.04059e+20
-61.894  2.12575e+20
-61.3073  1.99369e+20
-60.7207  1.69289e+20
-60.134  1.5999e+20
-59.5473  1.4997e+20
-58.9607  1.73555e+20
-58.374  1.24692e+20
-57.7873  1.16688e+20
-57.2007  2.3812e+20
-56.614  2.29728e+20
-56.0273  8.32692e+19
-55.4407  3.04883e+20
-54.854  3.40329e+20
-54.2673  2.21162e+20
-53.6806  5.31778e+20
-53.094  4.4373e+20
-52.5073  3.08417e+20
-51.9206  5.05666e+20
-51.334  5.78284e+20
-50.7473  5.43793e+20
-50.1606  6.36075e+20
-49.5739  5.08355e+20
-48.9873  6.1618e+20
-48.4006  5.16851e+20
-47.8139  4.77066e+20
-47.2273  5.1439e+20
-46.6406  3.79425e+20
-46.0539  2.77489e+20
-45.4673  4.09864e+20
-44.8806  2.87484e+20
-44.2939  3.14188e+20
-43.7072  2.33301e+20
-43.1206  2.49385e+20
-42.5339  5.46553e+20
-41.9472  3.76936e+20
-41.3606  3.60397e+20
-40.7739  8.16776e+20
-40.1872  5.56622e+20
-39.6006  6.44139e+20
-39.0139  1.3391e+21
-38.4272  9.91732e+20
-37.8406  8.66735e+20
-37.2539  1.41574e+21
-36.6672  1.17695e+21
-36.0805  1.08038e+21
-35.4939  1.40989e+21
-34.9072  1.13972e+21
-34.3205  9.28883e+20
-33.7339  9.96575e+20
-33.1472  9.01138e+20
-32.5605  8.34589e+20
-31.9738  6.66147e+20
-31.3872  5.87215e+20
-30.8005  6.08797e+20
-30.2138  5.4076e+20
-29.6272  6.16504e+20
-29.0405  7.04628e+20
-28.4538  6.79355e+20
-27.8672  8.95994e+20
-27.2805  1.0412e+21
-26.6938  1.35309e+21
-26.1072  1.68291e+21
-25.5205  1.54081e+21
-24.9338  1.98739e+21
-24.3471  2.53303e+21
-23.7605  2.31478e+21
-23.1738  2.94038e+21
-22.5871  3.43182e+21
-22.0005  2.57889e+21
-21.4138  3.03827e+21
-20.8271  3.52181e+21
-20.2404  2.64953e+21
-19.6538  3.06213e+21
-19.0671  3.44571e+21
-18.4804  2.20876e+21
-17.8938  2.40814e+21
-17.3071  2.74739e+21
-16.7204  1.94331e+21
-16.1338  2.27668e+21
-15.5471  2.91105e+21
-14.9604  2.66893e+21
-14.3737  3.67479e+21
-13.7871  4.83968e+21
-13.2004  5.83906e+21
-12.6137  7.84236e+21
-12.0271  9.97831e+21
-11.4404  1.23996e+22
-10.8537  1.61064e+22
-10.2671  1.91145e+22
-9.68039  2.28354e+22
-9.09372  2.7747e+22
-8.50705  3.15511e+22
-7.92038  3.62299e+22
-7.33371  4.24183e+22
-6.74704  4.66417e+22
-6.16037  5.15641e+22
-5.5737  5.78153e+22
-4.98703  6.20204e+22
-4.40036  6.67217e+22
-3.81369  7.25974e+22
-3.22702  7.59601e+22
-2.64035  7.9086e+22
-2.05368  8.31338e+22
-1.46701  8.50672e+22
-0.88034  8.611e+22
-0.29367  8.79596e+22
0.293  8.79049e+22
0.87967  8.58172e+22
1.46634  8.44797e+22
2.05301  8.2456e+22
2.63968  7.81916e+22
3.22635  7.48336e+22
3.81302  7.14321e+22
4.39969  6.54844e+22
4.98636  6.05965e+22
5.57303  5.64189e+22
6.1597  5.01548e+22
6.74637  4.51394e+22
7.33304  4.09951e+22
7.91971  3.49113e+22
8.50638  3.02138e+22
9.09305  2.65363e+22
9.67972  2.17512e+22
10.2664  1.80795e+22
10.8531  1.52066e+22
11.4397  1.16587e+22
12.0264  9.32762e+21
12.6131  7.31703e+21
13.1997  5.43521e+21
13.7864  4.53399e+21
14.3731  3.45214e+21
14.9597  2.52975e+21
15.5464  2.85379e+21
16.1331  2.25267e+21
16.7198  1.94617e+21
17.3064  2.7968e+21
17.8931  2.45589e+21
18.4798  2.24914e+21
19.0664  3.50507e+21
19.6531  3.10217e+21
20.2398  2.6647e+21
20.8265  3.53196e+21
21.4131  3.03247e+21
21.9998  2.5452e+21
22.5865  3.38428e+21
23.1731  2.88846e+21
23.7598  2.24785e+21
24.3465  2.45661e+21
24.9331  1.91963e+21
25.5198  1.46958e+21
26.1065  1.6064e+21
26.6931  1.28904e+21
27.2798  9.88495e+20
27.8665  8.51512e+20
28.4532  6.48881e+20
29.0398  6.90544e+20
29.6265  6.08229e+20
30.2132  5.37929e+20
30.7998  6.18088e+20
31.3865  6.02531e+20
31.9732  6.85562e+20
32.5599  8.5916e+20
33.1465  9.24931e+20
33.7332  1.0201e+21
34.3199  9.47107e+20
34.9065  1.14922e+21
35.4932  1.41925e+21
36.0799  1.07923e+21
36.6665  1.16791e+21
37.2532  1.40204e+21
37.8399  8.49885e+20
38.4265  9.64971e+20
39.0132  1.30688e+21
39.5999  6.19091e+20
40.1866  5.32359e+20
40.7732  7.82687e+20
41.3599  3.43877e+20
41.9466  3.61207e+20
42.5332  5.21174e+20
43.1199  2.43812e+20
43.7066  2.34955e+20
44.2933  3.10552e+20
44.8799  2.9499e+20
45.4666  4.23139e+20
46.0533  2.84112e+20
46.6399  3.91576e+20
47.2266  5.26338e+20
47.8133  4.89306e+20
48.3999  5.25096e+20
48.9866  6.25978e+20
49.5733  5.10158e+20
50.1599  6.38059e+20
50.7466  5.40306e+20
51.3333  5.713e+20
51.92  4.97061e+20
52.5066  3.02976e+20
53.0933  4.28113e+20
53.68  5.17938e+20
54.2666  2.12704e+20
54.8533  3.26793e+20
55.44  2.92108e+20
56.0266  8.10712e+19
56.6133  2.22168e+20
57.2  2.2884e+20
57.7867  1.18796e+20
58.3733  1.23858e+20
58.96  1.7414e+20
59.5467  1.54585e+20
60.1333  1.64635e+20
60.72  1.71622e+20
61.3067  2.05194e+20
61.8933  2.17095e+20
62.48  3.09479e+20
63.0667  2.07516e+20
63.6534  2.03874e+20
64.24  2.5154e+20
64.8267  1.9582e+20
65.4134  2.76565e+20
66  3.56451e+20
66.5867  1.82999e+20
67.1734  1.69169e+20
67.7601  2.52565e+20
68.3467  1.39247e+20
68.9334  1.34955e+20
69.5201  1.99069e+20
70.1067  8.20882e+19
70.6934  7.39664e+19
71.2801  1.54353e+20
71.8667  1.09288e+20
72.4534  6.09132e+19
73.0401  1.01317e+20
73.6268  9.94812e+19
74.2134  1.03095e+20
74.8001  7.25983e+19
75.3868  1.41456e+20
75.9734  6.67578e+19
76.5601  7.71645e+19
77.1468  1.28462e+20
77.7334  1.13219e+20
78.3201  5.46752e+19
78.9068  1.71401e+20
79.4934  1.50504e+20
80.0801  1.3605e+20
80.6668  1.03377e+20
81.2535  1.19914e+20
81.8401  6.34399e+19
82.4268  1.14867e+20
83.0135  1.95349e+20
83.6001  1.40136e+20
84.1868  6.69469e+19
84.7735  1.22055e+20
85.3602  6.83618e+19
85.9468  7.83192e+19
86.5335  1.33584e+20
87.1202  5.76834e+19
87.7068  4.45233e+19
88.2935  1.05024e+20
88.8802  8.02168e+19
89.4668  1.12621e+20
90.0535  9.28492e+19
90.6402  4.1472e+19
91.2268  5.49978e+19
91.8135  7.16318e+19
92.4002  7.23369e+19
92.9869  1.55182e+20
93.5735  3.40788e+19
94.1602  5.08064e+19
94.7469  8.09373e+19
95.3335  3.46624e+19
95.9202  8.70352e+19
96.5069  2.34566e+20
97.0935  3.02692e+19
97.6802  6.71771e+19
98.2669  9.36242e+19
98.8536  6.27073e+19
99.4402  3.8444e+19
100.027  1.73855e+20
100.614  5.57595e+19
101.2  3.56503e+19
101.787  8.42039e+19
102.374  1.7322e+20
102.96  4.4186e+19
103.547  8.59247e+19
104.134  4.8811e+19
104.72  3.09423e+19
105.307  4.58522e+19
105.894  1.71076e+20
106.48  1.12623e+20
107.067  2.64015e+19
107.654  2.49204e+19
108.24  1.01945e+20
108.827  1.74087e+19
109.414  9.15647e+19
110  1.48639e+20
110.587  1.32999e+19
111.174  3.33657e+19
111.76  1.38878e+20
112.347  4.35111e+19
112.934  4.84332e+19
113.52  1.07889e+20
114.107  3.45945e+19
114.694  5.06194e+19
115.28  7.88206e+19
115.867  9.53013e+19
116.454  6.27865e+19
117.04  6.88048e+19
117.627  7.70046e+19
118.214  6.8324e+19
118.8  1.73305e+19
119.387  1.03918e+20
119.974  6.51349e+19
120.56  8.18656e+19
121.147  5.99882e+19
121.734  9.28652e+19
122.32  3.56404e+19
122.907  6.71129e+19
123.494  6.29696e+19
124.08  1.41995e+20
124.667  1.6319e+19
125.254  6.28034e+19
125.84  5.81523e+19
126.427  3.80967e+19
127.014  2.58876e+19
127.6  1.75892e+20
128.187  5.46777e+19
128.774  2.92339e+19
129.36  4.06501e+19
129.947  6.1997e+19
130.534  1.89897e+19
131.12  1.1282e+20
131.707  7.69879e+19
132.294  3.53625e+19
132.88  1.32782e+19
133.467  6.24984e+19
134.054  9.16129e+19
134.64  5.62991e+19
135.227  3.82402e+19
135.814  6.20418e+19
136.4  1.2684e+19
136.987  3.29299e+19
137.574  1.05836e+20
138.16  2.22913e+19
138.747  3.72325e+19
139.334  4.37767e+19
139.92  4.30319e+19
140.507  5.59241e+19
141.094  4.74766e+19
141.68  1.59386e+19
142.267  7.57185e+19
142.854  8.18719e+18
143.44  3.21553e+19
144.027  5.32886e+19
144.614  2.4299e+19
145.2  2.43609e+19
145.787  1.07184e+20
146.374  3.30433e+19
146.96  7.68845e+18
147.547  2.20134e+19
148.134  3.57155e+19
148.721  1.72968e+19
149.307  6.96942e+19
149.894  4.32516e+19
150.481  2.58484e+19
151.067  2.47955e+19
151.654  4.95876e+19
152.241  1.74056e+19
152.827  3.33154e+19
153.414  1.18939e+19
154.001  2.48477e+19
154.587  4.45591e+19
155.174  4.6358e+19
155.761  7.78011e+18
156.347  3.63982e+19
156.934  1.44042e+19
157.521  2.27615e+19
158.107  4.04884e+19
158.694  2.89721e+19
159.281  3.66168e+18
159.867  3.62073e+19
160.454  2.16663e+19
161.041  3.62788e+19
161.627  2.51724e+19
162.214  1.85362e+19
162.801  2.83304e+19
163.387  4.7757e+19
163.974  1.79202e+19
164.561  3.3537e+19
165.147  4.66415e+18
165.734  1.87395e+19
166.321  2.66647e+19
166.907  5.67536e+19
167.494  2.00606e+19
168.081  2.1378e+19
168.667  6.88966e+18
169.254  4.0908e+19
169.841  1.53326e+19
170.427  3.43329e+19
171.014  1.66657e+19
171.601  2.44459e+19
172.187  1.32032e+19
172.774  4.42918e+19
173.361  2.09933e+19
173.947  1.51636e+19
174.534  1.58717e+19
175.121  4.65822e+19
175.707  5.19326e+19
176.294  1.31744e+19
176.881  1.91125e+19
177.467  1.10851e+19
178.054  1.85603e+19
178.641  4.32921e+19
179.227  8.14617e+19
179.814  9.13735e+18
180.401  1.47156e+19
180.987  1.16262e+19
181.574  5.31694e+19
182.161  1.3504e+19
182.747  5.42693e+19
183.334  2.51865e+19
183.921  2.61985e+19
184.507  6.70983e+18
185.094  6.38013e+19
185.681  4.73367e+18
186.267  3.5685e+19
186.854  2.34836e+19
187.441  7.179e+19
188.027  2.44936e+19
188.614  4.40096e+19
189.201  3.15722e+18
189.787  3.16241e+19
190.374  1.02253e+19
190.961  8.43429e+19
191.547  3.19947e+19
192.134  5.78832e+19
192.721  3.39509e+18
193.307  4.32632e+19
193.894  1.1462e+19
194.481  4.31643e+19
195.067  1.89813e+19
195.654  6.34202e+19
196.241  1.57103e+19
196.827  3.16816e+19
197.414  2.99717e+19
198.001  2.27499e+19
198.587  8.87532e+18
199.174  6.88441e+19
199.761  6.57282e+19
200.347  1.19439e+19
200.934  4.23471e+19
201.521  1.57845e+19
202.107  1.38387e+19
202.694  4.83343e+19
203.281  8.07764e+19
203.867  1.63329e+19
204.454  5.4172e+19
205.041  8.87862e+18
205.627  3.85763e+19
206.214  1.87799e+19
206.801  5.84489e+19
207.388  3.06088e+19
207.974  6.97872e+19
208.561  1.09894e+18
209.148  6.98746e+19
209.734  1.6781e+19
210.321  4.6614e+19
210.908  3.07639e+19
211.494  6.29079e+19
212.081  3.88465e+18
212.668  9.18143e+19
213.254  8.73547e+18
213.841  7.31743e+19
214.428  5.51151e+18
215.014  3.72787e+19
215.601  1.18418e+19
216.188  7.9115e+19
216.774  1.37177e+18
217.361  7.89376e+19
217.948  4.55111e+18
218.534  2.06937e+19
219.121  3.09918e+19
219.708  6.6897e+19
220.294  1.14569e+18
220.881  5.41613e+19
221.468  1.11503e+19
222.054  2.93559e+19
222.641  4.22518e+19
223.228  4.95736e+19
223.814  3.64334e+18
224.401  3.40518e+19
224.988  5.66656e+18
225.574  3.85201e+19
226.161  2.08414e+19
226.748  3.08888e+19
227.334  6.6842e+18
227.921  2.61222e+19
228.508  2.28942e+19
229.094  3.06276e+19
229.681  2.03811e+19
230.268  1.81303e+19
230.854  1.24487e+19
231.441  2.31411e+19
232.028  3.20987e+19
232.614  1.65009e+19
233.201  1.61559e+19
233.788  1.6595e+19
234.374  1.66942e+19
