#S 1 spectral density
#N 2
#UFWHM 7.62671
#L  abscissas [um]  spectral density
-234.375  7.08146e+19
-233.788  5.61557e+19
-233.202  4.89759e+19
-232.615  8.04061e+19
-232.028  6.77112e+19
-231.442  3.93095e+19
-230.855  1.23572e+20
-230.268  3.84227e+19
-229.682  6.36961e+19
-229.095  4.57472e+19
-228.508  6.94919e+19
-227.922  2.4951e+19
-227.335  9.45888e+19
-226.748  7.11005e+19
-226.162  5.96268e+19
-225.575  2.91355e+19
-224.988  1.03303e+20
-224.402  1.38072e+19
-223.815  1.04253e+20
-223.228  5.6439e+19
-222.642  4.04446e+19
-222.055  2.05333e+19
-221.468  9.04227e+19
-220.882  1.96342e+19
-220.295  1.38094e+20
-219.708  3.43254e+19
-219.122  3.52773e+19
-218.535  3.25029e+19
-217.948  7.98503e+19
-217.362  1.90848e+19
-216.775  1.15673e+20
-216.188  1.67124e+19
-215.602  3.0535e+19
-215.015  7.5713e+19
-214.428  6.69313e+19
-213.842  3.42621e+19
-213.255  4.34941e+19
-212.668  7.0698e+18
-212.082  3.83808e+19
-211.495  7.20317e+19
-210.908  9.87857e+19
-210.322  6.05166e+19
-209.735  1.41877e+19
-209.148  1.46837e+19
-208.562  3.67139e+19
-207.975  4.43729e+19
-207.388  7.00048e+19
-206.802  6.09846e+19
-206.215  2.18776e+19
-205.628  3.82731e+19
-205.041  3.93263e+19
-204.455  3.2372e+19
-203.868  3.58397e+19
-203.281  7.73929e+19
-202.695  3.63792e+19
-202.108  8.95415e+19
-201.521  5.64347e+19
-200.935  2.71084e+19
-200.348  2.84687e+19
-199.761  5.75584e+19
-199.175  4.35302e+19
-198.588  9.61865e+19
-198.001  5.98602e+19
-197.415  3.46759e+19
-196.828  3.31406e+19
-196.241  7.33174e+19
-195.655  4.43039e+19
-195.068  4.72852e+19
-194.481  6.83926e+19
-193.895  5.61191e+19
-193.308  4.56724e+19
-192.721  8.53754e+19
-192.135  4.74132e+19
-191.548  2.11544e+19
-190.961  5.2402e+19
-190.375  1.15965e+20
-189.788  7.63619e+19
-189.201  6.95277e+19
-188.615  5.64832e+19
-188.028  1.5016e+19
-187.441  4.63073e+19
-186.855  1.34241e+20
-186.268  9.19662e+19
-185.681  3.7371e+19
-185.095  4.85668e+19
-184.508  1.85018e+19
-183.921  7.06937e+19
-183.335  1.20569e+20
-182.748  8.4259e+19
-182.161  3.01996e+19
-181.575  6.08071e+19
-180.988  2.7239e+19
-180.401  7.44916e+19
-179.815  9.02881e+19
-179.228  5.18429e+19
-178.641  3.83651e+19
-178.055  8.73752e+19
-177.468  4.45075e+19
-176.881  5.98554e+19
-176.295  8.49678e+19
-175.708  5.64761e+19
-175.121  4.35935e+19
-174.535  9.58928e+19
-173.948  6.02065e+19
-173.361  3.64067e+19
-172.775  8.77597e+19
-172.188  8.66296e+19
-171.601  4.98344e+19
-171.015  6.91035e+19
-170.428  6.85122e+19
-169.841  3.89872e+19
-169.255  1.115e+20
-168.668  8.90525e+19
-168.081  5.14537e+19
-167.495  5.5736e+19
-166.908  5.61123e+19
-166.321  4.26482e+19
-165.735  1.38491e+20
-165.148  6.68917e+19
-164.561  7.05254e+19
-163.975  5.91939e+19
-163.388  7.12837e+19
-162.801  3.24644e+19
-162.215  1.32413e+20
-161.628  6.2345e+19
-161.041  6.7083e+19
-160.455  6.9016e+19
-159.868  7.5565e+19
-159.281  2.17841e+19
-158.695  1.48226e+20
-158.108  8.31298e+19
-157.521  6.81365e+19
-156.935  4.18956e+19
-156.348  6.19952e+19
-155.761  4.70843e+19
-155.175  1.22331e+20
-154.588  1.10518e+20
-154.001  5.03531e+19
-153.415  2.06166e+19
-152.828  5.28256e+19
-152.241  7.99526e+19
-151.655  1.06171e+20
-151.068  9.48454e+19
-150.481  4.27195e+19
-149.895  2.36177e+19
-149.308  5.57444e+19
-148.721  1.32943e+20
-148.135  4.74783e+19
-147.548  6.08948e+19
-146.961  6.31602e+19
-146.375  4.6352e+19
-145.788  3.83027e+19
-145.201  1.29224e+20
-144.614  3.23118e+19
-144.028  5.36367e+19
-143.441  7.5918e+19
-142.854  9.94851e+19
-142.268  4.11585e+18
-141.681  7.12754e+19
-141.094  3.11146e+19
-140.508  8.64165e+19
-139.921  5.53537e+19
-139.334  1.07443e+20
-138.748  2.38054e+18
-138.161  5.25678e+19
-137.574  4.21787e+19
-136.988  1.35782e+20
-136.401  2.41466e+19
-135.814  7.17812e+19
-135.228  6.11457e+18
-134.641  6.02022e+19
-134.054  3.4612e+19
-133.468  1.61232e+20
-132.881  1.61042e+19
-132.294  7.60886e+19
-131.708  1.94058e+19
-131.121  6.45774e+19
-130.534  3.69474e+19
-129.948  1.20282e+20
-129.361  2.61841e+19
-128.774  6.68874e+19
-128.188  2.75833e+19
-127.601  6.79964e+19
-127.014  3.13224e+19
-126.428  1.15626e+20
-125.841  5.33881e+19
-125.254  2.8358e+19
-124.668  5.3244e+19
-124.081  5.27054e+19
-123.494  2.60553e+19
-122.908  6.54784e+19
-122.321  5.61237e+19
-121.734  2.80407e+19
-121.148  4.65585e+19
-120.561  7.14636e+19
-119.974  5.21801e+19
-119.388  1.53899e+19
-118.801  6.98426e+19
-118.214  4.29892e+19
-117.628  4.86624e+19
-117.041  3.03312e+19
-116.454  3.7512e+19
-115.868  1.34038e+19
-115.281  8.06848e+19
-114.694  6.37219e+19
-114.108  7.4187e+19
-113.521  5.65626e+17
-112.934  1.75749e+19
-112.348  2.70134e+19
-111.761  1.33603e+20
-111.174  3.05399e+19
-110.588  4.12376e+19
-110.001  8.99727e+18
-109.414  2.90348e+19
-108.828  2.46619e+19
-108.241  1.67206e+20
-107.654  1.74125e+19
-107.068  2.6808e+19
-106.481  1.1549e+19
-105.894  5.82261e+19
-105.308  3.41267e+19
-104.721  8.22361e+19
-104.134  1.96729e+19
-103.548  5.98737e+19
-102.961  7.5222e+18
-102.374  6.7299e+19
-101.788  5.06573e+19
-101.201  3.48173e+19
-100.614  3.37926e+19
-100.028  5.07622e+19
-99.4409  2.24015e+19
-98.8542  2.06654e+19
-98.2676  2.67864e+19
-97.6809  4.36875e+19
-97.0942  6.97876e+19
-96.5075  4.95323e+19
-95.9209  2.34531e+19
-95.3342  2.73184e+19
-94.7475  2.46072e+19
-94.1609  3.15609e+19
-93.5742  9.49626e+19
-92.9875  2.82438e+19
-92.4009  2.35278e+18
-91.8142  4.95493e+19
-91.2275  5.31962e+19
-90.6409  4.63115e+19
-90.0542  7.19834e+19
-89.4675  5.74128e+19
-88.8808  2.05084e+19
-88.2942  1.56534e+19
-87.7075  6.84723e+19
-87.1208  5.48743e+19
-86.5342  3.49096e+19
-85.9475  5.77318e+19
-85.3608  6.34574e+19
-84.7741  3.53003e+19
-84.1875  4.16604e+19
-83.6008  4.4947e+19
-83.0141  7.60384e+19
-82.4275  1.11514e+19
-81.8408  1.86954e+19
-81.2541  8.52489e+19
-80.6675  3.87974e+19
-80.0808  2.54347e+19
-79.4941  1.12083e+20
-78.9074  6.83924e+19
-78.3208  4.06987e+18
-77.7341  3.82353e+19
-77.1474  5.25052e+19
-76.5608  4.25477e+19
-75.9741  5.11159e+19
-75.3874  8.87283e+19
-74.8008  7.36707e+19
-74.2141  4.77584e+19
-73.6274  4.67227e+19
-73.0408  1.56937e+20
-72.4541  6.90031e+19
-71.8674  1.85152e+19
-71.2807  9.46024e+19
-70.6941  4.61146e+19
-70.1074  4.22931e+19
-69.5207  2.05401e+20
-68.9341  1.21086e+20
-68.3474  7.70756e+19
-67.7607  9.98618e+19
-67.174  7.4382e+19
-66.5874  1.68754e+20
-66.0007  1.27581e+20
-65.414  8.16125e+19
-64.8274  1.60813e+20
-64.2407  6.94204e+19
-63.654  8.83646e+19
-63.0674  2.92734e+20
-62.4807  7.95861e+19
-61.894  8.4007e+19
-61.3073  1.92545e+20
-60.7207  1.25741e+20
-60.134  1.10629e+20
-59.5473  2.26931e+20
-58.9607  9.35639e+19
-58.374  1.14677e+20
-57.7873  7.89358e+19
-57.2007  1.41722e+20
-56.614  9.65143e+19
-56.0273  8.31632e+19
-55.4407  1.22294e+20
-54.854  1.65527e+20
-54.2673  6.37615e+19
-53.6806  1.77531e+20
-53.094  1.13086e+20
-52.5073  5.4298e+19
-51.9206  1.05247e+20
-51.334  1.3984e+20
-50.7473  4.36432e+19
-50.1606  1.39089e+20
-49.5739  1.9808e+20
-48.9873  7.25138e+19
-48.4006  9.28685e+19
-47.8139  2.67435e+20
-47.2273  1.33946e+20
-46.6406  1.95648e+20
-46.0539  4.40023e+20
-45.4673  2.18974e+20
-44.8806  1.18293e+20
-44.2939  3.63272e+20
-43.7072  1.96925e+20
-43.1206  1.4803e+20
-42.5339  3.31454e+20
-41.9472  1.93665e+20
-41.3606  1.2355e+20
-40.7739  2.40801e+20
-40.1872  1.69777e+20
-39.6006  1.51072e+20
-39.0139  2.06626e+20
-38.4272  2.28089e+20
-37.8406  1.61367e+20
-37.2539  2.85607e+20
-36.6672  2.93613e+20
-36.0805  1.88933e+20
-35.4939  3.87041e+20
-34.9072  5.31089e+20
-34.3205  2.43169e+20
-33.7339  4.4252e+20
-33.1472  5.53509e+20
-32.5605  2.65588e+20
-31.9738  4.35202e+20
-31.3872  6.32781e+20
-30.8005  2.43176e+20
-30.2138  3.84632e+20
-29.6272  5.35134e+20
-29.0405  2.98528e+20
-28.4538  3.2556e+20
-27.8672  4.2947e+20
-27.2805  2.66866e+20
-26.6938  4.80258e+20
-26.1072  5.53861e+20
-25.5205  4.938e+20
-24.9338  7.21788e+20
-24.3471  9.07282e+20
-23.7605  9.06414e+20
-23.1738  1.24198e+21
-22.5871  1.33961e+21
-22.0005  9.56263e+20
-21.4138  1.03815e+21
-20.8271  1.19774e+21
-20.2404  8.34296e+20
-19.6538  8.3494e+20
-19.0671  9.67828e+20
-18.4804  5.17817e+20
-17.8938  8.14468e+20
-17.3071  9.15209e+20
-16.7204  8.66135e+20
-16.1338  1.9587e+21
-15.5471  2.20318e+21
-14.9604  2.36359e+21
-14.3737  4.25615e+21
-13.7871  3.86335e+21
-13.2004  3.80014e+21
-12.6137  5.67691e+21
-12.0271  4.77418e+21
-11.4404  4.03792e+21
-10.8537  4.64239e+21
-10.2671  3.47341e+21
-9.68039  3.43505e+21
-9.09372  4.60152e+21
-8.50705  6.5389e+21
-7.92038  1.01651e+22
-7.33371  1.3964e+22
-6.74704  2.19956e+22
-6.16037  3.2687e+22
-5.5737  4.19795e+22
-4.98703  5.52142e+22
-4.40036  7.00364e+22
-3.81369  8.11826e+22
-3.22702  9.68449e+22
-2.64035  1.13712e+23
-2.05368  1.23652e+23
-1.46701  1.33614e+23
-0.88034  1.41993e+23
-0.29367  1.41277e+23
0.293  1.40971e+23
0.87967  1.41077e+23
1.46634  1.32187e+23
2.05301  1.21824e+23
2.63968  1.116e+23
3.22635  9.45233e+22
3.81302  7.88014e+22
4.39969  6.76595e+22
4.98636  5.29922e+22
5.57303  4.00276e+22
6.1597  3.10204e+22
6.74637  2.06872e+22
7.33304  1.30272e+22
7.91971  9.46913e+21
8.50638  6.12979e+21
9.09305  4.42605e+21
9.67972  3.36105e+21
10.2664  3.51084e+21
10.8531  4.73314e+21
11.4397  4.11076e+21
12.0264  4.81336e+21
12.6131  5.67265e+21
13.1997  3.76652e+21
13.7864  3.77859e+21
14.3731  4.13289e+21
14.9597  2.27544e+21
15.5464  2.10558e+21
16.1331  1.86515e+21
16.7198  8.23235e+20
17.3064  8.90443e+20
17.8931  7.9397e+20
18.4798  5.24128e+20
19.0664  9.92916e+20
19.6531  8.53324e+20
20.2398  8.52349e+20
20.8265  1.21986e+21
21.4131  1.04556e+21
21.9998  9.48551e+20
22.5865  1.33093e+21
23.1731  1.21885e+21
23.7598  8.82416e+20
24.3465  8.85243e+20
24.9331  6.96942e+20
25.5198  4.72619e+20
26.1065  5.40058e+20
26.6931  4.66092e+20
27.2798  2.61541e+20
27.8665  4.34278e+20
28.4532  3.32852e+20
29.0398  3.06751e+20
29.6265  5.43076e+20
30.2132  3.91772e+20
30.7998  2.45557e+20
31.3865  6.31073e+20
31.9732  4.39038e+20
32.5599  2.64966e+20
33.1465  5.45325e+20
33.7332  4.36922e+20
34.3199  2.35495e+20
34.9065  5.16469e+20
35.4932  3.797e+20
36.0799  1.85665e+20
36.6665  2.86706e+20
37.2532  2.81813e+20
37.8399  1.61593e+20
38.4265  2.2422e+20
39.0132  2.07244e+20
39.5999  1.56001e+20
40.1866  1.70386e+20
40.7732  2.46321e+20
41.3599  1.27122e+20
41.9466  1.92027e+20
42.5332  3.34167e+20
43.1199  1.50791e+20
43.7066  1.94636e+20
44.2933  3.65942e+20
44.8799  1.17326e+20
45.4666  2.13755e+20
46.0533  4.35004e+20
46.6399  1.9344e+20
47.2266  1.30388e+20
47.8133  2.65883e+20
48.3999  8.99216e+19
48.9866  6.93604e+19
49.5733  1.94108e+20
50.1599  1.37042e+20
50.7466  4.26052e+19
51.3333  1.41036e+20
51.92  1.02726e+20
52.5066  5.27925e+19
53.0933  1.13094e+20
53.68  1.79651e+20
54.2666  6.49363e+19
54.8533  1.69505e+20
55.44  1.22891e+20
56.0266  8.33024e+19
56.6133  9.69398e+19
57.2  1.42668e+20
57.7867  8.01619e+19
58.3733  1.1763e+20
58.96  9.12826e+19
59.5467  2.25947e+20
60.1333  1.12753e+20
60.72  1.2384e+20
61.3067  1.92369e+20
61.8933  8.63046e+19
62.48  7.63028e+19
63.0667  2.89137e+20
63.6534  8.92739e+19
64.24  6.81774e+19
64.8267  1.59246e+20
65.4134  7.97393e+19
66  1.26763e+20
66.5867  1.66559e+20
67.1734  7.31551e+19
67.7601  9.99565e+19
68.3467  7.65155e+19
68.9334  1.16723e+20
69.5201  2.04606e+20
70.1067  4.27596e+19
70.6934  4.46025e+19
71.2801  9.47033e+19
71.8667  1.76162e+19
72.4534  6.61486e+19
73.0401  1.58009e+20
73.6268  4.72974e+19
74.2134  4.63948e+19
74.8001  7.41337e+19
75.3868  8.70562e+19
75.9734  5.09528e+19
76.5601  4.36045e+19
77.1468  5.20692e+19
77.7334  3.79314e+19
78.3201  4.05895e+18
78.9068  6.75403e+19
79.4934  1.15007e+20
80.0801  2.54219e+19
80.6668  3.76375e+19
81.2535  8.64225e+19
81.8401  1.86591e+19
82.4268  1.10252e+19
83.0135  7.8772e+19
83.6001  4.31901e+19
84.1868  4.19081e+19
84.7735  3.60998e+19
85.3602  6.37117e+19
85.9468  5.99888e+19
86.5335  3.52203e+19
87.1202  5.29218e+19
87.7068  7.01818e+19
88.2935  1.50084e+19
88.8802  2.07263e+19
89.4668  5.91632e+19
90.0535  7.1536e+19
90.6402  4.52101e+19
91.2268  5.47187e+19
91.8135  5.01304e+19
92.4002  2.32172e+18
92.9869  2.84066e+19
93.5735  9.52445e+19
94.1602  3.13156e+19
94.7469  2.3999e+19
95.3335  2.81417e+19
95.9202  2.41578e+19
96.5069  4.94991e+19
97.0935  6.94226e+19
97.6802  4.51068e+19
98.2669  2.60637e+19
98.8536  2.14818e+19
99.4402  2.30257e+19
100.027  5.1593e+19
100.614  3.2372e+19
101.2  3.53871e+19
101.787  4.98599e+19
102.374  6.95446e+19
102.96  7.56746e+18
103.547  6.05428e+19
104.134  1.92583e+19
104.72  8.32896e+19
105.307  3.28367e+19
105.894  6.01799e+19
106.48  1.15992e+19
107.067  2.63344e+19
107.654  1.68969e+19
108.24  1.68606e+20
108.827  2.38618e+19
109.414  2.99068e+19
110  9.08595e+18
110.587  4.09071e+19
111.174  3.12566e+19
111.76  1.33059e+20
112.347  2.63938e+19
112.934  1.79443e+19
113.52  5.52569e+17
114.107  7.37097e+19
114.694  6.51849e+19
115.28  7.91286e+19
115.867  1.29949e+19
116.454  3.84423e+19
117.04  3.11377e+19
117.627  4.74809e+19
118.214  4.42287e+19
118.8  6.80276e+19
119.387  1.56987e+19
119.974  5.25088e+19
120.56  7.23709e+19
121.147  4.55952e+19
121.734  2.85617e+19
122.32  5.52135e+19
122.907  6.75306e+19
123.494  2.53692e+19
124.08  5.30642e+19
124.667  5.22156e+19
125.254  2.86659e+19
125.84  5.24354e+19
126.427  1.16963e+20
127.014  3.02692e+19
127.6  6.86311e+19
128.187  2.66195e+19
128.774  6.71293e+19
129.36  2.60917e+19
129.947  1.20583e+20
130.534  3.54891e+19
131.12  6.53092e+19
131.707  1.86425e+19
132.294  7.49698e+19
132.88  1.61104e+19
133.467  1.61233e+20
134.054  3.44196e+19
134.64  6.00816e+19
135.227  5.98225e+18
135.814  7.00663e+19
136.4  2.48509e+19
136.987  1.35214e+20
137.574  4.30241e+19
138.16  5.14835e+19
138.747  2.29147e+18
139.334  1.04639e+20
139.92  5.74443e+19
140.507  8.56775e+19
141.094  3.21924e+19
141.68  6.99587e+19
142.267  4.21033e+18
142.854  9.64066e+19
143.44  7.8555e+19
144.027  5.2464e+19
144.614  3.32074e+19
145.2  1.26898e+20
145.787  3.86013e+19
146.374  4.45796e+19
146.96  6.52278e+19
147.547  5.99446e+19
148.134  4.83537e+19
148.721  1.29567e+20
149.307  5.59007e+19
149.894  2.33144e+19
150.481  4.36976e+19
151.067  9.35674e+19
151.654  1.06001e+20
152.241  7.74486e+19
152.827  5.2612e+19
153.414  2.09016e+19
154.001  5.11046e+19
154.587  1.10094e+20
155.174  1.20753e+20
155.761  4.53922e+19
156.347  6.18479e+19
156.934  4.21303e+19
157.521  6.72797e+19
158.107  8.3448e+19
158.694  1.45551e+20
159.281  2.15687e+19
159.867  7.53233e+19
160.454  7.03825e+19
161.041  6.52054e+19
161.627  6.34701e+19
162.214  1.30082e+20
162.801  3.26275e+19
163.387  6.95508e+19
163.974  6.08765e+19
164.561  6.81085e+19
165.147  6.90517e+19
165.734  1.36239e+20
166.321  4.29839e+19
166.907  5.40916e+19
167.494  5.77708e+19
168.081  4.96972e+19
168.667  9.16376e+19
169.254  1.08541e+20
169.841  3.87962e+19
170.427  6.59818e+19
171.014  7.12324e+19
171.601  4.86023e+19
172.187  8.86332e+19
172.774  8.51819e+19
173.361  3.62361e+19
173.947  5.77828e+19
174.534  9.79274e+19
175.121  4.31702e+19
175.707  5.69307e+19
176.294  8.25635e+19
176.881  5.97398e+19
177.467  4.28006e+19
178.054  8.83836e+19
178.641  3.84005e+19
179.227  5.18525e+19
179.814  8.94525e+19
180.401  7.42811e+19
180.987  2.64582e+19
181.574  6.02715e+19
182.161  3.08895e+19
182.747  8.38062e+19
183.334  1.21918e+20
183.921  7.00696e+19
184.507  1.80284e+19
185.094  4.72088e+19
185.681  3.87612e+19
186.267  9.04363e+19
186.854  1.36936e+20
187.441  4.59036e+19
188.027  1.4625e+19
188.614  5.42476e+19
189.201  7.1734e+19
189.787  7.42945e+19
190.374  1.16889e+20
190.961  5.26748e+19
191.547  2.14248e+19
192.134  4.5798e+19
192.721  8.78151e+19
193.307  4.40692e+19
193.894  5.61021e+19
194.481  6.7884e+19
195.067  4.85866e+19
195.654  4.42598e+19
196.241  7.49354e+19
196.827  3.1873e+19
197.414  3.44859e+19
198.001  5.81443e+19
198.587  9.77363e+19
199.174  4.51747e+19
199.761  5.86242e+19
200.347  2.74296e+19
200.934  2.67891e+19
201.521  5.4798e+19
202.107  8.93531e+19
202.694  3.75485e+19
203.281  7.77478e+19
203.867  3.64064e+19
204.454  3.19568e+19
205.041  3.98322e+19
205.627  3.76724e+19
206.214  2.22104e+19
206.801  6.04083e+19
207.388  7.27569e+19
207.974  4.367e+19
208.561  3.79515e+19
209.148  1.42847e+19
209.734  1.43257e+19
210.321  5.8684e+19
210.908  1.01387e+20
211.494  7.08105e+19
212.081  3.94752e+19
212.668  6.8231e+18
213.254  4.52325e+19
213.841  3.35303e+19
214.428  6.85539e+19
215.014  7.36551e+19
215.601  3.15082e+19
216.188  1.6078e+19
216.774  1.17776e+20
217.361  1.94237e+19
217.948  8.13274e+19
218.534  3.12659e+19
219.121  3.6083e+19
219.708  3.48395e+19
220.294  1.38597e+20
220.881  1.96623e+19
221.468  9.16011e+19
222.054  1.99668e+19
222.641  4.08927e+19
223.228  5.8634e+19
223.814  1.03814e+20
224.401  1.34553e+19
224.988  1.03573e+20
225.574  2.94347e+19
226.161  5.91942e+19
226.748  7.32367e+19
227.334  9.47523e+19
227.921  2.55147e+19
228.508  6.88696e+19
229.094  4.70132e+19
229.681  6.19176e+19
230.268  3.95905e+19
230.854  1.22427e+20
231.441  4.04926e+19
232.028  6.64425e+19
232.614  8.23598e+19
233.201  4.80236e+19
233.788  5.81989e+19
234.374  6.93241e+19
