#S 1 spectral density
#N 2
#UFWHM 27.5735
#L  abscissas [um]  spectral density
-234.375  5.64463e+18
-233.788  1.33179e+20
-233.202  9.42959e+19
-232.615  7.52984e+19
-232.028  1.40511e+20
-231.442  2.20922e+19
-230.855  2.32731e+19
-230.268  8.53689e+19
-229.682  9.71518e+19
-229.095  1.42754e+19
-228.508  5.38534e+19
-227.922  2.95303e+19
-227.335  6.37294e+19
-226.748  6.42483e+19
-226.162  1.74083e+20
-225.575  2.69918e+19
-224.988  9.85501e+18
-224.402  5.00916e+19
-223.815  8.18377e+19
-223.228  3.9662e+19
-222.642  2.01864e+20
-222.055  7.41838e+19
-221.468  8.30169e+19
-220.882  9.82985e+19
-220.295  1.16511e+20
-219.708  4.60267e+19
-219.122  8.56675e+19
-218.535  4.15112e+19
-217.948  8.90046e+19
-217.362  8.02633e+19
-216.775  1.67275e+20
-216.188  9.80508e+19
-215.602  1.05368e+19
-215.015  3.5687e+19
-214.428  2.16382e+19
-213.842  1.51525e+19
-213.255  1.02954e+20
-212.668  9.4737e+19
-212.082  6.7632e+19
-211.495  1.16268e+20
-210.908  8.23833e+19
-210.322  7.48215e+19
-209.735  1.56676e+19
-209.148  3.36111e+19
-208.562  7.74356e+19
-207.975  1.09956e+20
-207.388  1.37042e+20
-206.802  1.38412e+20
-206.215  3.06588e+19
-205.628  2.8603e+19
-205.041  2.66799e+19
-204.455  4.11072e+19
-203.868  5.52131e+19
-203.281  6.22242e+19
-202.695  3.43986e+19
-202.108  4.2173e+19
-201.521  3.22312e+19
-200.935  8.10503e+19
-200.348  3.82084e+19
-199.761  4.28545e+19
-199.175  1.99919e+19
-198.588  2.77571e+19
-198.001  3.99812e+19
-197.415  1.05897e+20
-196.828  6.51941e+19
-196.241  8.96313e+19
-195.655  7.81646e+19
-195.068  9.88273e+19
-194.481  1.05524e+20
-193.895  1.05858e+20
-193.308  2.9556e+19
-192.721  4.3688e+19
-192.135  7.77385e+19
-191.548  1.48449e+20
-190.961  1.96486e+20
-190.375  1.51767e+20
-189.788  6.11788e+19
-189.201  4.93374e+19
-188.615  3.23128e+19
-188.028  1.03535e+20
-187.441  1.50152e+20
-186.855  9.28133e+19
-186.268  9.46526e+19
-185.681  1.5803e+20
-185.095  1.39541e+20
-184.508  1.67708e+20
-183.921  1.35053e+20
-183.335  2.32408e+19
-182.748  3.29853e+19
-182.161  1.39299e+20
-181.575  1.90072e+20
-180.988  1.90648e+20
-180.401  1.66342e+20
-179.815  7.85883e+19
-179.228  4.6687e+19
-178.641  7.70509e+19
-178.055  1.03487e+20
-177.468  5.49893e+19
-176.881  9.44464e+19
-176.295  4.97754e+19
-175.708  7.56735e+19
-175.121  7.83993e+19
-174.535  8.67892e+19
-173.948  4.02236e+19
-173.361  1.13083e+20
-172.775  1.68849e+19
-172.188  3.87911e+19
-171.601  4.72358e+19
-171.015  5.86409e+19
-170.428  6.40753e+19
-169.841  1.94116e+20
-169.255  1.03129e+20
-168.668  6.99714e+19
-168.081  7.36059e+19
-167.495  7.12684e+19
-166.908  6.00649e+19
-166.321  1.3962e+20
-165.735  1.25689e+20
-165.148  9.72701e+19
-164.561  1.14953e+20
-163.975  1.64593e+20
-163.388  1.67819e+20
-162.801  1.21412e+20
-162.215  1.01317e+20
-161.628  7.20953e+19
-161.041  5.41535e+19
-160.455  1.23182e+20
-159.868  2.26785e+20
-159.281  1.67663e+20
-158.695  1.34102e+20
-158.108  1.39467e+20
-157.521  8.181e+19
-156.935  5.42316e+19
-156.348  1.80244e+20
-155.761  1.39333e+20
-155.175  1.11103e+20
-154.588  1.97693e+20
-154.001  1.64822e+20
-153.415  7.55407e+19
-152.828  1.52011e+20
-152.241  8.48795e+19
-151.655  2.99281e+19
-151.068  1.23571e+20
-150.481  1.38266e+20
-149.895  7.21611e+19
-149.308  1.24607e+20
-148.721  7.65244e+19
-148.135  2.30019e+19
-147.548  7.00656e+19
-146.961  1.01119e+20
-146.375  4.26086e+19
-145.788  6.89221e+19
-145.201  5.99429e+19
-144.614  4.56168e+19
-144.028  8.50213e+19
-143.441  1.1562e+20
-142.854  6.64484e+19
-142.268  7.1306e+19
-141.681  6.48627e+19
-141.094  7.20477e+19
-140.508  9.86271e+19
-139.921  9.17263e+19
-139.334  9.26093e+19
-138.748  1.15059e+20
-138.161  1.20465e+20
-137.574  1.65224e+20
-136.988  1.60448e+20
-136.401  8.80993e+19
-135.814  7.68388e+19
-135.228  1.50011e+20
-134.641  1.66441e+20
-134.054  2.08108e+20
-133.468  2.52204e+20
-132.881  1.68042e+20
-132.294  8.25494e+19
-131.708  2.35684e+20
-131.121  1.8799e+20
-130.534  1.3949e+20
-129.948  2.55591e+20
-129.361  1.97947e+20
-128.774  1.21601e+20
-128.188  3.6243e+20
-127.601  2.37063e+20
-127.014  1.22881e+20
-126.428  2.01292e+20
-125.841  1.43563e+20
-125.254  1.25893e+20
-124.668  3.20432e+20
-124.081  2.04832e+20
-123.494  1.40956e+20
-122.908  1.27885e+20
-122.321  8.87636e+19
-121.734  1.19391e+20
-121.148  1.79607e+20
-120.561  1.15614e+20
-119.974  1.21488e+20
-119.388  8.59998e+19
-118.801  8.06667e+19
-118.214  1.32065e+20
-117.628  1.22776e+20
-117.041  6.4643e+19
-116.454  8.77998e+19
-115.868  1.00615e+20
-115.281  9.60526e+19
-114.694  1.11634e+20
-114.108  1.31849e+20
-113.521  8.72081e+19
-112.934  8.86668e+19
-112.348  1.60593e+20
-111.761  1.77195e+20
-111.174  1.07314e+20
-110.588  1.2433e+20
-110.001  1.71947e+20
-109.414  1.19719e+20
-108.828  2.25604e+20
-108.241  3.28714e+20
-107.654  1.72108e+20
-107.068  1.3314e+20
-106.481  3.00541e+20
-105.894  1.65116e+20
-105.308  2.62247e+20
-104.721  4.17972e+20
-104.134  2.34922e+20
-103.548  1.99505e+20
-102.961  4.11358e+20
-102.374  2.74277e+20
-101.788  3.47376e+20
-101.201  3.89231e+20
-100.614  2.73586e+20
-100.028  2.66995e+20
-99.4409  3.99527e+20
-98.8542  3.73607e+20
-98.2676  4.15374e+20
-97.6809  2.76627e+20
-97.0942  2.69776e+20
-96.5075  2.45256e+20
-95.9209  2.60234e+20
-95.3342  3.4937e+20
-94.7475  3.76381e+20
-94.1609  1.73185e+20
-93.5742  2.31775e+20
-92.9875  1.97597e+20
-92.4009  1.56277e+20
-91.8142  2.38647e+20
-91.2275  2.67548e+20
-90.6409  1.26074e+20
-90.0542  1.73448e+20
-89.4675  1.81458e+20
-88.8808  1.53381e+20
-88.2942  1.60154e+20
-87.7075  1.97402e+20
-87.1208  1.33114e+20
-86.5342  1.47546e+20
-85.9475  2.00657e+20
-85.3608  2.0953e+20
-84.7741  1.83394e+20
-84.1875  2.08145e+20
-83.6008  2.31476e+20
-83.0141  2.44591e+20
-82.4275  2.67712e+20
-81.8408  3.32973e+20
-81.2541  2.88159e+20
-80.6675  2.69147e+20
-80.0808  4.06563e+20
-79.4941  4.37502e+20
-78.9074  3.94142e+20
-78.3208  5.47984e+20
-77.7341  4.09534e+20
-77.1474  3.49881e+20
-76.5608  5.58947e+20
-75.9741  5.83507e+20
-75.3874  5.43642e+20
-74.8008  7.8902e+20
-74.2141  5.36957e+20
-73.6274  4.75347e+20
-73.0408  6.32628e+20
-72.4541  6.45887e+20
-71.8674  6.35662e+20
-71.2807  9.19411e+20
-70.6941  6.36358e+20
-70.1074  6.01362e+20
-69.5207  6.05723e+20
-68.9341  6.13229e+20
-68.3474  5.82735e+20
-67.7607  8.18887e+20
-67.174  6.05489e+20
-66.5874  5.94914e+20
-66.0007  4.99793e+20
-65.414  5.39898e+20
-64.8274  4.62787e+20
-64.2407  6.30535e+20
-63.654  5.15816e+20
-63.0674  4.91547e+20
-62.4807  3.9734e+20
-61.894  4.35763e+20
-61.3073  3.43524e+20
-60.7207  4.96449e+20
-60.134  4.68577e+20
-59.5473  4.21446e+20
-58.9607  4.18964e+20
-58.374  4.05461e+20
-57.7873  3.3361e+20
-57.2007  5.24679e+20
-56.614  5.88284e+20
-56.0273  5.03804e+20
-55.4407  6.68714e+20
-54.854  6.08549e+20
-54.2673  4.84521e+20
-53.6806  7.53786e+20
-53.094  9.2758e+20
-52.5073  7.56116e+20
-51.9206  1.15532e+21
-51.334  1.11355e+21
-50.7473  8.11523e+20
-50.1606  1.17307e+21
-49.5739  1.4293e+21
-48.9873  1.12801e+21
-48.4006  1.77738e+21
-47.8139  1.83919e+21
-47.2273  1.31492e+21
-46.6406  1.73791e+21
-46.0539  1.9997e+21
-45.4673  1.55412e+21
-44.8806  2.30043e+21
-44.2939  2.47866e+21
-43.7072  1.84211e+21
-43.1206  2.24353e+21
-42.5339  2.44738e+21
-41.9472  1.93177e+21
-41.3606  2.52576e+21
-40.7739  2.76619e+21
-40.1872  2.14451e+21
-39.6006  2.37584e+21
-39.0139  2.52948e+21
-38.4272  2.0952e+21
-37.8406  2.36749e+21
-37.2539  2.69267e+21
-36.6672  2.22579e+21
-36.0805  2.23736e+21
-35.4939  2.45843e+21
-34.9072  2.20467e+21
-34.3205  2.11722e+21
-33.7339  2.56903e+21
-33.1472  2.29052e+21
-32.5605  2.12624e+21
-31.9738  2.5333e+21
-31.3872  2.50998e+21
-30.8005  2.18603e+21
-30.2138  2.80723e+21
-29.6272  2.69249e+21
-29.0405  2.55691e+21
-28.4538  3.21314e+21
-27.8672  3.39806e+21
-27.2805  3.12558e+21
-26.6938  3.91202e+21
-26.1072  3.96002e+21
-25.5205  4.22261e+21
-24.9338  5.16948e+21
-24.3471  5.56239e+21
-23.7605  5.66727e+21
-23.1738  6.47539e+21
-22.5871  6.67096e+21
-22.0005  7.60487e+21
-21.4138  8.78903e+21
-20.8271  9.5599e+21
-20.2404  1.02735e+22
-19.6538  1.0873e+22
-19.0671  1.13209e+22
-18.4804  1.28863e+22
-17.8938  1.40596e+22
-17.3071  1.54769e+22
-16.7204  1.67498e+22
-16.1338  1.68863e+22
-15.5471  1.77282e+22
-14.9604  1.9526e+22
-14.3737  2.04759e+22
-13.7871  2.27552e+22
-13.2004  2.42618e+22
-12.6137  2.39847e+22
-12.0271  2.52895e+22
-11.4404  2.66679e+22
-10.8537  2.72768e+22
-10.2671  3.0301e+22
-9.68039  3.17021e+22
-9.09372  3.1392e+22
-8.50705  3.30053e+22
-7.92038  3.35524e+22
-7.33371  3.3828e+22
-6.74704  3.67591e+22
-6.16037  3.76878e+22
-5.5737  3.77118e+22
-4.98703  3.90345e+22
-4.40036  3.86909e+22
-3.81369  3.87485e+22
-3.22702  4.05846e+22
-2.64035  4.10012e+22
-2.05368  4.1494e+22
-1.46701  4.19749e+22
-0.88034  4.12066e+22
-0.29367  4.10093e+22
0.293  4.09796e+22
0.87967  4.11034e+22
1.46634  4.18502e+22
2.05301  4.13158e+22
2.63968  4.08029e+22
3.22635  4.0315e+22
3.81302  3.84354e+22
4.39969  3.8306e+22
4.98636  3.86206e+22
5.57303  3.72689e+22
6.1597  3.72209e+22
6.74637  3.62313e+22
7.33304  3.32926e+22
7.91971  3.29572e+22
8.50638  3.23941e+22
9.09305  3.0779e+22
9.67972  3.10643e+22
10.2664  2.96292e+22
10.8531  2.66312e+22
11.4397  2.59762e+22
12.0264  2.46155e+22
12.6131  2.33261e+22
13.1997  2.35813e+22
13.7864  2.20671e+22
14.3731  1.98292e+22
14.9597  1.88528e+22
15.5464  1.70999e+22
16.1331  1.62802e+22
16.7198  1.61374e+22
17.3064  1.48773e+22
17.8931  1.34977e+22
18.4798  1.23266e+22
19.0664  1.08193e+22
19.6531  1.03943e+22
20.2398  9.80711e+21
20.8265  9.11995e+21
21.4131  8.37764e+21
21.9998  7.21559e+21
22.5865  6.33647e+21
23.1731  6.16392e+21
23.7598  5.37488e+21
24.3465  5.29471e+21
24.9331  4.92531e+21
25.5198  4.00359e+21
26.1065  3.77955e+21
26.6931  3.75435e+21
27.2798  2.98348e+21
27.8665  3.27303e+21
28.4532  3.10629e+21
29.0398  2.47047e+21
29.6265  2.62758e+21
30.2132  2.76113e+21
30.7998  2.14508e+21
31.3865  2.47967e+21
31.9732  2.51252e+21
32.5599  2.11616e+21
33.1465  2.28639e+21
33.7332  2.57723e+21
34.3199  2.11993e+21
34.9065  2.21147e+21
35.4932  2.46667e+21
36.0799  2.24781e+21
36.6665  2.23225e+21
37.2532  2.70449e+21
37.8399  2.36833e+21
38.4265  2.09868e+21
39.0132  2.52878e+21
39.5999  2.37058e+21
40.1866  2.134e+21
40.7732  2.75501e+21
41.3599  2.50014e+21
41.9466  1.91352e+21
42.5332  2.42272e+21
43.1199  2.21006e+21
43.7066  1.80836e+21
44.2933  2.43899e+21
44.8799  2.2471e+21
45.4666  1.51591e+21
46.0533  1.95567e+21
46.6399  1.68631e+21
47.2266  1.27102e+21
47.8133  1.78449e+21
48.3999  1.714e+21
48.9866  1.08408e+21
49.5733  1.38219e+21
50.1599  1.12231e+21
50.7466  7.73896e+20
51.3333  1.06503e+21
51.92  1.10291e+21
52.5066  7.20135e+20
53.0933  8.92439e+20
53.68  7.18363e+20
54.2666  4.61329e+20
54.8533  5.80386e+20
55.44  6.39186e+20
56.0266  4.84224e+20
56.6133  5.72675e+20
57.2  5.09694e+20
57.7867  3.26951e+20
58.3733  4.00931e+20
58.96  4.12505e+20
59.5467  4.20047e+20
60.1333  4.70846e+20
60.72  4.98188e+20
61.3067  3.49803e+20
61.8933  4.46964e+20
62.48  4.04538e+20
63.0667  5.02375e+20
63.6534  5.25376e+20
64.24  6.39022e+20
64.8267  4.73748e+20
65.4134  5.54602e+20
66  5.08787e+20
66.5867  6.07093e+20
67.1734  6.11509e+20
67.7601  8.2326e+20
68.3467  5.88597e+20
68.9334  6.22128e+20
69.5201  6.0846e+20
70.1067  6.05482e+20
70.6934  6.33459e+20
71.2801  9.12539e+20
71.8667  6.3059e+20
72.4534  6.44789e+20
73.0401  6.25129e+20
73.6268  4.69037e+20
74.2134  5.26702e+20
74.8001  7.71974e+20
75.3868  5.30088e+20
75.9734  5.7454e+20
76.5601  5.44317e+20
77.1468  3.37431e+20
77.7334  3.96166e+20
78.3201  5.27997e+20
78.9068  3.79223e+20
79.4934  4.25025e+20
80.0801  3.91474e+20
80.6668  2.56668e+20
81.2535  2.75315e+20
81.8401  3.17607e+20
82.4268  2.57657e+20
83.0135  2.34614e+20
83.6001  2.224e+20
84.1868  2.02317e+20
84.7735  1.76759e+20
85.3602  2.03209e+20
85.9468  1.97996e+20
86.5335  1.45385e+20
87.1202  1.31498e+20
87.7068  2.00639e+20
88.2935  1.62688e+20
88.8802  1.54159e+20
89.4668  1.84163e+20
90.0535  1.77543e+20
90.6402  1.28348e+20
91.2268  2.76136e+20
91.8135  2.47145e+20
92.4002  1.60839e+20
92.9869  2.02102e+20
93.5735  2.37245e+20
94.1602  1.76294e+20
94.7469  3.85221e+20
95.3335  3.58223e+20
95.9202  2.6614e+20
96.5069  2.47927e+20
97.0935  2.71852e+20
97.6802  2.7732e+20
98.2669  4.19117e+20
98.8536  3.78056e+20
99.4402  4.02212e+20
100.027  2.65235e+20
100.614  2.70015e+20
101.2  3.8426e+20
101.787  3.44157e+20
102.374  2.73678e+20
102.96  4.08466e+20
103.547  1.94512e+20
104.134  2.27997e+20
104.72  4.08021e+20
105.307  2.55169e+20
105.894  1.61912e+20
106.48  2.94232e+20
107.067  1.27892e+20
107.654  1.64848e+20
108.24  3.17444e+20
108.827  2.16972e+20
109.414  1.15785e+20
110  1.656e+20
110.587  1.20726e+20
111.174  1.03603e+20
111.76  1.70413e+20
112.347  1.53375e+20
112.934  8.68319e+19
113.52  8.45055e+19
114.107  1.30733e+20
114.694  1.12655e+20
115.28  9.51145e+19
115.867  9.688e+19
116.454  8.8979e+19
117.04  6.5788e+19
117.627  1.24631e+20
118.214  1.35323e+20
118.8  8.26029e+19
119.387  8.56028e+19
119.974  1.24437e+20
120.56  1.19531e+20
121.147  1.84765e+20
121.734  1.23219e+20
122.32  9.12929e+19
122.907  1.28436e+20
123.494  1.4366e+20
124.08  2.09895e+20
124.667  3.26388e+20
125.254  1.29899e+20
125.84  1.44985e+20
126.427  1.99115e+20
127.014  1.23683e+20
127.6  2.39988e+20
128.187  3.64462e+20
128.774  1.23965e+20
129.36  1.9693e+20
129.947  2.48933e+20
130.534  1.37105e+20
131.12  1.88284e+20
131.707  2.34281e+20
132.294  8.23554e+19
132.88  1.65623e+20
133.467  2.43906e+20
134.054  2.01888e+20
134.64  1.6477e+20
135.227  1.4687e+20
135.814  7.40375e+19
136.4  8.48664e+19
136.987  1.53674e+20
137.574  1.58453e+20
138.16  1.1798e+20
138.747  1.10931e+20
139.334  8.95081e+19
139.92  8.84534e+19
140.507  9.51585e+19
141.094  6.98153e+19
141.68  6.43001e+19
142.267  6.93935e+19
142.854  6.57141e+19
143.44  1.13514e+20
144.027  8.4055e+19
144.614  4.68056e+19
145.2  6.1699e+19
145.787  7.05318e+19
146.374  4.38715e+19
146.96  1.02493e+20
147.547  7.02114e+19
148.134  2.37626e+19
148.721  7.90283e+19
149.307  1.28335e+20
149.894  7.44872e+19
150.481  1.43611e+20
151.067  1.25512e+20
151.654  3.0261e+19
152.241  8.60298e+19
152.827  1.55541e+20
153.414  7.79088e+19
154.001  1.70076e+20
154.587  2.00136e+20
155.174  1.10416e+20
155.761  1.37262e+20
156.347  1.81708e+20
156.934  5.5052e+19
157.521  8.35879e+19
158.107  1.41365e+20
158.694  1.32928e+20
159.281  1.64935e+20
159.867  2.25724e+20
160.454  1.21753e+20
161.041  5.29694e+19
161.627  7.15043e+19
162.214  9.95211e+19
162.801  1.1959e+20
163.387  1.6589e+20
163.974  1.62239e+20
164.561  1.11722e+20
165.147  9.3674e+19
165.734  1.21546e+20
166.321  1.34867e+20
166.907  5.97262e+19
167.494  7.12097e+19
168.081  7.15009e+19
168.667  6.8478e+19
169.254  9.94924e+19
169.841  1.86678e+20
170.427  6.47965e+19
171.014  6.08816e+19
171.601  4.81537e+19
172.187  3.96405e+19
172.774  1.61674e+19
173.361  1.08582e+20
173.947  4.01562e+19
174.534  8.97281e+19
175.121  8.10317e+19
175.707  7.57284e+19
176.294  5.13913e+19
176.881  9.53042e+19
177.467  5.55491e+19
178.054  1.06422e+20
178.641  7.85704e+19
179.227  4.66386e+19
179.814  8.10764e+19
180.401  1.69949e+20
180.987  1.93522e+20
181.574  1.9108e+20
182.161  1.37694e+20
182.747  3.22182e+19
183.334  2.31617e+19
183.921  1.36409e+20
184.507  1.69994e+20
185.094  1.4075e+20
185.681  1.57147e+20
186.267  9.32753e+19
186.854  9.06434e+19
187.441  1.47959e+20
188.027  1.00971e+20
188.614  3.33677e+19
189.201  5.06435e+19
189.787  6.05355e+19
190.374  1.494e+20
190.961  1.9361e+20
191.547  1.43057e+20
192.134  7.52706e+19
192.721  4.32711e+19
193.307  2.83703e+19
193.894  1.03911e+20
194.481  1.04631e+20
195.067  9.59676e+19
195.654  7.54518e+19
196.241  8.79797e+19
196.827  6.35291e+19
197.414  1.0566e+20
198.001  4.12077e+19
198.587  2.79243e+19
199.174  1.97536e+19
199.761  4.1177e+19
200.347  3.67278e+19
200.934  8.06256e+19
201.521  3.29209e+19
202.107  4.35341e+19
202.694  3.5556e+19
203.281  6.37857e+19
203.867  5.66795e+19
204.454  3.96797e+19
205.041  2.56978e+19
205.627  2.93439e+19
206.214  3.13925e+19
206.801  1.43841e+20
207.388  1.42081e+20
207.974  1.09962e+20
208.561  7.60561e+19
209.148  3.38681e+19
209.734  1.54817e+19
210.321  7.77496e+19
210.908  8.5531e+19
211.494  1.17315e+20
212.081  6.68671e+19
212.668  9.64246e+19
213.254  1.04312e+20
213.841  1.46249e+19
214.428  2.14192e+19
215.014  3.6159e+19
215.601  1.08275e+19
216.188  1.00314e+20
216.774  1.70504e+20
217.361  7.95923e+19
217.948  8.66753e+19
218.534  4.04992e+19
219.121  8.54421e+19
219.708  4.69984e+19
220.294  1.20201e+20
220.881  9.87749e+19
221.468  8.05753e+19
222.054  7.20084e+19
222.641  1.99124e+20
223.228  3.85703e+19
223.814  8.45692e+19
224.401  5.16279e+19
224.988  9.74947e+18
225.574  2.62768e+19
226.161  1.72253e+20
226.748  6.21559e+19
227.334  6.4022e+19
227.921  3.03511e+19
228.508  5.27268e+19
229.094  1.40041e+19
229.681  9.89477e+19
230.268  8.55178e+19
230.854  2.28193e+19
231.441  2.18182e+19
232.028  1.36295e+20
232.614  7.30799e+19
233.201  9.7581e+19
233.788  1.36707e+20
234.374  5.85562e+18
