#S 1 spectral density
#N 2
#UFWHM 15.8401
#L  abscissas [um]  spectral density
-234.375  3.74105e+19
-233.788  2.83369e+19
-233.202  5.3881e+19
-232.615  1.83595e+19
-232.028  4.16426e+19
-231.442  3.27492e+19
-230.855  3.84537e+19
-230.268  2.48659e+19
-229.682  7.20639e+19
-229.095  1.01897e+19
-228.508  5.17642e+19
-227.922  2.21089e+19
-227.335  3.8715e+19
-226.748  1.8729e+19
-226.162  5.88379e+19
-225.575  9.0397e+18
-224.988  6.09566e+19
-224.402  1.68395e+19
-223.815  4.91105e+19
-223.228  8.52997e+18
-222.642  4.12625e+19
-222.055  4.88999e+18
-221.468  6.80251e+19
-220.882  5.44513e+18
-220.295  6.13069e+19
-219.708  6.27842e+18
-219.122  3.30432e+19
-218.535  6.81874e+18
-217.948  4.53819e+19
-217.362  3.36181e+18
-216.775  5.72825e+19
-216.188  5.22918e+18
-215.602  3.52273e+19
-215.015  2.4643e+19
-214.428  2.75162e+19
-213.842  9.37099e+18
-213.255  3.15398e+19
-212.668  5.86572e+18
-212.082  4.51101e+19
-211.495  3.05433e+19
-210.908  1.93924e+19
-210.322  1.68048e+19
-209.735  1.83769e+19
-209.148  1.17264e+19
-208.562  4.00403e+19
-207.975  1.86863e+19
-207.388  2.23869e+19
-206.802  2.05929e+19
-206.215  2.45244e+19
-205.628  1.5269e+19
-205.041  2.4495e+19
-204.455  6.1933e+18
-203.868  1.59746e+19
-203.281  2.16016e+19
-202.695  2.88422e+19
-202.108  2.14716e+19
-201.521  1.69039e+19
-200.935  3.41631e+18
-200.348  1.77766e+19
-199.761  4.21411e+19
-199.175  1.66385e+19
-198.588  2.01177e+19
-198.001  7.70573e+18
-197.415  7.43654e+18
-196.828  1.57021e+19
-196.241  4.15737e+19
-195.655  2.5209e+18
-195.068  1.88991e+19
-194.481  1.71323e+19
-193.895  1.93808e+19
-193.308  1.07218e+19
-192.721  2.73773e+19
-192.135  7.84202e+18
-191.548  2.56858e+19
-190.961  1.79536e+19
-190.375  2.04272e+19
-189.788  1.48055e+19
-189.201  1.79815e+19
-188.615  1.00673e+19
-188.028  5.01762e+19
-187.441  1.24608e+19
-186.855  1.46735e+19
-186.268  1.35184e+19
-185.681  2.77603e+19
-185.095  1.01923e+19
-184.508  5.27113e+19
-183.921  1.36781e+19
-183.335  1.75204e+19
-182.748  1.06856e+19
-182.161  4.51776e+19
-181.575  9.71131e+18
-180.988  2.89469e+19
-180.401  1.49241e+19
-179.815  3.76823e+19
-179.228  3.75591e+19
-178.641  4.17708e+19
-178.055  2.01456e+19
-177.468  3.53747e+19
-176.881  1.00775e+18
-176.295  3.62979e+19
-175.708  6.45369e+19
-175.121  1.22956e+19
-174.535  2.36681e+19
-173.948  6.15568e+19
-173.361  1.73487e+19
-172.775  1.61069e+19
-172.188  7.29088e+19
-171.601  2.81837e+19
-171.015  4.13453e+19
-170.428  3.612e+19
-169.841  3.22159e+19
-169.255  6.49468e+18
-168.668  3.5442e+19
-168.081  5.61721e+19
-167.495  1.01913e+20
-166.908  7.07055e+18
-166.321  2.18699e+19
-165.735  3.49495e+19
-165.148  4.88099e+19
-164.561  4.50429e+19
-163.975  1.07459e+20
-163.388  1.05802e+19
-162.801  1.35282e+19
-162.215  2.91082e+19
-161.628  1.14097e+20
-161.041  4.44597e+19
-160.455  4.66412e+19
-159.868  4.87205e+19
-159.281  7.04543e+19
-158.695  1.40263e+19
-158.108  1.11224e+20
-157.521  3.30297e+19
-156.935  2.95584e+19
-156.348  3.93591e+19
-155.761  1.20065e+20
-155.175  6.58501e+19
-154.588  3.89395e+19
-154.001  1.71077e+19
-153.415  1.15257e+20
-152.828  1.68666e+19
-152.241  9.65435e+19
-151.655  1.11415e+20
-151.068  6.9967e+18
-150.481  1.49683e+19
-149.895  1.64152e+20
-149.308  5.45418e+19
-148.721  3.49567e+19
-148.135  6.57054e+19
-147.548  6.163e+19
-146.961  8.7301e+19
-146.375  1.11106e+20
-145.788  6.2599e+19
-145.201  3.97083e+19
-144.614  2.01859e+19
-144.028  6.76405e+19
-143.441  1.90362e+20
-142.854  5.61241e+19
-142.268  1.11696e+19
-141.681  8.38801e+19
-141.094  4.45828e+19
-140.508  4.00982e+19
-139.921  1.88238e+20
-139.334  3.77058e+19
-138.748  2.43298e+19
-138.161  7.14952e+19
-137.574  1.08235e+20
-136.988  4.62895e+19
-136.401  7.47906e+19
-135.814  2.57221e+19
-135.228  8.0108e+19
-134.641  2.82379e+19
-134.054  1.32444e+20
-133.468  7.89217e+19
-132.881  2.61242e+19
-132.294  2.32172e+19
-131.708  8.89021e+19
-131.121  1.127e+19
-130.534  8.83415e+19
-129.948  6.25971e+19
-129.361  4.77786e+19
-128.774  2.87415e+19
-128.188  6.65799e+19
-127.601  4.04813e+19
-127.014  6.27883e+19
-126.428  3.91256e+19
-125.841  5.85557e+19
-125.254  2.68075e+19
-124.668  4.37841e+19
-124.081  6.48529e+19
-123.494  7.86412e+19
-122.908  3.00111e+19
-122.321  6.15823e+19
-121.734  6.1628e+19
-121.148  6.35521e+19
-120.561  4.61347e+19
-119.974  1.08189e+20
-119.388  3.1871e+19
-118.801  6.78035e+19
-118.214  1.1942e+20
-117.628  9.42432e+19
-117.041  2.25722e+19
-116.454  1.00526e+20
-115.868  3.06146e+19
-115.281  1.28569e+20
-114.694  1.2759e+20
-114.108  1.0786e+20
-113.521  5.62925e+19
-112.934  5.33854e+19
-112.348  5.63482e+19
-111.761  1.61916e+20
-111.174  5.48524e+19
-110.588  8.76695e+19
-110.001  5.90774e+19
-109.414  3.01808e+19
-108.828  8.47702e+19
-108.241  1.29864e+20
-107.654  2.88827e+19
-107.068  6.14886e+19
-106.481  4.98826e+19
-105.894  4.40866e+19
-105.308  5.89816e+19
-104.721  8.68063e+19
-104.134  5.37066e+19
-103.548  4.94365e+19
-102.961  4.91476e+19
-102.374  6.82022e+19
-101.788  2.20515e+19
-101.201  6.78007e+19
-100.614  1.46322e+20
-100.028  7.25092e+19
-99.4409  5.47778e+19
-98.8542  1.7482e+20
-98.2676  5.09474e+19
-97.6809  6.0326e+19
-97.0942  2.00967e+20
-96.5075  9.2986e+19
-95.9209  4.79658e+19
-95.3342  2.21631e+20
-94.7475  1.9363e+20
-94.1609  1.03645e+20
-93.5742  1.25048e+20
-92.9875  1.39801e+20
-92.4009  5.53877e+19
-91.8142  1.42038e+20
-91.2275  2.63804e+20
-90.6409  1.53203e+20
-90.0542  5.4973e+19
-89.4675  1.27805e+20
-88.8808  6.81779e+19
-88.2942  5.89938e+19
-87.7075  1.29127e+20
-87.1208  9.76233e+19
-86.5342  6.0015e+19
-85.9475  1.18048e+20
-85.3608  8.5497e+19
-84.7741  6.78434e+19
-84.1875  1.22545e+20
-83.6008  7.57916e+19
-83.0141  1.00607e+20
-82.4275  1.61941e+20
-81.8408  9.80906e+19
-81.2541  1.13351e+20
-80.6675  2.13998e+20
-80.0808  2.38222e+20
-79.4941  2.64177e+20
-78.9074  1.53364e+20
-78.3208  2.84077e+20
-77.7341  2.39975e+20
-77.1474  1.49099e+20
-76.5608  4.00301e+20
-75.9741  3.80848e+20
-75.3874  9.45879e+19
-74.8008  4.25367e+20
-74.2141  3.63588e+20
-73.6274  1.25148e+20
-73.0408  2.58229e+20
-72.4541  2.73836e+20
-71.8674  8.43786e+19
-71.2807  2.16806e+20
-70.6941  2.80587e+20
-70.1074  1.70166e+20
-69.5207  9.57023e+19
-68.9341  1.83068e+20
-68.3474  1.74945e+20
-67.7607  9.90909e+19
-67.174  1.6259e+20
-66.5874  1.54449e+20
-66.0007  1.54869e+20
-65.414  3.24044e+20
-64.8274  3.40495e+20
-64.2407  2.53759e+20
-63.654  4.08499e+20
-63.0674  3.02794e+20
-62.4807  3.10832e+20
-61.894  6.17188e+20
-61.3073  4.41038e+20
-60.7207  3.70882e+20
-60.134  7.1192e+20
-59.5473  5.07475e+20
-58.9607  4.56489e+20
-58.374  7.24473e+20
-57.7873  3.8631e+20
-57.2007  3.52253e+20
-56.614  5.43551e+20
-56.0273  4.01822e+20
-55.4407  3.61771e+20
-54.854  4.20675e+20
-54.2673  2.40286e+20
-53.6806  2.85396e+20
-53.094  2.46496e+20
-52.5073  2.53501e+20
-51.9206  2.15939e+20
-51.334  1.84181e+20
-50.7473  2.52693e+20
-50.1606  3.41036e+20
-49.5739  3.25788e+20
-48.9873  4.27342e+20
-48.4006  3.8025e+20
-47.8139  4.24631e+20
-47.2273  5.92335e+20
-46.6406  5.91398e+20
-46.0539  6.83547e+20
-45.4673  7.76985e+20
-44.8806  7.3904e+20
-44.2939  8.29346e+20
-43.7072  9.74546e+20
-43.1206  8.39554e+20
-42.5339  9.06678e+20
-41.9472  9.16408e+20
-41.3606  8.69787e+20
-40.7739  9.23408e+20
-40.1872  9.80517e+20
-39.6006  7.55001e+20
-39.0139  7.79701e+20
-38.4272  7.02287e+20
-37.8406  6.05865e+20
-37.2539  6.42725e+20
-36.6672  6.76474e+20
-36.0805  4.25876e+20
-35.4939  5.08739e+20
-34.9072  5.74754e+20
-34.3205  5.12734e+20
-33.7339  5.75836e+20
-33.1472  7.72172e+20
-32.5605  6.65666e+20
-31.9738  8.0127e+20
-31.3872  1.19264e+21
-30.8005  1.36293e+21
-30.2138  1.40164e+21
-29.6272  1.73601e+21
-29.0405  1.88802e+21
-28.4538  1.90258e+21
-27.8672  2.27965e+21
-27.2805  2.63617e+21
-26.6938  2.57999e+21
-26.1072  2.64716e+21
-25.5205  2.90941e+21
-24.9338  2.75066e+21
-24.3471  2.6479e+21
-23.7605  2.84003e+21
-23.1738  2.67668e+21
-22.5871  2.28452e+21
-22.0005  2.43997e+21
-21.4138  2.25528e+21
-20.8271  1.95705e+21
-20.2404  1.99813e+21
-19.6538  1.93995e+21
-19.0671  1.7929e+21
-18.4804  2.14305e+21
-17.8938  2.11718e+21
-17.3071  2.68096e+21
-16.7204  3.26888e+21
-16.1338  3.55245e+21
-15.5471  5.02305e+21
-14.9604  6.5549e+21
-14.3737  6.833e+21
-13.7871  9.61538e+21
-13.2004  1.18518e+22
-12.6137  1.24551e+22
-12.0271  1.67245e+22
-11.4404  2.03949e+22
-10.8537  2.07115e+22
-10.2671  2.60302e+22
-9.68039  3.01317e+22
-9.09372  3.04077e+22
-8.50705  3.681e+22
-7.92038  4.21878e+22
-7.33371  4.19983e+22
-6.74704  4.83847e+22
-6.16037  5.33759e+22
-5.5737  5.25505e+22
-4.98703  5.8668e+22
-4.40036  6.44232e+22
-3.81369  6.30931e+22
-3.22702  6.75615e+22
-2.64035  7.20499e+22
-2.05368  6.94895e+22
-1.46701  7.20103e+22
-0.88034  7.65598e+22
-0.29367  7.36328e+22
0.293  7.35575e+22
0.87967  7.63177e+22
1.46634  7.16544e+22
2.05301  6.89382e+22
2.63968  7.13428e+22
3.22635  6.67551e+22
3.81302  6.22018e+22
4.39969  6.33776e+22
4.98636  5.76139e+22
5.57303  5.14241e+22
6.1597  5.21296e+22
6.74637  4.71441e+22
7.33304  4.07943e+22
7.91971  4.08895e+22
8.50638  3.56072e+22
9.09305  2.92687e+22
9.67972  2.89412e+22
10.2664  2.49285e+22
10.8531  1.9738e+22
11.4397  1.93978e+22
12.0264  1.58635e+22
12.6131  1.17307e+22
13.1997  1.11468e+22
13.7864  9.01338e+21
14.3731  6.36884e+21
14.9597  6.11694e+21
15.5464  4.67929e+21
16.1331  3.31723e+21
16.7198  3.06997e+21
17.3064  2.53472e+21
17.8931  2.04486e+21
18.4798  2.09459e+21
19.0664  1.77036e+21
19.6531  1.95727e+21
20.2398  2.0283e+21
20.8265  1.99466e+21
21.4131  2.29964e+21
21.9998  2.4872e+21
22.5865  2.32413e+21
23.1731  2.70771e+21
23.7598  2.86158e+21
24.3465  2.66635e+21
24.9331  2.74342e+21
25.5198  2.89227e+21
26.1065  2.61862e+21
26.6931  2.53305e+21
27.2798  2.57917e+21
27.8665  2.22646e+21
28.4532  1.8386e+21
29.0398  1.82216e+21
29.6265  1.66581e+21
30.2132  1.33622e+21
30.7998  1.29839e+21
31.3865  1.13411e+21
31.9732  7.61153e+20
32.5599  6.31945e+20
33.1465  7.39541e+20
33.7332  5.60148e+20
34.3199  5.00102e+20
34.9065  5.66262e+20
35.4932  5.16445e+20
36.0799  4.35154e+20
36.6665  6.9489e+20
37.2532  6.62124e+20
37.8399  6.22326e+20
38.4265  7.24568e+20
39.0132  7.97644e+20
39.5999  7.63781e+20
40.1866  1.00112e+21
40.7732  9.31476e+20
41.3599  8.69193e+20
41.9466  9.20739e+20
42.5332  9.04614e+20
43.1199  8.25236e+20
43.7066  9.6846e+20
44.2933  8.17579e+20
44.8799  7.1789e+20
45.4666  7.55583e+20
46.0533  6.64468e+20
46.6399  5.66561e+20
47.2266  5.70974e+20
47.8133  4.07919e+20
48.3999  3.62787e+20
48.9866  4.08106e+20
49.5733  3.10767e+20
50.1599  3.32132e+20
50.7466  2.44265e+20
51.3333  1.81784e+20
51.92  2.18575e+20
52.5066  2.56676e+20
53.0933  2.51495e+20
53.68  2.9412e+20
54.2666  2.47888e+20
54.8533  4.34797e+20
55.44  3.70418e+20
56.0266  4.12574e+20
56.6133  5.58242e+20
57.2  3.58062e+20
57.7867  3.89737e+20
58.3733  7.34671e+20
58.96  4.55413e+20
59.5467  5.05612e+20
60.1333  7.11158e+20
60.72  3.62767e+20
61.3067  4.28782e+20
61.8933  6.07085e+20
62.48  3.02758e+20
63.0667  2.92582e+20
63.6534  3.96713e+20
64.24  2.43382e+20
64.8267  3.27126e+20
65.4134  3.11318e+20
66  1.47986e+20
66.5867  1.50169e+20
67.1734  1.60847e+20
67.7601  9.68112e+19
68.3467  1.74005e+20
68.9334  1.85485e+20
69.5201  9.75779e+19
70.1067  1.74642e+20
70.6934  2.90132e+20
71.2801  2.24309e+20
71.8667  8.72872e+19
72.4534  2.78428e+20
73.0401  2.62822e+20
73.6268  1.28803e+20
74.2134  3.69616e+20
74.8001  4.32843e+20
75.3868  9.50346e+19
75.9734  3.76884e+20
76.5601  3.95862e+20
77.1468  1.4703e+20
77.7334  2.36634e+20
78.3201  2.82133e+20
78.9068  1.49092e+20
79.4934  2.56699e+20
80.0801  2.3105e+20
80.6668  2.08429e+20
81.2535  1.09125e+20
81.8401  9.62948e+19
82.4268  1.55031e+20
83.0135  9.64527e+19
83.6001  7.45404e+19
84.1868  1.18269e+20
84.7735  6.78616e+19
85.3602  8.83532e+19
85.9468  1.17353e+20
86.5335  6.05646e+19
87.1202  1.00296e+20
87.7068  1.31241e+20
88.2935  6.06659e+19
88.8802  7.01898e+19
89.4668  1.3101e+20
90.0535  5.53192e+19
90.6402  1.55704e+20
91.2268  2.67133e+20
91.8135  1.43685e+20
92.4002  5.66313e+19
92.9869  1.40008e+20
93.5735  1.21873e+20
94.1602  1.04451e+20
94.7469  1.93254e+20
95.3335  2.19563e+20
95.9202  4.77066e+19
96.5069  9.05742e+19
97.0935  1.94772e+20
97.6802  6.03262e+19
98.2669  5.0654e+19
98.8536  1.71471e+20
99.4402  5.30217e+19
100.027  6.96178e+19
100.614  1.40643e+20
101.2  6.65212e+19
101.787  2.22875e+19
102.374  6.7968e+19
102.96  4.78311e+19
103.547  4.76816e+19
104.134  5.18724e+19
104.72  8.6438e+19
105.307  6.04584e+19
105.894  4.54353e+19
106.48  4.98408e+19
107.067  6.14888e+19
107.654  2.82153e+19
108.24  1.30324e+20
108.827  8.77281e+19
109.414  3.12078e+19
110  5.93938e+19
110.587  8.82348e+19
111.174  5.62621e+19
111.76  1.62329e+20
112.347  5.76133e+19
112.934  5.36175e+19
113.52  5.5785e+19
114.107  1.06706e+20
114.694  1.30696e+20
115.28  1.29949e+20
115.867  2.97511e+19
116.454  9.87834e+19
117.04  2.18531e+19
117.627  9.1787e+19
118.214  1.21258e+20
118.8  6.97543e+19
119.387  3.06164e+19
119.974  1.0503e+20
120.56  4.48745e+19
121.147  6.27561e+19
121.734  6.27662e+19
122.32  6.2878e+19
122.907  2.91662e+19
123.494  7.56551e+19
124.08  6.29799e+19
124.667  4.48947e+19
125.254  2.73598e+19
125.84  5.99933e+19
126.427  3.85475e+19
127.014  6.10102e+19
127.6  3.96371e+19
128.187  6.85978e+19
128.774  2.85917e+19
129.36  4.94084e+19
129.947  6.23733e+19
130.534  8.85874e+19
131.12  1.12855e+19
131.707  9.1442e+19
132.294  2.27205e+19
132.88  2.59704e+19
133.467  7.84605e+19
134.054  1.35382e+20
134.64  2.91607e+19
135.227  8.21477e+19
135.814  2.52033e+19
136.4  7.39374e+19
136.987  4.56585e+19
137.574  1.11281e+20
138.16  7.30027e+19
138.747  2.49569e+19
139.334  3.65591e+19
139.92  1.88696e+20
140.507  4.06834e+19
141.094  4.6216e+19
141.68  8.5279e+19
142.267  1.08099e+19
142.854  5.47441e+19
143.44  1.91554e+20
144.027  6.85808e+19
144.614  1.95131e+19
145.2  4.01352e+19
145.787  6.22487e+19
146.374  1.12434e+20
146.96  8.88055e+19
147.547  6.20655e+19
148.134  6.35536e+19
148.721  3.36611e+19
149.307  5.44252e+19
149.894  1.67292e+20
150.481  1.55262e+19
151.067  7.08427e+18
151.654  1.09346e+20
152.241  9.56562e+19
152.827  1.72732e+19
153.414  1.17863e+20
154.001  1.64955e+19
154.587  3.76547e+19
155.174  6.44781e+19
155.761  1.20965e+20
156.347  3.90992e+19
156.934  3.06082e+19
157.521  3.19958e+19
158.107  1.09536e+20
158.694  1.41274e+19
159.281  7.18636e+19
159.867  4.75849e+19
160.454  4.57704e+19
161.041  4.27558e+19
161.627  1.13779e+20
162.214  2.9809e+19
162.801  1.38805e+19
163.387  1.02006e+19
163.974  1.05735e+20
164.561  4.38542e+19
165.147  4.92437e+19
165.734  3.50661e+19
166.321  2.09642e+19
166.907  6.78899e+18
167.494  1.00985e+20
168.081  5.57677e+19
168.667  3.47454e+19
169.254  6.62787e+18
169.841  3.11316e+19
170.427  3.5678e+19
171.014  4.16814e+19
171.601  2.80769e+19
172.187  7.01975e+19
172.774  1.55216e+19
173.361  1.68516e+19
173.947  6.1527e+19
174.534  2.43406e+19
175.121  1.2137e+19
175.707  6.22385e+19
176.294  3.50969e+19
176.881  1.04264e+18
177.467  3.5633e+19
178.054  2.01314e+19
178.641  4.11507e+19
179.227  3.64744e+19
179.814  3.68399e+19
180.401  1.49172e+19
180.987  2.85343e+19
181.574  9.6397e+18
182.161  4.41194e+19
182.747  1.04763e+19
183.334  1.74878e+19
183.921  1.35539e+19
184.507  5.07379e+19
185.094  9.93025e+18
185.681  2.69595e+19
186.267  1.40215e+19
186.854  1.47091e+19
187.441  1.27682e+19
188.027  4.81391e+19
188.614  9.65595e+18
189.201  1.73334e+19
189.787  1.51059e+19
190.374  2.01308e+19
190.961  1.84193e+19
191.547  2.49028e+19
192.134  7.62678e+18
192.721  2.6672e+19
193.307  1.04547e+19
193.894  1.92765e+19
194.481  1.69133e+19
195.067  1.90366e+19
195.654  2.42086e+18
196.241  4.09688e+19
196.827  1.52634e+19
197.414  7.60624e+18
198.001  7.54781e+18
198.587  2.08123e+19
199.174  1.64725e+19
199.761  4.15281e+19
200.347  1.78465e+19
200.934  3.47717e+18
201.521  1.7143e+19
202.107  2.2291e+19
202.694  2.85351e+19
203.281  2.16281e+19
203.867  1.65412e+19
204.454  6.3943e+18
205.041  2.45188e+19
205.627  1.55751e+19
206.214  2.42208e+19
206.801  2.09667e+19
207.388  2.28436e+19
207.974  1.92228e+19
208.561  4.10474e+19
209.148  1.19639e+19
209.734  1.86368e+19
210.321  1.72085e+19
210.908  1.99318e+19
211.494  3.08791e+19
212.081  4.68487e+19
212.668  6.01549e+18
213.254  3.28071e+19
213.841  9.6714e+18
214.428  2.853e+19
215.014  2.43753e+19
215.601  3.63071e+19
216.188  5.3497e+18
216.774  5.93637e+19
217.361  3.37522e+18
217.948  4.72656e+19
218.534  6.74815e+18
219.121  3.37834e+19
219.708  6.21086e+18
220.294  6.27443e+19
220.881  5.41718e+18
221.468  7.0185e+19
222.054  4.96493e+18
222.641  4.25274e+19
223.228  8.70627e+18
223.814  4.99673e+19
224.401  1.68785e+19
224.988  6.184e+19
225.574  8.84591e+18
226.161  6.03182e+19
226.748  1.93363e+19
227.334  3.9465e+19
227.921  2.19493e+19
228.508  5.232e+19
229.094  1.01918e+19
229.681  7.24355e+19
230.268  2.5378e+19
230.854  3.91398e+19
231.441  3.26569e+19
232.028  4.2109e+19
232.614  1.88482e+19
233.201  5.31435e+19
233.788  2.8311e+19
234.374  3.76634e+19
