#S 1 spectral density
#N 2
#UFWHM 8.80005
#L  abscissas [um]  spectral density
-234.375  8.46333e+19
-233.788  5.56731e+19
-233.202  2.88926e+19
-232.615  4.58409e+19
-232.028  1.05914e+20
-231.442  9.22929e+19
-230.855  7.97588e+19
-230.268  2.37685e+19
-229.682  5.88121e+19
-229.095  3.19213e+19
-228.508  1.3796e+20
-227.922  5.2582e+19
-227.335  3.41705e+19
-226.748  3.08211e+19
-226.162  1.28777e+20
-225.575  2.66114e+19
-224.988  1.28118e+20
-224.402  1.98532e+19
-223.815  3.26783e+19
-223.228  2.18343e+19
-222.642  1.45168e+20
-222.055  2.66465e+19
-221.468  5.92237e+19
-220.882  1.2856e+19
-220.295  7.29139e+19
-219.708  2.46299e+19
-219.122  1.18918e+20
-218.535  2.46982e+19
-217.948  2.48608e+19
-217.362  1.73044e+19
-216.775  1.18545e+20
-216.188  1.94703e+19
-215.602  9.18689e+19
-215.015  8.96289e+18
-214.428  1.987e+19
-213.842  4.83919e+19
-213.255  7.29423e+19
-212.668  1.39435e+19
-212.082  7.84603e+19
-211.495  3.39399e+18
-210.908  4.28719e+19
-210.322  9.73492e+19
-209.735  3.44711e+19
-209.148  1.99098e+19
-208.562  4.64607e+19
-207.975  1.03594e+19
-207.388  4.63671e+19
-206.802  7.31599e+19
-206.215  2.61041e+19
-205.628  3.11632e+19
-205.041  3.06463e+19
-204.455  2.74594e+19
-203.868  5.18124e+19
-203.281  2.51342e+19
-202.695  2.7239e+19
-202.108  5.43875e+19
-201.521  2.55273e+19
-200.935  3.50442e+19
-200.348  5.35758e+19
-199.761  1.02843e+19
-199.175  2.08362e+19
-198.588  8.70696e+19
-198.001  2.34544e+19
-197.415  3.7261e+19
-196.828  4.56631e+19
-196.241  1.19007e+19
-195.655  1.68951e+19
-195.068  7.69059e+19
-194.481  1.73313e+19
-193.895  3.75381e+19
-193.308  3.91533e+19
-192.721  1.28577e+19
-192.135  3.9786e+19
-191.548  5.59748e+19
-190.961  1.32085e+19
-190.375  3.48869e+19
-189.788  4.60908e+19
-189.201  7.19704e+18
-188.615  4.30539e+19
-188.028  4.8827e+19
-187.441  2.15426e+19
-186.855  3.50959e+19
-186.268  4.53693e+19
-185.681  1.07043e+19
-185.095  4.77284e+19
-184.508  4.16023e+19
-183.921  2.64665e+19
-183.335  5.50209e+19
-182.748  2.79323e+19
-182.161  1.87419e+19
-181.575  5.05539e+19
-180.988  3.97091e+19
-180.401  2.46784e+19
-179.815  6.58913e+19
-179.228  1.76423e+19
-178.641  3.48215e+19
-178.055  5.89235e+19
-177.468  5.4355e+19
-176.881  2.10556e+19
-176.295  9.32896e+19
-175.708  1.23838e+19
-175.121  4.34849e+19
-174.535  4.59628e+19
-173.948  5.57097e+19
-173.361  3.81216e+19
-172.775  1.28388e+20
-172.188  1.35573e+19
-171.601  5.24306e+19
-171.015  3.36554e+19
-170.428  5.10514e+19
-169.841  3.34259e+19
-169.255  1.72759e+20
-168.668  4.53236e+18
-168.081  4.20897e+19
-167.495  3.75998e+19
-166.908  5.96185e+19
-166.321  2.78689e+19
-165.735  1.71689e+20
-165.148  2.21226e+18
-164.561  5.62393e+19
-163.975  3.44402e+19
-163.388  7.76655e+19
-162.801  2.27574e+19
-162.215  1.42307e+20
-161.628  3.76798e+18
-161.041  6.53791e+19
-160.455  4.96775e+19
-159.868  6.62894e+19
-159.281  1.6433e+19
-158.695  1.49211e+20
-158.108  1.19523e+19
-157.521  6.94413e+19
-156.935  5.22973e+19
-156.348  5.26919e+19
-155.761  1.8871e+19
-155.175  1.52984e+20
-154.588  6.4128e+19
-154.001  2.92167e+19
-153.415  2.80506e+19
-152.828  7.42178e+19
-152.241  2.76268e+19
-151.655  1.13789e+20
-151.068  1.13203e+20
-150.481  1.46408e+19
-149.895  1.49597e+19
-149.308  8.24629e+19
-148.721  8.88703e+19
-148.135  3.70419e+19
-147.548  9.88937e+19
-146.961  2.9611e+19
-146.375  1.25918e+19
-145.788  6.16743e+19
-145.201  1.37192e+20
-144.614  1.66522e+19
-144.028  9.70295e+19
-143.441  4.45804e+19
-142.854  2.83841e+19
-142.268  3.31155e+19
-141.681  1.28978e+20
-141.094  1.80795e+19
-140.508  1.07241e+20
-139.921  3.29074e+19
-139.334  3.84608e+19
-138.748  3.17557e+19
-138.161  1.53697e+20
-137.574  3.02244e+19
-136.988  6.91743e+19
-136.401  1.85312e+19
-135.814  3.49783e+19
-135.228  2.22757e+19
-134.641  1.62349e+20
-134.054  3.08955e+19
-133.468  4.38911e+19
-132.881  1.55629e+19
-132.294  7.14149e+19
-131.708  2.89318e+19
-131.121  9.28877e+19
-130.534  2.41059e+19
-129.948  4.70966e+19
-129.361  1.30756e+19
-128.774  7.86625e+19
-128.188  2.91629e+19
-127.601  4.38243e+19
-127.014  3.66044e+19
-126.428  8.29805e+19
-125.841  3.40013e+19
-125.254  2.87328e+19
-124.668  2.21608e+19
-124.081  2.6935e+19
-123.494  7.67191e+19
-122.908  7.56358e+19
-122.321  1.77488e+19
-121.734  1.54193e+19
-121.148  4.34415e+18
-120.561  4.39168e+19
-119.974  1.47535e+20
-119.388  4.10363e+19
-118.801  1.11159e+18
-118.214  2.07815e+19
-117.628  1.99479e+19
-117.041  5.64463e+19
-116.454  1.06705e+20
-115.868  4.69384e+19
-115.281  1.54292e+19
-114.694  1.35631e+19
-114.108  5.48408e+19
-113.521  6.05663e+19
-112.934  6.39527e+19
-112.348  5.34774e+19
-111.761  1.96818e+19
-111.174  4.07775e+19
-110.588  2.25886e+19
-110.001  1.59646e+19
-109.414  8.18612e+19
-108.828  4.80186e+19
-108.241  1.12424e+19
-107.654  6.00752e+19
-107.068  1.0167e+19
-106.481  1.30916e+19
-105.894  7.06715e+19
-105.308  3.77771e+19
-104.721  1.22239e+19
-104.134  1.22118e+19
-103.548  2.86578e+19
-102.961  3.89151e+19
-102.374  5.93152e+19
-101.788  3.81724e+19
-101.201  3.87602e+19
-100.614  2.19352e+19
-100.028  2.13269e+19
-99.4409  3.98306e+19
-98.8542  3.98881e+19
-98.2676  3.84988e+19
-97.6809  5.91449e+19
-97.0942  3.04079e+19
-96.5075  5.3959e+19
-95.9209  1.73193e+19
-95.3342  3.1024e+19
-94.7475  1.15128e+20
-94.1609  3.07859e+19
-93.5742  1.41731e+19
-92.9875  6.07765e+19
-92.4009  1.56393e+19
-91.8142  5.26515e+19
-91.2275  9.73024e+19
-90.6409  5.68452e+19
-90.0542  2.0504e+19
-89.4675  9.68255e+18
-88.8808  9.7365e+19
-88.2942  8.68408e+19
-87.7075  8.7673e+18
-87.1208  6.96704e+19
-86.5342  4.76914e+19
-85.9475  2.11907e+19
-85.3608  9.13648e+19
-84.7741  1.01251e+20
-84.1875  3.85531e+19
-83.6008  2.77547e+19
-83.0141  5.56572e+19
-82.4275  9.25743e+19
-81.8408  2.94586e+19
-81.2541  5.74971e+19
-80.6675  8.8649e+19
-80.0808  7.22144e+19
-79.4941  5.98899e+19
-78.9074  1.0531e+20
-78.3208  8.68874e+19
-77.7341  3.08001e+19
-77.1474  4.72275e+19
-76.5608  1.39627e+20
-75.9741  4.39711e+19
-75.3874  4.71499e+19
-74.8008  1.46008e+20
-74.2141  9.98355e+19
-73.6274  5.09656e+19
-73.0408  1.43073e+20
-72.4541  1.02977e+20
-71.8674  2.42414e+19
-71.2807  7.9312e+19
-70.6941  1.26191e+20
-70.1074  8.36104e+19
-69.5207  9.51281e+19
-68.9341  1.59825e+20
-68.3474  1.17826e+20
-67.7607  4.14425e+19
-67.174  1.28941e+20
-66.5874  1.83741e+20
-66.0007  6.45233e+19
-65.414  9.51212e+19
-64.8274  1.75677e+20
-64.2407  4.94872e+19
-63.654  6.76717e+19
-63.0674  2.71881e+20
-62.4807  8.38193e+19
-61.894  1.38691e+19
-61.3073  2.39419e+20
-60.7207  1.10914e+20
-60.134  8.58468e+19
-59.5473  2.71102e+20
-58.9607  1.23984e+20
-58.374  3.9476e+19
-57.7873  1.28388e+20
-57.2007  8.4647e+19
-56.614  1.09791e+20
-56.0273  1.29217e+20
-55.4407  1.34713e+20
-54.854  1.30054e+20
-54.2673  9.48527e+19
-53.6806  1.13041e+20
-53.094  1.97328e+20
-52.5073  1.35159e+20
-51.9206  1.8382e+20
-51.334  1.8275e+20
-50.7473  1.09143e+20
-50.1606  1.22802e+20
-49.5739  2.95217e+20
-48.9873  1.25436e+20
-48.4006  1.45429e+20
-47.8139  2.71649e+20
-47.2273  1.47237e+20
-46.6406  1.50679e+20
-46.0539  5.20428e+20
-45.4673  1.82709e+20
-44.8806  1.29161e+20
-44.2939  3.40747e+20
-43.7072  1.93155e+20
-43.1206  1.18682e+20
-42.5339  4.44911e+20
-41.9472  1.71214e+20
-41.3606  9.55944e+19
-40.7739  1.90913e+20
-40.1872  1.75754e+20
-39.6006  9.10085e+19
-39.0139  3.14042e+20
-38.4272  2.76524e+20
-37.8406  1.98069e+20
-37.2539  3.47616e+20
-36.6672  3.50128e+20
-36.0805  2.20602e+20
-35.4939  6.21549e+20
-34.9072  6.38112e+20
-34.3205  3.85528e+20
-33.7339  6.2974e+20
-33.1472  5.14277e+20
-32.5605  2.02316e+20
-31.9738  5.19645e+20
-31.3872  4.95429e+20
-30.8005  2.01033e+20
-30.2138  3.46722e+20
-29.6272  3.42565e+20
-29.0405  2.05694e+20
-28.4538  3.31132e+20
-27.8672  4.65119e+20
-27.2805  4.86366e+20
-26.6938  6.36439e+20
-26.1072  9.47305e+20
-25.5205  8.51848e+20
-24.9338  9.37888e+20
-24.3471  1.40524e+21
-23.7605  1.22181e+21
-23.1738  1.36789e+21
-22.5871  1.62333e+21
-22.0005  9.80416e+20
-21.4138  8.84454e+20
-20.8271  1.07209e+21
-20.2404  6.44529e+20
-19.6538  8.7945e+20
-19.0671  8.45271e+20
-18.4804  9.42947e+20
-17.8938  1.49912e+21
-17.3071  1.70934e+21
-16.7204  2.37496e+21
-16.1338  2.99962e+21
-15.5471  2.95431e+21
-14.9604  4.03299e+21
-14.3737  4.50791e+21
-13.7871  4.19653e+21
-13.2004  4.85139e+21
-12.6137  4.42243e+21
-12.0271  3.59272e+21
-11.4404  3.97525e+21
-10.8537  3.72281e+21
-10.2671  3.364e+21
-9.68039  5.01284e+21
-9.09372  7.05654e+21
-8.50705  9.79005e+21
-7.92038  1.50627e+22
-7.33371  2.18582e+22
-6.74704  2.90053e+22
-6.16037  3.94162e+22
-5.5737  5.09185e+22
-4.98703  6.13247e+22
-4.40036  7.31964e+22
-3.81369  8.53782e+22
-3.22702  9.563e+22
-2.64035  1.06379e+23
-2.05368  1.1572e+23
-1.46701  1.21859e+23
-0.88034  1.25904e+23
-0.29367  1.27645e+23
0.293  1.27373e+23
0.87967  1.25203e+23
1.46634  1.20763e+23
2.05301  1.14216e+23
2.63968  1.04575e+23
3.22635  9.3675e+22
3.81302  8.31939e+22
4.39969  7.09757e+22
4.98636  5.92164e+22
5.57303  4.88768e+22
6.1597  3.75825e+22
6.74637  2.7506e+22
7.33304  2.05713e+22
7.91971  1.40823e+22
8.50638  9.11859e+21
9.09305  6.60285e+21
9.67972  4.77327e+21
10.2664  3.27648e+21
10.8531  3.73599e+21
11.4397  4.04667e+21
12.0264  3.65535e+21
12.6131  4.48977e+21
13.1997  4.89453e+21
13.7864  4.17099e+21
14.3731  4.47063e+21
14.9597  3.96855e+21
15.5464  2.85892e+21
16.1331  2.89328e+21
16.7198  2.28001e+21
17.3064  1.62251e+21
17.8931  1.42218e+21
18.4798  8.96346e+20
19.0664  8.35405e+20
19.6531  8.74907e+20
20.2398  6.51981e+20
20.8265  1.10297e+21
21.4131  9.08473e+20
21.9998  9.96413e+20
22.5865  1.64199e+21
23.1731  1.38182e+21
23.7598  1.2129e+21
24.3465  1.39544e+21
24.9331  9.20616e+20
25.5198  8.25332e+20
26.1065  9.18299e+20
26.6931  6.15019e+20
27.2798  4.64342e+20
27.8665  4.51829e+20
28.4532  3.23587e+20
29.0398  1.97548e+20
29.6265  3.4176e+20
30.2132  3.54458e+20
30.7998  2.03262e+20
31.3865  5.06153e+20
31.9732  5.35322e+20
32.5599  2.05772e+20
33.1465  5.17519e+20
33.7332  6.35954e+20
34.3199  3.81533e+20
34.9065  6.32001e+20
35.4932  6.20038e+20
36.0799  2.1415e+20
36.6665  3.38746e+20
37.2532  3.39985e+20
37.8399  1.89578e+20
38.4265  2.6718e+20
39.0132  3.12622e+20
39.5999  8.73276e+19
40.1866  1.73008e+20
40.7732  1.91922e+20
41.3599  9.3628e+19
41.9466  1.7122e+20
42.5332  4.53341e+20
43.1199  1.21254e+20
43.7066  1.96415e+20
44.2933  3.4511e+20
44.8799  1.30657e+20
45.4666  1.80309e+20
46.0533  5.22581e+20
46.6399  1.51162e+20
47.2266  1.45066e+20
47.8133  2.68992e+20
48.3999  1.42496e+20
48.9866  1.20469e+20
49.5733  2.92911e+20
50.1599  1.20188e+20
50.7466  1.05484e+20
51.3333  1.81008e+20
51.92  1.7921e+20
52.5066  1.29863e+20
53.0933  1.993e+20
53.68  1.13455e+20
54.2666  9.34733e+19
54.8533  1.32853e+20
55.44  1.35232e+20
56.0266  1.26371e+20
56.6133  1.12544e+20
57.2  8.6665e+19
57.7867  1.29061e+20
58.3733  4.04348e+19
58.96  1.2583e+20
59.5467  2.69175e+20
60.1333  8.79629e+19
60.72  1.12919e+20
61.3067  2.39717e+20
61.8933  1.36417e+19
62.48  8.39165e+19
63.0667  2.67012e+20
63.6534  6.87322e+19
64.24  4.96063e+19
64.8267  1.73359e+20
65.4134  9.33789e+19
66  6.25264e+19
66.5867  1.7978e+20
67.1734  1.29893e+20
67.7601  4.02911e+19
68.3467  1.16847e+20
68.9334  1.56393e+20
69.5201  9.15976e+19
70.1067  8.3105e+19
70.6934  1.27601e+20
71.2801  7.59503e+19
71.8667  2.46056e+19
72.4534  1.0078e+20
73.0401  1.40148e+20
73.6268  5.27751e+19
74.2134  1.01478e+20
74.8001  1.42188e+20
75.3868  4.72014e+19
75.9734  4.33649e+19
76.5601  1.39939e+20
77.1468  4.7835e+19
77.7334  3.06463e+19
78.3201  8.58882e+19
78.9068  1.04759e+20
79.4934  6.04458e+19
80.0801  7.38945e+19
80.6668  8.85963e+19
81.2535  5.56372e+19
81.8401  3.0178e+19
82.4268  9.32878e+19
83.0135  5.65187e+19
83.6001  2.77568e+19
84.1868  3.82447e+19
84.7735  9.97427e+19
85.3602  9.41732e+19
85.9468  2.17153e+19
86.5335  4.85367e+19
87.1202  6.86759e+19
87.7068  8.62644e+18
88.2935  8.66686e+19
88.8802  1.00036e+20
89.4668  9.3519e+18
90.0535  2.11547e+19
90.6402  5.48015e+19
91.2268  9.89652e+19
91.8135  5.40758e+19
92.4002  1.60351e+19
92.9869  6.00429e+19
93.5735  1.46055e+19
94.1602  3.01455e+19
94.7469  1.16591e+20
95.3335  3.10184e+19
95.9202  1.7569e+19
96.5069  5.33479e+19
97.0935  2.99113e+19
97.6802  6.13623e+19
98.2669  3.8702e+19
98.8536  3.85432e+19
99.4402  4.0197e+19
100.027  2.14107e+19
100.614  2.12386e+19
101.2  4.01985e+19
101.787  3.67805e+19
102.374  5.95616e+19
102.96  3.8999e+19
103.547  2.98673e+19
104.134  1.21688e+19
104.72  1.25533e+19
105.307  3.63758e+19
105.894  7.24584e+19
106.48  1.27362e+19
107.067  1.06275e+19
107.654  5.93863e+19
108.24  1.14918e+19
108.827  4.79614e+19
109.414  8.42429e+19
110  1.53435e+19
110.587  2.32699e+19
111.174  3.94907e+19
111.76  1.98914e+19
112.347  5.48595e+19
112.934  6.5209e+19
113.52  5.84265e+19
114.107  5.56873e+19
114.694  1.34523e+19
115.28  1.54439e+19
115.867  4.83109e+19
116.454  1.07633e+20
117.04  5.4598e+19
117.627  1.99036e+19
118.214  2.1588e+19
118.8  1.07788e+18
119.387  4.1471e+19
119.974  1.46772e+20
120.56  4.38696e+19
121.147  4.29712e+18
121.734  1.60426e+19
122.32  1.75778e+19
122.907  7.71488e+19
123.494  7.47722e+19
124.08  2.72012e+19
124.667  2.18675e+19
125.254  2.91146e+19
125.84  3.31123e+19
126.427  8.52208e+19
127.014  3.52258e+19
127.6  4.4302e+19
128.187  2.85106e+19
128.774  7.9946e+19
129.36  1.26733e+19
129.947  4.86042e+19
130.534  2.32314e+19
131.12  9.24652e+19
131.707  2.8019e+19
132.294  7.28542e+19
132.88  1.58531e+19
133.467  4.45193e+19
134.054  3.01576e+19
134.64  1.61198e+20
135.227  2.21176e+19
135.814  3.58939e+19
136.4  1.90538e+19
136.987  6.86044e+19
137.574  2.97725e+19
138.16  1.52107e+20
138.747  3.16021e+19
139.334  3.90996e+19
139.92  3.37937e+19
140.507  1.05367e+20
141.094  1.82342e+19
141.68  1.27584e+20
142.267  3.34562e+19
142.854  2.84992e+19
143.44  4.55871e+19
144.027  9.45985e+19
144.614  1.69982e+19
145.2  1.35513e+20
145.787  6.30097e+19
146.374  1.21929e+19
146.96  3.01724e+19
147.547  9.6235e+19
148.134  3.77447e+19
148.721  8.71419e+19
149.307  8.40299e+19
149.894  1.44087e+19
150.481  1.48884e+19
151.067  1.10232e+20
151.654  1.14387e+20
152.241  2.66983e+19
152.827  7.48254e+19
153.414  2.71687e+19
154.001  2.97075e+19
154.587  6.21962e+19
155.174  1.52572e+20
155.761  1.87277e+19
156.347  5.21893e+19
156.934  5.05157e+19
157.521  6.98602e+19
158.107  1.14954e+19
158.694  1.46959e+20
159.281  1.63217e+19
159.867  6.55215e+19
160.454  4.90589e+19
161.041  6.55621e+19
161.627  3.83772e+18
162.214  1.38261e+20
162.801  2.21695e+19
163.387  7.69576e+19
163.974  3.49777e+19
164.561  5.56178e+19
165.147  2.30649e+18
165.734  1.6661e+20
166.321  2.82637e+19
166.907  5.92222e+19
167.494  3.91158e+19
168.081  4.08112e+19
168.667  4.66619e+18
169.254  1.67587e+20
169.841  3.46308e+19
170.427  4.99923e+19
171.014  3.49241e+19
171.601  5.03968e+19
172.187  1.38811e+19
172.774  1.24637e+20
173.361  3.95193e+19
173.947  5.38828e+19
174.534  4.6782e+19
175.121  4.22217e+19
175.707  1.26874e+19
176.294  9.00779e+19
176.881  2.1394e+19
177.467  5.21958e+19
178.054  5.90833e+19
178.641  3.46195e+19
179.227  1.80372e+19
179.814  6.35115e+19
180.401  2.41919e+19
180.987  3.85193e+19
181.574  5.06003e+19
182.161  1.90017e+19
182.747  2.82026e+19
183.334  5.34347e+19
183.921  2.55912e+19
184.507  4.14622e+19
185.094  4.77229e+19
185.681  1.09065e+19
186.267  4.49393e+19
186.854  3.51766e+19
187.441  2.12426e+19
188.027  4.92979e+19
188.614  4.25387e+19
189.201  7.44048e+18
189.787  4.4558e+19
190.374  3.59858e+19
190.961  1.30826e+19
191.547  5.76521e+19
192.134  3.87921e+19
192.721  1.33037e+19
193.307  3.78238e+19
193.894  3.89319e+19
194.481  1.67501e+19
195.067  7.98343e+19
195.654  1.64268e+19
196.241  1.22772e+19
196.827  4.51874e+19
197.414  3.84331e+19
198.001  2.25068e+19
198.587  8.92089e+19
199.174  2.16422e+19
199.761  1.05529e+19
200.347  5.37011e+19
200.934  3.5895e+19
201.521  2.47019e+19
202.107  5.46643e+19
202.694  2.82566e+19
203.281  2.59319e+19
203.867  5.25187e+19
204.454  2.80071e+19
205.041  3.13017e+19
205.627  3.06342e+19
206.214  2.68245e+19
206.801  7.37564e+19
207.388  4.78621e+19
207.974  1.04264e+19
208.561  4.83349e+19
209.148  1.93096e+19
209.734  3.58083e+19
210.321  9.65694e+19
210.908  4.40689e+19
211.494  3.26367e+18
212.081  8.12132e+19
212.668  1.34748e+19
213.254  7.57372e+19
213.841  4.68344e+19
214.428  2.05437e+19
215.014  8.93341e+18
215.601  9.41755e+19
216.188  1.91721e+19
216.774  1.21414e+20
217.361  1.70736e+19
217.948  2.58245e+19
218.534  2.48224e+19
219.121  1.21257e+20
219.708  2.39588e+19
220.294  7.35695e+19
220.881  1.31921e+19
221.468  6.05502e+19
222.054  2.70238e+19
222.641  1.47458e+20
223.228  2.18468e+19
223.814  3.27839e+19
224.401  2.0444e+19
224.988  1.28367e+20
225.574  2.73514e+19
226.161  1.29467e+20
226.748  3.14911e+19
227.334  3.45507e+19
227.921  5.3947e+19
228.508  1.37535e+20
229.094  3.31052e+19
229.681  5.78824e+19
230.268  2.45559e+19
230.854  7.92881e+19
231.441  9.35377e+19
232.028  1.05144e+20
232.614  4.68155e+19
233.201  2.83742e+19
233.788  5.72502e+19
234.374  8.31374e+19
