#S 1 spectral density
#N 2
#UFWHM 23.4668
#L  abscissas [um]  spectral density
-234.375  1.67003e+19
-233.788  1.4253e+20
-233.202  1.0551e+20
-232.615  1.76402e+19
-232.028  4.96701e+19
-231.442  3.20973e+19
-230.855  3.20183e+19
-230.268  1.29168e+20
-229.682  2.21198e+20
-229.095  5.41722e+19
-228.508  3.67792e+19
-227.922  1.15141e+20
-227.335  6.98219e+19
-226.748  3.62613e+19
-226.162  1.04765e+20
-225.575  1.44149e+19
-224.988  3.24768e+19
-224.402  8.34525e+19
-223.815  1.10289e+20
-223.228  8.22795e+19
-222.642  1.67896e+19
-222.055  6.32958e+19
-221.468  8.87913e+19
-220.882  1.88351e+19
-220.295  5.49396e+19
-219.708  8.10665e+19
-219.122  4.0161e+19
-218.535  1.20544e+20
-217.948  1.24814e+20
-217.362  6.31844e+19
-216.775  1.34012e+19
-216.188  1.63238e+19
-215.602  5.56386e+19
-215.015  4.29631e+19
-214.428  4.02446e+19
-213.842  6.86257e+19
-213.255  1.49042e+19
-212.668  1.62359e+19
-212.082  9.08472e+19
-211.495  3.98672e+19
-210.908  4.36467e+18
-210.322  3.5474e+19
-209.735  4.63593e+19
-209.148  3.74138e+19
-208.562  6.50017e+19
-207.975  8.09343e+19
-207.388  2.89882e+19
-206.802  1.17273e+19
-206.215  5.36474e+19
-205.628  4.47895e+19
-205.041  2.74427e+19
-204.455  4.71525e+19
-203.868  3.65247e+19
-203.281  2.0994e+19
-202.695  1.79244e+19
-202.108  3.52458e+19
-201.521  5.22148e+19
-200.935  5.23494e+18
-200.348  4.15804e+19
-199.761  6.83436e+19
-199.175  1.06029e+19
-198.588  4.65049e+19
-198.001  1.11418e+20
-197.415  3.38093e+19
-196.828  3.65448e+19
-196.241  7.93152e+19
-195.655  3.48752e+19
-195.068  4.08292e+19
-194.481  7.86416e+19
-193.895  8.69465e+19
-193.308  3.27125e+19
-192.721  4.4438e+19
-192.135  7.46768e+19
-191.548  5.45267e+19
-190.961  5.63408e+18
-190.375  8.30459e+19
-189.788  3.32642e+19
-189.201  6.08208e+18
-188.615  8.94369e+19
-188.028  1.36943e+20
-187.441  5.46442e+19
-186.855  6.68795e+19
-186.268  7.55917e+19
-185.681  2.32283e+19
-185.095  2.82986e+19
-184.508  1.27221e+20
-183.921  8.72316e+19
-183.335  2.08182e+19
-182.748  7.0973e+19
-182.161  5.68043e+19
-181.575  1.6043e+19
-180.988  5.95958e+19
-180.401  6.69519e+19
-179.815  2.57145e+19
-179.228  3.30897e+19
-178.641  4.50974e+19
-178.055  5.58191e+19
-177.468  2.75391e+19
-176.881  7.33527e+19
-176.295  6.74765e+19
-175.708  4.46616e+19
-175.121  3.12493e+19
-174.535  6.86741e+19
-173.948  2.68282e+19
-173.361  8.62313e+19
-172.775  4.8808e+19
-172.188  4.2029e+19
-171.601  3.60803e+19
-171.015  8.70701e+19
-170.428  3.70434e+19
-169.841  8.51633e+19
-169.255  2.98219e+19
-168.668  2.3642e+19
-168.081  5.22867e+19
-167.495  1.489e+20
-166.908  6.47449e+19
-166.321  5.38586e+19
-165.735  3.34716e+19
-165.148  5.33016e+19
-164.561  1.00162e+20
-163.975  2.13219e+20
-163.388  1.35264e+20
-162.801  3.76418e+19
-162.215  2.31649e+19
-161.628  1.01584e+20
-161.041  1.32703e+20
-160.455  1.28446e+20
-159.868  1.22147e+20
-159.281  4.63023e+19
-158.695  3.22142e+19
-158.108  1.19793e+20
-157.521  1.50847e+20
-156.935  3.88675e+19
-156.348  6.12008e+19
-155.761  7.06587e+19
-155.175  6.6031e+19
-154.588  9.74887e+19
-154.001  1.35934e+20
-153.415  2.4427e+19
-152.828  3.50362e+19
-152.241  1.02536e+20
-151.655  8.13134e+19
-151.068  4.14351e+19
-150.481  6.34924e+19
-149.895  2.92293e+19
-149.308  2.98578e+19
-148.721  8.33479e+19
-148.135  7.03791e+19
-147.548  6.1185e+19
-146.961  4.63327e+19
-146.375  9.00172e+19
-145.788  7.02036e+19
-145.201  3.7743e+19
-144.614  5.16797e+19
-144.028  1.36179e+20
-143.441  9.70166e+19
-142.854  1.55381e+20
-142.268  1.10472e+20
-141.681  5.41563e+19
-141.094  6.94311e+19
-140.508  2.54415e+20
-139.921  2.02339e+20
-139.334  1.35832e+20
-138.748  1.13433e+20
-138.161  1.02613e+20
-137.574  7.43934e+19
-136.988  2.86184e+20
-136.401  2.28576e+20
-135.814  1.04069e+20
-135.228  1.03227e+20
-134.641  1.48299e+20
-134.054  1.60133e+20
-133.468  2.2248e+20
-132.881  1.34281e+20
-132.294  1.23399e+20
-131.708  8.98609e+19
-131.121  1.37537e+20
-130.534  2.04193e+20
-129.948  1.26625e+20
-129.361  3.94739e+19
-128.774  9.47476e+19
-128.188  1.01375e+20
-127.601  8.07599e+19
-127.014  1.02354e+20
-126.428  6.44319e+19
-125.841  3.9041e+19
-125.254  8.34541e+19
-124.668  1.47174e+20
-124.081  6.93162e+19
-123.494  7.09029e+19
-122.908  5.38038e+19
-122.321  1.03387e+20
-121.734  1.40497e+20
-121.148  1.19536e+20
-120.561  8.22771e+19
-119.974  1.65957e+20
-119.388  9.14284e+19
-118.801  1.87811e+20
-118.214  2.29255e+20
-117.628  7.79727e+19
-117.041  8.82633e+19
-116.454  2.45528e+20
-115.868  1.92646e+20
-115.281  1.82689e+20
-114.694  2.28797e+20
-114.108  1.31386e+20
-113.521  8.51462e+19
-112.934  2.7028e+20
-112.348  3.55513e+20
-111.761  1.36761e+20
-111.174  1.71773e+20
-110.588  1.93154e+20
-110.001  9.78353e+19
-109.414  2.39799e+20
-108.828  3.80787e+20
-108.241  1.29018e+20
-107.654  1.2495e+20
-107.068  1.56646e+20
-106.481  1.33988e+20
-105.894  1.56368e+20
-105.308  2.23069e+20
-104.721  1.36971e+20
-104.134  8.9052e+19
-103.548  9.88259e+19
-102.961  1.78988e+20
-102.374  8.70971e+19
-101.788  8.07781e+19
-101.201  1.08317e+20
-100.614  9.46021e+19
-100.028  1.13101e+20
-99.4409  1.6618e+20
-98.8542  1.0917e+20
-98.2676  7.50273e+19
-97.6809  8.83187e+19
-97.0942  1.85686e+20
-96.5075  1.85302e+20
-95.9209  1.53418e+20
-95.3342  1.81694e+20
-94.7475  1.49826e+20
-94.1609  1.62718e+20
-93.5742  2.97101e+20
-92.9875  2.73609e+20
-92.4009  2.46761e+20
-91.8142  2.66268e+20
-91.2275  2.67759e+20
-90.6409  2.99381e+20
-90.0542  3.41713e+20
-89.4675  3.20395e+20
-88.8808  3.44217e+20
-88.2942  3.47867e+20
-87.7075  3.81198e+20
-87.1208  3.57747e+20
-86.5342  3.66496e+20
-85.9475  2.87283e+20
-85.3608  2.86171e+20
-84.7741  3.62354e+20
-84.1875  3.68304e+20
-83.6008  2.90667e+20
-83.0141  3.66324e+20
-82.4275  1.95774e+20
-81.8408  1.8178e+20
-81.2541  3.16608e+20
-80.6675  2.52762e+20
-80.0808  2.04105e+20
-79.4941  3.24077e+20
-78.9074  1.29529e+20
-78.3208  1.3974e+20
-77.7341  2.5004e+20
-77.1474  1.55477e+20
-76.5608  1.29596e+20
-75.9741  2.36748e+20
-75.3874  1.5307e+20
-74.8008  1.32163e+20
-74.2141  2.39738e+20
-73.6274  1.99002e+20
-73.0408  1.18272e+20
-72.4541  2.54442e+20
-71.8674  3.30247e+20
-71.2807  2.10544e+20
-70.6941  3.48761e+20
-70.1074  3.61982e+20
-69.5207  2.30095e+20
-68.9341  3.92351e+20
-68.3474  6.07935e+20
-67.7607  4.42899e+20
-67.174  5.24576e+20
-66.5874  5.49849e+20
-66.0007  4.35017e+20
-65.414  5.07826e+20
-64.8274  8.03748e+20
-64.2407  6.72465e+20
-63.654  6.23246e+20
-63.0674  6.67076e+20
-62.4807  5.86515e+20
-61.894  5.30344e+20
-61.3073  8.49688e+20
-60.7207  7.46446e+20
-60.134  5.94447e+20
-59.5473  6.29151e+20
-58.9607  5.67377e+20
-58.374  4.61002e+20
-57.7873  6.97646e+20
-57.2007  6.3483e+20
-56.614  5.00275e+20
-56.0273  4.92381e+20
-55.4407  4.45619e+20
-54.854  3.90684e+20
-54.2673  4.83194e+20
-53.6806  4.39244e+20
-53.094  3.86941e+20
-52.5073  3.84746e+20
-51.9206  3.16064e+20
-51.334  3.62762e+20
-50.7473  4.37724e+20
-50.1606  3.58703e+20
-49.5739  3.83321e+20
-48.9873  5.68766e+20
-48.4006  4.3074e+20
-47.8139  5.04183e+20
-47.2273  7.39952e+20
-46.6406  6.00017e+20
-46.0539  6.17563e+20
-45.4673  1.11739e+21
-44.8806  9.32523e+20
-44.2939  9.07219e+20
-43.7072  1.32684e+21
-43.1206  1.1305e+21
-42.5339  1.03698e+21
-41.9472  1.73267e+21
-41.3606  1.58743e+21
-40.7739  1.43699e+21
-40.1872  1.9058e+21
-39.6006  1.7039e+21
-39.0139  1.49982e+21
-38.4272  2.147e+21
-37.8406  2.07433e+21
-37.2539  1.79762e+21
-36.6672  2.13129e+21
-36.0805  1.97283e+21
-35.4939  1.69785e+21
-34.9072  2.12351e+21
-34.3205  2.191e+21
-33.7339  1.81256e+21
-33.1472  1.93378e+21
-32.5605  1.88132e+21
-31.9738  1.55401e+21
-31.3872  1.69154e+21
-30.8005  1.91459e+21
-30.2138  1.4817e+21
-29.6272  1.46742e+21
-29.0405  1.62464e+21
-28.4538  1.39693e+21
-27.8672  1.4344e+21
-27.2805  1.85345e+21
-26.6938  1.5233e+21
-26.1072  1.61888e+21
-25.5205  2.01239e+21
-24.9338  2.11829e+21
-24.3471  2.38198e+21
-23.7605  3.01598e+21
-23.1738  3.0506e+21
-22.5871  3.54143e+21
-22.0005  4.18721e+21
-21.4138  4.92431e+21
-20.8271  5.64227e+21
-20.2404  6.4835e+21
-19.6538  7.22686e+21
-19.0671  8.17651e+21
-18.4804  9.09025e+21
-17.8938  1.08011e+22
-17.3071  1.19081e+22
-16.7204  1.30454e+22
-16.1338  1.47823e+22
-15.5471  1.57991e+22
-14.9604  1.70172e+22
-14.3737  1.9795e+22
-13.7871  2.07348e+22
-13.2004  2.22638e+22
-12.6137  2.50389e+22
-12.0271  2.5594e+22
-11.4404  2.71836e+22
-10.8537  3.07091e+22
-10.2671  3.10177e+22
-9.68039  3.28978e+22
-9.09372  3.60847e+22
-8.50705  3.5883e+22
-7.92038  3.77058e+22
-7.33371  4.10983e+22
-6.74704  4.07953e+22
-6.16037  4.27262e+22
-5.5737  4.54144e+22
-4.98703  4.47973e+22
-4.40036  4.62152e+22
-3.81369  4.83257e+22
-3.22702  4.78461e+22
-2.64035  4.89313e+22
-2.05368  5.01547e+22
-1.46701  4.98895e+22
-0.88034  5.02505e+22
-0.29367  5.05995e+22
0.293  5.05576e+22
0.87967  5.01135e+22
1.46634  4.96564e+22
2.05301  4.99357e+22
2.63968  4.86375e+22
3.22635  4.74794e+22
3.81302  4.78708e+22
4.39969  4.56858e+22
4.98636  4.41872e+22
5.57303  4.48e+22
6.1597  4.20838e+22
6.74637  4.01267e+22
7.33304  4.03483e+22
7.91971  3.69317e+22
8.50638  3.50528e+22
9.09305  3.52393e+22
9.67972  3.20783e+22
10.2664  3.02082e+22
10.8531  2.9846e+22
11.4397  2.63562e+22
12.0264  2.47353e+22
12.6131  2.4171e+22
13.1997  2.14595e+22
13.7864  1.99629e+22
14.3731  1.90113e+22
14.9597  1.63058e+22
15.5464  1.50853e+22
16.1331  1.40813e+22
16.7198  1.24098e+22
17.3064  1.1312e+22
17.8931  1.02311e+22
18.4798  8.59493e+21
19.0664  7.70284e+21
19.6531  6.78742e+21
20.2398  6.09142e+21
20.8265  5.28553e+21
21.4131  4.60443e+21
21.9998  3.92304e+21
22.5865  3.30903e+21
23.1731  2.85271e+21
23.7598  2.84729e+21
24.3465  2.23768e+21
24.9331  1.99969e+21
25.5198  1.9263e+21
26.1065  1.55812e+21
26.6931  1.48295e+21
27.2798  1.83149e+21
27.8665  1.41978e+21
28.4532  1.39342e+21
29.0398  1.63618e+21
29.6265  1.48737e+21
30.2132  1.50644e+21
30.7998  1.94823e+21
31.3865  1.71555e+21
31.9732  1.58073e+21
32.5599  1.91005e+21
33.1465  1.95694e+21
33.7332  1.83215e+21
34.3199  2.20971e+21
34.9065  2.1249e+21
35.4932  1.70146e+21
36.0799  1.97135e+21
36.6665  2.1211e+21
37.2532  1.78458e+21
37.8399  2.05641e+21
38.4265  2.11315e+21
39.0132  1.47156e+21
39.5999  1.6699e+21
40.1866  1.86417e+21
40.7732  1.39731e+21
41.3599  1.54473e+21
41.9466  1.67831e+21
42.5332  9.94754e+20
43.1199  1.08621e+21
43.7066  1.27408e+21
44.2933  8.64335e+20
44.8799  8.90203e+20
45.4666  1.06656e+21
46.0533  5.86278e+20
46.6399  5.71657e+20
47.2266  7.02913e+20
47.8133  4.81621e+20
48.3999  4.10315e+20
48.9866  5.42824e+20
49.5733  3.75978e+20
50.1599  3.55638e+20
50.7466  4.29169e+20
51.3333  3.63428e+20
51.92  3.18311e+20
52.5066  3.85525e+20
53.0933  3.96622e+20
53.68  4.51897e+20
54.2666  4.95772e+20
54.8533  4.01937e+20
55.44  4.58379e+20
56.0266  5.05356e+20
56.6133  5.12319e+20
57.2  6.47737e+20
57.7867  7.11813e+20
58.3733  4.68132e+20
58.96  5.76487e+20
59.5467  6.36656e+20
60.1333  5.99297e+20
60.72  7.50079e+20
61.3067  8.51879e+20
61.8933  5.27185e+20
62.48  5.8487e+20
63.0667  6.60023e+20
63.6534  6.16633e+20
64.24  6.64401e+20
64.8267  7.91484e+20
65.4134  4.94392e+20
66  4.23945e+20
66.5867  5.31691e+20
67.1734  5.08105e+20
67.7601  4.28371e+20
68.3467  5.89155e+20
68.9334  3.75682e+20
69.5201  2.19517e+20
70.1067  3.45388e+20
70.6934  3.33209e+20
71.2801  2.00456e+20
71.8667  3.15744e+20
72.4534  2.44698e+20
73.0401  1.14604e+20
73.6268  1.92091e+20
74.2134  2.35096e+20
74.8001  1.3049e+20
75.3868  1.47391e+20
75.9734  2.3941e+20
76.5601  1.32008e+20
77.1468  1.58191e+20
77.7334  2.56671e+20
78.3201  1.43913e+20
78.9068  1.31227e+20
79.4934  3.35114e+20
80.0801  2.10476e+20
80.6668  2.60579e+20
81.2535  3.26082e+20
81.8401  1.86837e+20
82.4268  1.98406e+20
83.0135  3.73906e+20
83.6001  2.97474e+20
84.1868  3.75204e+20
84.7735  3.67225e+20
85.3602  2.88747e+20
85.9468  2.86236e+20
86.5335  3.64206e+20
87.1202  3.5985e+20
87.7068  3.82133e+20
88.2935  3.44995e+20
88.8802  3.40175e+20
89.4668  3.14328e+20
90.0535  3.31488e+20
90.6402  2.94246e+20
91.2268  2.62796e+20
91.8135  2.58007e+20
92.4002  2.38014e+20
92.9869  2.65299e+20
93.5735  2.858e+20
94.1602  1.56789e+20
94.7469  1.44159e+20
95.3335  1.73909e+20
95.9202  1.48068e+20
96.5069  1.77103e+20
97.0935  1.77674e+20
97.6802  8.74893e+19
98.2669  7.20931e+19
98.8536  1.06335e+20
99.4402  1.6892e+20
100.027  1.09586e+20
100.614  9.32168e+19
101.2  1.12047e+20
101.787  8.29648e+19
102.374  8.90717e+19
102.96  1.84631e+20
103.547  1.00531e+20
104.134  9.1681e+19
104.72  1.41065e+20
105.307  2.29787e+20
105.894  1.60257e+20
106.48  1.38017e+20
107.067  1.60277e+20
107.654  1.26999e+20
108.24  1.3106e+20
108.827  3.86825e+20
109.414  2.4293e+20
110  9.98074e+19
110.587  1.94424e+20
111.174  1.7063e+20
111.76  1.35836e+20
112.347  3.5571e+20
112.934  2.69404e+20
113.52  8.45815e+19
114.107  1.29697e+20
114.694  2.24343e+20
115.28  1.80387e+20
115.867  1.90161e+20
116.454  2.40286e+20
117.04  8.51598e+19
117.627  7.46329e+19
118.214  2.22077e+20
118.8  1.83818e+20
119.387  8.87554e+19
119.974  1.5979e+20
120.56  7.88409e+19
121.147  1.15778e+20
121.734  1.35328e+20
122.32  9.95359e+19
122.907  5.17948e+19
123.494  6.98716e+19
124.08  6.85128e+19
124.667  1.44721e+20
125.254  8.43541e+19
125.84  3.76907e+19
126.427  6.49581e+19
127.014  1.06076e+20
127.6  8.27906e+19
128.187  1.01171e+20
128.774  9.73598e+19
129.36  4.05139e+19
129.947  1.30861e+20
130.534  2.09228e+20
131.12  1.42446e+20
131.707  9.30908e+19
132.294  1.24832e+20
132.88  1.3486e+20
133.467  2.25332e+20
134.054  1.62702e+20
134.64  1.50074e+20
135.227  1.04607e+20
135.814  1.04259e+20
136.4  2.2753e+20
136.987  2.85303e+20
137.574  7.52947e+19
138.16  1.00953e+20
138.747  1.10684e+20
139.334  1.33166e+20
139.92  2.00892e+20
140.507  2.49656e+20
141.094  6.81765e+19
141.68  5.23391e+19
142.267  1.05697e+20
142.854  1.49597e+20
143.44  9.58533e+19
144.027  1.31231e+20
144.614  5.0991e+19
145.2  3.60717e+19
145.787  6.75564e+19
146.374  8.6472e+19
146.96  4.54516e+19
147.547  5.95765e+19
148.134  7.26325e+19
148.721  8.21086e+19
149.307  2.94604e+19
149.894  2.82138e+19
150.481  6.45114e+19
151.067  4.22223e+19
151.654  8.41029e+19
152.241  1.04456e+20
152.827  3.60425e+19
153.414  2.47268e+19
154.001  1.39889e+20
154.587  9.9994e+19
155.174  6.75043e+19
155.761  7.31049e+19
156.347  6.20987e+19
156.934  3.85915e+19
157.521  1.52178e+20
158.107  1.23067e+20
158.694  3.28313e+19
159.281  4.68017e+19
159.867  1.23708e+20
160.454  1.28633e+20
161.041  1.30784e+20
161.627  1.0366e+20
162.214  2.33829e+19
162.801  3.67293e+19
163.387  1.34502e+20
163.974  2.13151e+20
164.561  9.81367e+19
165.147  5.35232e+19
165.734  3.29295e+19
166.321  5.17706e+19
166.907  6.25117e+19
167.494  1.48078e+20
168.081  5.10637e+19
168.667  2.43072e+19
169.254  2.95385e+19
169.841  8.2358e+19
170.427  3.58133e+19
171.014  8.6269e+19
171.601  3.50746e+19
172.187  4.20635e+19
172.774  4.95624e+19
173.361  8.42315e+19
173.947  2.6028e+19
174.534  6.9274e+19
175.121  3.09185e+19
175.707  4.3481e+19
176.294  6.95343e+19
176.881  7.35313e+19
177.467  2.72043e+19
178.054  5.7318e+19
178.641  4.55217e+19
179.227  3.20702e+19
179.814  2.6171e+19
180.401  6.73427e+19
180.987  5.90669e+19
181.574  1.66247e+19
182.161  5.80871e+19
182.747  7.19961e+19
183.334  2.05907e+19
183.921  8.79484e+19
184.507  1.25691e+20
185.094  2.84607e+19
185.681  2.38981e+19
186.267  7.63857e+19
186.854  6.61131e+19
187.441  5.55598e+19
188.027  1.3536e+20
188.614  9.03921e+19
189.201  5.81976e+18
189.787  3.27518e+19
190.374  8.04687e+19
190.961  5.53604e+18
191.547  5.47333e+19
192.134  7.57294e+19
192.721  4.31605e+19
193.307  3.28645e+19
193.894  8.43661e+19
194.481  7.84438e+19
195.067  4.1795e+19
195.654  3.47169e+19
196.241  7.63839e+19
196.827  3.69208e+19
197.414  3.26843e+19
198.001  1.11959e+20
198.587  4.73996e+19
199.174  1.0248e+19
199.761  6.55765e+19
200.347  4.08909e+19
200.934  5.41135e+18
201.521  5.29777e+19
202.107  3.54033e+19
202.694  1.79514e+19
203.281  2.03443e+19
203.867  3.52969e+19
204.454  4.8423e+19
205.041  2.77937e+19
205.627  4.355e+19
206.214  5.32364e+19
206.801  1.20143e+19
207.388  2.89315e+19
207.974  8.3664e+19
208.561  6.68169e+19
209.148  3.63704e+19
209.734  4.55448e+19
210.321  3.5267e+19
210.908  4.4179e+18
211.494  4.11548e+19
212.081  9.44544e+19
212.668  1.63016e+19
213.254  1.44149e+19
213.841  6.92727e+19
214.428  4.16287e+19
215.014  4.22659e+19
215.601  5.74058e+19
216.188  1.57384e+19
216.774  1.28833e+19
217.361  6.46735e+19
217.948  1.29681e+20
218.534  1.21833e+20
219.121  4.06244e+19
219.708  8.01938e+19
220.294  5.41583e+19
220.881  1.82532e+19
221.468  9.23107e+19
222.054  6.46568e+19
222.641  1.72125e+19
223.228  8.28875e+19
223.814  1.12155e+20
224.401  8.4164e+19
224.988  3.28644e+19
225.574  1.43788e+19
226.161  1.0398e+20
226.748  3.5008e+19
227.334  7.20264e+19
227.921  1.18664e+20
228.508  3.70889e+19
229.094  5.53907e+19
229.681  2.21663e+20
230.268  1.26795e+20
230.854  3.12549e+19
231.441  3.34737e+19
232.028  4.85761e+19
232.614  1.80807e+19
233.201  1.07485e+20
233.788  1.43379e+20
234.374  1.62796e+19
