#S 1 spectral density
#N 2
#UFWHM 8.80005
#L  abscissas [um]  spectral density
-234.375  5.84984e+19
-233.788  4.61783e+19
-233.202  3.19997e+19
-232.615  7.40021e+19
-232.028  8.37996e+19
-231.442  5.93122e+19
-230.855  9.09762e+19
-230.268  1.83939e+19
-229.682  4.94137e+19
-229.095  4.98281e+19
-228.508  8.72027e+19
-227.922  4.44876e+19
-227.335  5.00783e+19
-226.748  3.43557e+19
-226.162  1.28847e+20
-225.575  2.1568e+19
-224.988  8.24268e+19
-224.402  2.74338e+19
-223.815  4.33069e+19
-223.228  4.50286e+19
-222.642  1.35568e+20
-222.055  1.24643e+19
-221.468  5.07388e+19
-220.882  1.45118e+19
-220.295  5.47232e+19
-219.708  6.51119e+19
-219.122  8.18829e+19
-218.535  2.00081e+19
-217.948  4.93156e+19
-217.362  1.28464e+19
-216.775  1.01522e+20
-216.188  5.06853e+19
-215.602  4.58962e+19
-215.015  1.88266e+19
-214.428  3.96833e+19
-213.842  4.00572e+19
-213.255  7.93679e+19
-212.668  2.10329e+19
-212.082  5.02773e+19
-211.495  2.36241e+19
-210.908  2.51935e+19
-210.322  8.04508e+19
-209.735  3.74257e+19
-209.148  1.00257e+19
-208.562  5.50565e+19
-207.975  4.3095e+19
-207.388  1.63171e+19
-206.802  8.63277e+19
-206.215  2.22299e+19
-205.628  2.13956e+19
-205.041  6.37032e+19
-204.455  4.65232e+19
-203.868  2.19234e+19
-203.281  4.06806e+19
-202.695  1.22429e+19
-202.108  4.54549e+19
-201.521  4.89306e+19
-200.935  2.29457e+19
-200.348  3.35965e+19
-199.761  2.83904e+19
-199.175  1.01408e+19
-198.588  8.43932e+19
-198.001  4.46224e+19
-197.415  2.08269e+19
-196.828  4.07323e+19
-196.241  3.92616e+19
-195.655  1.65144e+19
-195.068  8.65019e+19
-194.481  2.8957e+19
-193.895  2.47665e+19
-193.308  4.80764e+19
-192.721  3.87514e+19
-192.135  3.43725e+19
-191.548  6.01241e+19
-190.961  1.20344e+19
-190.375  1.35898e+19
-189.788  6.54623e+19
-189.201  1.80389e+19
-188.615  3.15757e+19
-188.028  4.77298e+19
-187.441  9.08246e+18
-186.855  1.56919e+19
-186.268  7.39312e+19
-185.681  1.56489e+19
-185.095  5.13505e+19
-184.508  4.61926e+19
-183.921  1.11669e+19
-183.335  2.40457e+19
-182.748  5.74039e+19
-182.161  1.44359e+19
-181.575  6.20093e+19
-180.988  5.58011e+19
-180.401  1.25019e+19
-179.815  2.97085e+19
-179.228  4.96818e+19
-178.641  1.90997e+19
-178.055  6.69101e+19
-177.468  8.1136e+19
-176.881  1.15132e+19
-176.295  4.78232e+19
-175.708  3.47332e+19
-175.121  3.87787e+19
-174.535  4.96817e+19
-173.948  7.98221e+19
-173.361  3.12847e+19
-172.775  7.97271e+19
-172.188  2.61082e+19
-171.601  6.07785e+19
-171.015  4.63107e+19
-170.428  8.27234e+19
-169.841  2.85621e+19
-169.255  1.17654e+20
-168.668  1.35895e+19
-168.081  4.95294e+19
-167.495  5.70058e+19
-166.908  9.99102e+19
-166.321  2.18199e+19
-165.735  1.13315e+20
-165.148  8.19947e+18
-164.561  5.99977e+19
-163.975  3.45845e+19
-163.388  1.13251e+20
-162.801  2.76258e+19
-162.215  8.91008e+19
-161.628  9.41444e+18
-161.041  6.09032e+19
-160.455  3.00647e+19
-159.868  9.14472e+19
-159.281  2.5613e+19
-158.695  9.96605e+19
-158.108  1.82465e+19
-157.521  6.72433e+19
-156.935  2.34412e+19
-156.348  6.99991e+19
-155.761  3.03906e+19
-155.175  1.05688e+20
-154.588  5.97279e+19
-154.001  3.27793e+19
-153.415  9.80975e+18
-152.828  1.03674e+20
-152.241  4.93634e+19
-151.655  6.69996e+19
-151.068  8.25943e+19
-150.481  2.22043e+19
-149.895  7.91642e+18
-149.308  9.92198e+19
-148.721  1.06633e+20
-148.135  2.21422e+19
-147.548  6.59145e+19
-146.961  4.17991e+19
-146.375  2.09009e+19
-145.788  6.03992e+19
-145.201  1.1922e+20
-144.614  1.52447e+19
-144.028  5.70414e+19
-143.441  5.99416e+19
-142.854  6.35896e+19
-142.268  3.44012e+19
-141.681  9.4332e+19
-141.094  2.14832e+19
-140.508  6.54653e+19
-139.921  3.70628e+19
-139.334  6.74697e+19
-138.748  2.85469e+19
-138.161  1.0863e+20
-137.574  3.75123e+19
-136.988  5.71897e+19
-136.401  2.08259e+19
-135.814  4.9744e+19
-135.228  2.22537e+19
-134.641  1.04016e+20
-134.054  3.13858e+19
-133.468  4.81373e+19
-132.881  1.19444e+19
-132.294  7.01359e+19
-131.708  4.46705e+19
-131.121  5.55654e+19
-130.534  2.28309e+19
-129.948  4.70481e+19
-129.361  1.54378e+19
-128.774  5.35438e+19
-128.188  3.49654e+19
-127.601  4.7306e+19
-127.014  2.69287e+19
-126.428  7.55687e+19
-125.841  4.53162e+19
-125.254  1.25617e+19
-124.668  2.16227e+19
-124.081  5.39641e+19
-123.494  6.57706e+19
-122.908  5.27258e+19
-122.321  1.94407e+19
-121.734  1.58915e+19
-121.148  5.19518e+18
-120.561  8.69431e+19
-119.974  1.21427e+20
-119.388  1.90348e+19
-118.801  9.66231e+17
-118.214  2.01459e+19
-117.628  1.9775e+19
-117.041  8.31586e+19
-116.454  7.97216e+19
-115.868  2.81933e+19
-115.281  1.45323e+19
-114.694  2.55034e+19
-114.108  4.56189e+19
-113.521  6.82144e+19
-112.934  5.55252e+19
-112.348  3.17505e+19
-111.761  1.22062e+19
-111.174  4.50935e+19
-110.588  1.21112e+19
-110.001  2.31623e+19
-109.414  8.06678e+19
-108.828  4.78866e+19
-108.241  7.04648e+18
-107.654  4.30008e+19
-107.068  1.34539e+19
-106.481  2.72611e+19
-105.894  6.32433e+19
-105.308  4.23996e+19
-104.721  1.53214e+19
-104.134  5.40619e+18
-103.548  1.91177e+19
-102.961  7.08555e+19
-102.374  6.75517e+19
-101.788  2.98233e+19
-101.201  4.21562e+19
-100.614  1.92514e+19
-100.028  2.69452e+19
-99.4409  5.95075e+19
-98.8542  4.39697e+19
-98.2676  7.04672e+19
-97.6809  4.22992e+19
-97.0942  2.64608e+19
-96.5075  9.85078e+19
-95.9209  1.26169e+19
-95.3342  3.60246e+19
-94.7475  1.3694e+20
-94.1609  1.86302e+19
-93.5742  2.13864e+19
-92.9875  7.56196e+19
-92.4009  3.16023e+19
-91.8142  6.78486e+19
-91.2275  8.76045e+19
-90.6409  7.09262e+19
-90.0542  3.08082e+19
-89.4675  1.26539e+19
-88.8808  1.0324e+20
-88.2942  1.07635e+20
-87.7075  6.68141e+18
-87.1208  6.89992e+19
-86.5342  7.00242e+19
-85.9475  4.50041e+19
-85.3608  7.05109e+19
-84.7741  1.35452e+20
-84.1875  4.66821e+19
-83.6008  3.35844e+19
-83.0141  5.35582e+19
-82.4275  1.14247e+20
-81.8408  4.27626e+19
-81.2541  6.37048e+19
-80.6675  8.86982e+19
-80.0808  1.09779e+20
-79.4941  3.02774e+19
-78.9074  1.18303e+20
-78.3208  9.58666e+19
-77.7341  4.14265e+19
-77.1474  4.51792e+19
-76.5608  1.31484e+20
-75.9741  5.25133e+19
-75.3874  6.44637e+19
-74.8008  1.22e+20
-74.2141  1.33708e+20
-73.6274  4.3466e+19
-73.0408  1.08298e+20
-72.4541  1.17066e+20
-71.8674  2.38284e+19
-71.2807  7.26352e+19
-70.6941  1.35406e+20
-70.1074  6.49406e+19
-69.5207  8.08293e+19
-68.9341  1.58639e+20
-68.3474  1.0163e+20
-67.7607  4.62448e+19
-67.174  1.34444e+20
-66.5874  1.71824e+20
-66.0007  6.96843e+19
-65.414  1.07013e+20
-64.8274  1.75024e+20
-64.2407  5.09757e+19
-63.654  6.92602e+19
-63.0674  2.57292e+20
-62.4807  7.88747e+19
-61.894  2.31028e+19
-61.3073  2.40035e+20
-60.7207  1.24525e+20
-60.134  8.48924e+19
-59.5473  2.72788e+20
-58.9607  1.39643e+20
-58.374  3.53414e+19
-57.7873  1.27965e+20
-57.2007  1.11756e+20
-56.614  8.22633e+19
-56.0273  1.35427e+20
-55.4407  1.5258e+20
-54.854  1.01329e+20
-54.2673  8.94305e+19
-53.6806  1.30027e+20
-53.094  1.43293e+20
-52.5073  1.59219e+20
-51.9206  2.09583e+20
-51.334  1.62429e+20
-50.7473  1.25978e+20
-50.1606  1.40039e+20
-49.5739  2.40756e+20
-48.9873  1.64926e+20
-48.4006  1.93322e+20
-47.8139  2.41208e+20
-47.2273  1.654e+20
-46.6406  1.6108e+20
-46.0539  4.11221e+20
-45.4673  2.03754e+20
-44.8806  1.52254e+20
-44.2939  2.90789e+20
-43.7072  2.05189e+20
-43.1206  1.30181e+20
-42.5339  3.68964e+20
-41.9472  1.91214e+20
-41.3606  1.16791e+20
-40.7739  1.88624e+20
-40.1872  2.0239e+20
-39.6006  1.19261e+20
-39.0139  2.95277e+20
-38.4272  2.99852e+20
-37.8406  2.36593e+20
-37.2539  3.63635e+20
-36.6672  3.85224e+20
-36.0805  2.64357e+20
-35.4939  6.21595e+20
-34.9072  6.06494e+20
-34.3205  4.1505e+20
-33.7339  6.21131e+20
-33.1472  4.92933e+20
-32.5605  2.23417e+20
-31.9738  5.13222e+20
-31.3872  4.23417e+20
-30.8005  2.31397e+20
-30.2138  3.20514e+20
-29.6272  3.50596e+20
-29.0405  2.95447e+20
-28.4538  3.72837e+20
-27.8672  5.17181e+20
-27.2805  6.07295e+20
-26.6938  6.34627e+20
-26.1072  1.06389e+21
-25.5205  1.03652e+21
-24.9338  9.51498e+20
-24.3471  1.47023e+21
-23.7605  1.28131e+21
-23.1738  1.20251e+21
-22.5871  1.56059e+21
-22.0005  1.00528e+21
-21.4138  8.16416e+20
-20.8271  9.93087e+20
-20.2404  6.99493e+20
-19.6538  9.52796e+20
-19.0671  8.60037e+20
-18.4804  1.15309e+21
-17.8938  1.92951e+21
-17.3071  1.98481e+21
-16.7204  2.7521e+21
-16.1338  3.50487e+21
-15.5471  3.17547e+21
-14.9604  4.1485e+21
-14.3737  4.77172e+21
-13.7871  4.22505e+21
-13.2004  4.68458e+21
-12.6137  4.2808e+21
-12.0271  3.26351e+21
-11.4404  3.71002e+21
-10.8537  3.65593e+21
-10.2671  3.56959e+21
-9.68039  5.46609e+21
-9.09372  7.7274e+21
-8.50705  1.08856e+22
-7.92038  1.65116e+22
-7.33371  2.32753e+22
-6.74704  3.07986e+22
-6.16037  4.05218e+22
-5.5737  5.171e+22
-4.98703  6.25056e+22
-4.40036  7.35281e+22
-3.81369  8.55604e+22
-3.22702  9.56737e+22
-2.64035  1.04286e+23
-2.05368  1.13531e+23
-1.46701  1.19692e+23
-0.88034  1.22653e+23
-0.29367  1.25744e+23
0.293  1.25481e+23
0.87967  1.21978e+23
1.46634  1.18658e+23
2.05301  1.12072e+23
2.63968  1.02559e+23
3.22635  9.37759e+22
3.81302  8.34317e+22
4.39969  7.13489e+22
4.98636  6.04268e+22
5.57303  4.96772e+22
6.1597  3.86817e+22
6.74637  2.92583e+22
7.33304  2.19429e+22
7.91971  1.54635e+22
8.50638  1.01482e+22
9.09305  7.21541e+21
9.67972  5.16915e+21
10.2664  3.43707e+21
10.8531  3.6352e+21
11.4397  3.75867e+21
12.0264  3.32126e+21
12.6131  4.3567e+21
13.1997  4.74331e+21
13.7864  4.221e+21
14.3731  4.75343e+21
14.9597  4.10215e+21
15.5464  3.08885e+21
16.1331  3.39893e+21
16.7198  2.65352e+21
17.3064  1.88833e+21
17.8931  1.83556e+21
18.4798  1.09446e+21
19.0664  8.37249e+20
19.6531  9.30525e+20
20.2398  7.01035e+20
20.8265  1.01904e+21
21.4131  8.36802e+20
21.9998  1.02713e+21
22.5865  1.58321e+21
23.1731  1.22381e+21
23.7598  1.28136e+21
24.3465  1.46416e+21
24.9331  9.4087e+20
25.5198  1.01292e+21
26.1065  1.03349e+21
26.6931  6.15166e+20
27.2798  5.82252e+20
27.8665  4.98167e+20
28.4532  3.60012e+20
29.0398  2.81204e+20
29.6265  3.43724e+20
30.2132  3.25306e+20
30.7998  2.32268e+20
31.3865  4.31875e+20
31.9732  5.30438e+20
32.5599  2.27535e+20
33.1465  4.97229e+20
33.7332  6.30851e+20
34.3199  4.14537e+20
34.9065  6.02213e+20
35.4932  6.24256e+20
36.0799  2.58849e+20
36.6665  3.73395e+20
37.2532  3.5592e+20
37.8399  2.28041e+20
38.4265  2.89123e+20
39.0132  2.93197e+20
39.5999  1.14221e+20
40.1866  1.96648e+20
40.7732  1.87588e+20
41.3599  1.13743e+20
41.9466  1.90208e+20
42.5332  3.76908e+20
43.1199  1.32836e+20
43.7066  2.08072e+20
44.2933  2.95088e+20
44.8799  1.55133e+20
45.4666  2.01757e+20
46.0533  4.14435e+20
46.6399  1.63415e+20
47.2266  1.63326e+20
47.8133  2.38991e+20
48.3999  1.92571e+20
48.9866  1.589e+20
49.5733  2.38738e+20
50.1599  1.38442e+20
50.7466  1.2159e+20
51.3333  1.60001e+20
51.92  2.06193e+20
52.5066  1.52888e+20
53.0933  1.44023e+20
53.68  1.30873e+20
54.2666  8.68892e+19
54.8533  1.03286e+20
55.44  1.53648e+20
56.0266  1.32187e+20
56.6133  8.44749e+19
57.2  1.14678e+20
57.7867  1.28116e+20
58.3733  3.62079e+19
58.96  1.42192e+20
59.5467  2.71504e+20
60.1333  8.71405e+19
60.72  1.27568e+20
61.3067  2.40975e+20
61.8933  2.26621e+19
62.48  7.89913e+19
63.0667  2.53567e+20
63.6534  7.0452e+19
64.24  5.1523e+19
64.8267  1.73411e+20
65.4134  1.05465e+20
66  6.78935e+19
66.5867  1.68156e+20
67.1734  1.35812e+20
67.7601  4.53401e+19
68.3467  1.00305e+20
68.9334  1.55802e+20
69.5201  7.78969e+19
70.1067  6.40429e+19
70.6934  1.37345e+20
71.2801  6.96639e+19
71.8667  2.35541e+19
72.4534  1.15662e+20
73.0401  1.05803e+20
73.6268  4.47784e+19
74.2134  1.37136e+20
74.8001  1.18036e+20
75.3868  6.49408e+19
75.9734  5.25595e+19
76.5601  1.31569e+20
77.1468  4.61108e+19
77.7334  4.19691e+19
78.3201  9.44787e+19
78.9068  1.19157e+20
79.4934  3.00589e+19
80.0801  1.12366e+20
80.6668  8.94385e+19
81.2535  6.1491e+19
81.8401  4.32312e+19
82.4268  1.15968e+20
83.0135  5.35602e+19
83.6001  3.42809e+19
84.1868  4.68441e+19
84.7735  1.33641e+20
85.3602  7.27534e+19
85.9468  4.62363e+19
86.5335  7.05526e+19
87.1202  6.8148e+19
87.7068  6.39837e+18
88.2935  1.07217e+20
88.8802  1.05732e+20
89.4668  1.22209e+19
90.0535  3.14303e+19
90.6402  6.9431e+19
91.2268  8.86044e+19
91.8135  6.95019e+19
92.4002  3.22517e+19
92.9869  7.39919e+19
93.5735  2.2043e+19
94.1602  1.7898e+19
94.7469  1.38245e+20
95.3335  3.66933e+19
95.9202  1.26181e+19
96.5069  9.72844e+19
97.0935  2.64996e+19
97.6802  4.38504e+19
98.2669  7.1223e+19
98.8536  4.26853e+19
99.4402  5.9321e+19
100.027  2.64681e+19
100.614  1.88189e+19
101.2  4.33297e+19
101.787  2.88983e+19
102.374  6.73135e+19
102.96  7.06284e+19
103.547  1.99035e+19
104.134  5.3596e+18
104.72  1.5353e+19
105.307  4.08e+19
105.894  6.44759e+19
106.48  2.6679e+19
107.067  1.3658e+19
107.654  4.21632e+19
108.24  7.22804e+18
108.827  4.70514e+19
109.414  8.26613e+19
110  2.22577e+19
110.587  1.2479e+19
111.174  4.33647e+19
111.76  1.23832e+19
112.347  3.26354e+19
112.934  5.66835e+19
113.52  6.57253e+19
114.107  4.63948e+19
114.694  2.49508e+19
115.28  1.44558e+19
115.867  2.93606e+19
116.454  8.03213e+19
117.04  8.05487e+19
117.627  1.98394e+19
118.214  2.06666e+19
118.8  9.57579e+17
119.387  1.93555e+19
119.974  1.20439e+20
120.56  8.62216e+19
121.147  5.17314e+18
121.734  1.61199e+19
122.32  1.9286e+19
122.907  5.34237e+19
123.494  6.38876e+19
124.08  5.40016e+19
124.667  2.10737e+19
125.254  1.29623e+19
125.84  4.44021e+19
126.427  7.69529e+19
127.014  2.58736e+19
127.6  4.77436e+19
128.187  3.37523e+19
128.774  5.48975e+19
129.36  1.47975e+19
129.947  4.84167e+19
130.534  2.24947e+19
131.12  5.56924e+19
131.707  4.30532e+19
132.294  7.1685e+19
132.88  1.22628e+19
133.467  4.90216e+19
134.054  3.05519e+19
134.64  1.03473e+20
135.227  2.14839e+19
135.814  5.09549e+19
136.4  2.16032e+19
136.987  5.75251e+19
137.574  3.68861e+19
138.16  1.07342e+20
138.747  2.81327e+19
139.334  6.81688e+19
139.92  3.80627e+19
140.507  6.44663e+19
141.094  2.15164e+19
141.68  9.30117e+19
142.267  3.49108e+19
142.854  6.37881e+19
143.44  6.13884e+19
144.027  5.51619e+19
144.614  1.50881e+19
145.2  1.16881e+20
145.787  6.18585e+19
146.374  2.08872e+19
146.96  4.30714e+19
147.547  6.35885e+19
148.134  2.22751e+19
148.721  1.03918e+20
149.307  1.01454e+20
149.894  7.63357e+18
150.481  2.2943e+19
151.067  7.97201e+19
151.654  6.71622e+19
152.241  4.76423e+19
152.827  1.05289e+20
153.414  9.49103e+18
154.001  3.36731e+19
154.587  5.75124e+19
155.174  1.05473e+20
155.761  2.94075e+19
156.347  7.02987e+19
156.934  2.26352e+19
157.521  6.82311e+19
158.107  1.77416e+19
158.694  9.81252e+19
159.281  2.47914e+19
159.867  9.11164e+19
160.454  3.02478e+19
161.041  6.1838e+19
161.627  9.60341e+18
162.214  8.64089e+19
162.801  2.66153e+19
163.387  1.12573e+20
163.974  3.58352e+19
164.561  6.03047e+19
165.147  8.44257e+18
165.734  1.09582e+20
166.321  2.1806e+19
166.907  9.9689e+19
167.494  5.90566e+19
168.081  4.91076e+19
168.667  1.38036e+19
169.254  1.13541e+20
169.841  2.94318e+19
170.427  8.14738e+19
171.014  4.77158e+19
171.601  5.93769e+19
172.187  2.67794e+19
172.774  7.69852e+19
173.361  3.2402e+19
173.947  7.76491e+19
174.534  5.06262e+19
175.121  3.72853e+19
175.707  3.54067e+19
176.294  4.61647e+19
176.881  1.18897e+19
177.467  7.88447e+19
178.054  6.70198e+19
178.641  1.82753e+19
179.227  5.03476e+19
179.814  2.89209e+19
180.401  1.25149e+19
180.987  5.47594e+19
181.574  6.19129e+19
182.161  1.4e+19
182.747  5.71599e+19
183.334  2.37452e+19
183.921  1.08754e+19
184.507  4.62144e+19
185.094  5.12427e+19
185.681  1.52353e+19
186.267  7.26782e+19
186.854  1.60005e+19
187.441  8.7673e+18
188.027  4.90167e+19
188.614  3.13104e+19
189.201  1.84313e+19
189.787  6.32579e+19
190.374  1.40403e+19
190.961  1.1625e+19
191.547  6.24809e+19
192.134  3.36863e+19
192.721  4.04123e+19
193.307  4.67537e+19
193.894  2.50893e+19
194.481  2.79253e+19
195.067  8.91861e+19
195.654  1.59599e+19
196.241  4.0683e+19
196.827  4.08e+19
197.414  2.1175e+19
198.001  4.37382e+19
198.587  8.53607e+19
199.174  9.99207e+18
199.761  2.91043e+19
200.347  3.4404e+19
200.934  2.37134e+19
201.521  4.9156e+19
202.107  4.49537e+19
202.694  1.21384e+19
203.281  4.09113e+19
203.867  2.25802e+19
204.454  4.74222e+19
205.041  6.555e+19
205.627  2.06431e+19
206.214  2.22236e+19
206.801  8.54511e+19
207.388  1.69696e+19
207.974  4.27834e+19
208.561  5.70362e+19
209.148  9.84871e+18
209.734  3.87267e+19
210.321  7.8707e+19
210.908  2.61793e+19
211.494  2.28099e+19
212.081  5.18145e+19
212.668  2.09014e+19
213.254  8.16774e+19
213.841  3.86403e+19
214.428  4.11363e+19
215.014  1.86197e+19
215.601  4.70918e+19
216.188  4.97882e+19
216.774  1.02787e+20
217.361  1.25101e+19
217.948  5.04462e+19
218.534  1.99901e+19
219.121  8.40896e+19
219.708  6.38584e+19
220.294  5.515e+19
220.881  1.43231e+19
221.468  5.15937e+19
222.054  1.26782e+19
222.641  1.37196e+20
223.228  4.48033e+19
223.814  4.41692e+19
224.401  2.74118e+19
224.988  8.23802e+19
225.574  2.19042e+19
226.161  1.2839e+20
226.748  3.49111e+19
227.334  5.07922e+19
227.921  4.57588e+19
228.508  8.70537e+19
229.094  5.11273e+19
229.681  4.82562e+19
230.268  1.88263e+19
230.854  9.03573e+19
231.441  6.0138e+19
232.028  8.30458e+19
232.614  7.5011e+19
233.201  3.18443e+19
233.788  4.78141e+19
234.374  5.73745e+19
