#S 1 spectral density
#N 2
#UFWHM 15.8401
#L  abscissas [um]  spectral density
-234.375  1.46935e+19
-233.788  2.16915e+19
-233.202  8.15517e+18
-232.615  7.60239e+18
-232.028  2.2248e+19
-231.442  7.41922e+18
-230.855  7.05195e+18
-230.268  2.9296e+19
-229.682  2.19095e+19
-229.095  3.06274e+19
-228.508  7.95929e+19
-227.922  1.21774e+19
-227.335  6.76096e+18
-226.748  2.57334e+18
-226.162  1.30545e+19
-225.575  5.69672e+19
-224.988  6.78348e+19
-224.402  2.34838e+19
-223.815  2.15937e+19
-223.228  2.42182e+19
-222.642  3.99536e+18
-222.055  2.48099e+19
-221.468  2.40311e+19
-220.882  3.1027e+19
-220.295  2.55841e+19
-219.708  2.20009e+19
-219.122  3.11522e+19
-218.535  5.1775e+18
-217.948  4.81795e+18
-217.362  1.75923e+19
-216.775  1.03237e+19
-216.188  8.44747e+18
-215.602  4.44199e+19
-215.015  3.72401e+19
-214.428  1.92918e+19
-213.842  1.78119e+19
-213.255  5.55867e+19
-212.668  1.02918e+19
-212.082  1.53256e+19
-211.495  2.25251e+19
-210.908  2.28881e+19
-210.322  3.78815e+19
-209.735  4.49967e+19
-209.148  2.04304e+19
-208.562  1.73271e+19
-207.975  9.468e+18
-207.388  4.89632e+19
-206.802  4.23914e+19
-206.215  5.51047e+19
-205.628  1.54509e+19
-205.041  1.72677e+19
-204.455  2.89754e+19
-203.868  8.67964e+18
-203.281  1.19629e+19
-202.695  5.40107e+19
-202.108  1.84925e+19
-201.521  5.34107e+19
-200.935  4.70979e+19
-200.348  5.18178e+19
-199.761  2.91253e+19
-199.175  3.85033e+18
-198.588  1.23634e+19
-198.001  7.61043e+18
-197.415  3.98286e+19
-196.828  1.2758e+20
-196.241  2.04958e+19
-195.655  5.86651e+19
-195.068  5.80373e+19
-194.481  4.90308e+18
-193.895  1.00761e+19
-193.308  3.06793e+19
-192.721  3.3943e+19
-192.135  4.34917e+19
-191.548  4.37593e+19
-190.961  2.55702e+19
-190.375  5.10644e+18
-189.788  3.29717e+19
-189.201  1.96598e+19
-188.615  4.51538e+19
-188.028  7.09276e+19
-187.441  2.74822e+19
-186.855  3.68738e+19
-186.268  2.46239e+19
-185.681  1.53016e+19
-185.095  2.61533e+19
-184.508  2.4979e+19
-183.921  1.09702e+20
-183.335  5.36225e+19
-182.748  5.39436e+19
-182.161  9.92626e+19
-181.575  3.82847e+19
-180.988  3.66485e+19
-180.401  4.60908e+19
-179.815  4.19615e+19
-179.228  1.07994e+20
-178.641  7.06305e+19
-178.055  4.5284e+19
-177.468  5.13451e+19
-176.881  1.35065e+19
-176.295  2.29334e+19
-175.708  1.95112e+19
-175.121  6.09459e+19
-174.535  2.83025e+19
-173.948  2.40069e+19
-173.361  4.52413e+19
-172.775  8.91392e+18
-172.188  2.32549e+19
-171.601  4.66803e+19
-171.015  4.01402e+19
-170.428  7.03097e+19
-169.841  4.63091e+19
-169.255  4.85542e+19
-168.668  5.30912e+19
-168.081  3.64831e+19
-167.495  7.62057e+19
-166.908  5.88035e+19
-166.321  1.35392e+20
-165.735  1.42175e+20
-165.148  6.48228e+19
-164.561  9.42834e+19
-163.975  8.09701e+19
-163.388  5.07807e+19
-162.801  7.83888e+19
-162.215  6.40617e+19
-161.628  5.75873e+19
-161.041  9.89873e+19
-160.455  2.21273e+19
-159.868  3.9593e+19
-159.281  2.79961e+19
-158.695  3.58392e+19
-158.108  3.07732e+19
-157.521  2.81351e+19
-156.935  6.12415e+19
-156.348  1.36377e+19
-155.761  2.12854e+19
-155.175  6.47416e+19
-154.588  2.68452e+19
-154.001  6.17527e+19
-153.415  5.2318e+19
-152.828  7.92154e+19
-152.241  8.10042e+19
-151.655  2.83761e+19
-151.068  1.15569e+20
-150.481  9.96432e+19
-149.895  7.62627e+19
-149.308  1.40633e+20
-148.721  1.08953e+20
-148.135  1.27777e+20
-147.548  7.64458e+19
-146.961  4.85625e+19
-146.375  7.99008e+19
-145.788  8.55787e+19
-145.201  4.63341e+19
-144.614  7.48284e+19
-144.028  2.3081e+19
-143.441  2.97931e+19
-142.854  4.05148e+19
-142.268  1.56944e+19
-141.681  4.32531e+19
-141.094  2.81351e+19
-140.508  2.02706e+19
-139.921  2.73481e+19
-139.334  2.73911e+19
-138.748  4.37129e+19
-138.161  1.82782e+19
-137.574  5.55999e+19
-136.988  7.78102e+19
-136.401  3.35291e+19
-135.814  1.02567e+20
-135.228  6.68433e+19
-134.641  5.24488e+19
-134.054  1.04704e+20
-133.468  8.10008e+19
-132.881  1.36969e+20
-132.294  1.30619e+20
-131.708  8.27889e+19
-131.121  8.3031e+19
-130.534  1.319e+20
-129.948  3.61981e+19
-129.361  1.05203e+20
-128.774  6.19581e+19
-128.188  5.89984e+19
-127.601  1.12441e+20
-127.014  2.35418e+19
-126.428  6.62654e+19
-125.841  5.19635e+19
-125.254  3.94495e+19
-124.668  4.6313e+19
-124.081  7.52669e+19
-123.494  5.52196e+19
-122.908  4.69082e+19
-122.321  3.54194e+19
-121.734  6.37146e+19
-121.148  5.22453e+19
-120.561  1.16303e+20
-119.974  7.56185e+19
-119.388  6.10469e+19
-118.801  1.09826e+20
-118.214  1.09003e+20
-117.628  5.94176e+19
-117.041  2.40705e+20
-116.454  1.16288e+20
-115.868  8.53569e+19
-115.281  2.16046e+20
-114.694  9.85915e+19
-114.108  1.15512e+20
-113.521  1.03144e+20
-112.934  1.49724e+20
-112.348  1.15142e+20
-111.761  1.238e+20
-111.174  1.078e+20
-110.588  1.43537e+20
-110.001  7.66554e+19
-109.414  8.74261e+19
-108.828  1.22807e+20
-108.241  7.24949e+19
-107.654  8.77326e+19
-107.068  7.07985e+19
-106.481  6.08591e+19
-105.894  7.18116e+19
-105.308  6.83723e+19
-104.721  7.65085e+19
-104.134  5.87156e+19
-103.548  8.74765e+19
-102.961  9.60991e+19
-102.374  5.36399e+19
-101.788  1.525e+20
-101.201  1.19419e+20
-100.614  5.64896e+19
-100.028  1.5466e+20
-99.4409  2.12109e+20
-98.8542  4.55961e+19
-98.2676  1.93749e+20
-97.6809  2.09231e+20
-97.0942  1.12185e+20
-96.5075  2.15419e+20
-95.9209  2.28295e+20
-95.3342  1.87335e+20
-94.7475  1.87341e+20
-94.1609  2.05015e+20
-93.5742  1.88218e+20
-92.9875  1.79919e+20
-92.4009  1.49511e+20
-91.8142  1.67951e+20
-91.2275  8.92023e+19
-90.6409  9.36922e+19
-90.0542  1.32962e+20
-89.4675  5.4465e+19
-88.8808  8.8449e+19
-88.2942  9.5155e+19
-87.7075  4.30822e+19
-87.1208  8.75052e+19
-86.5342  7.92004e+19
-85.9475  7.96399e+19
-85.3608  8.5599e+19
-84.7741  1.37519e+20
-84.1875  1.53037e+20
-83.6008  1.30305e+20
-83.0141  2.10268e+20
-82.4275  2.27842e+20
-81.8408  1.91267e+20
-81.2541  2.80547e+20
-80.6675  3.64314e+20
-80.0808  1.87096e+20
-79.4941  3.48367e+20
-78.9074  3.63673e+20
-78.3208  1.84204e+20
-77.7341  3.04607e+20
-77.1474  3.66502e+20
-76.5608  1.44381e+20
-75.9741  1.96804e+20
-75.3874  2.88101e+20
-74.8008  1.09447e+20
-74.2141  1.74381e+20
-73.6274  2.02553e+20
-73.0408  1.22139e+20
-72.4541  1.42489e+20
-71.8674  1.31237e+20
-71.2807  1.27248e+20
-70.6941  1.32455e+20
-70.1074  1.26992e+20
-69.5207  1.50976e+20
-68.9341  1.30241e+20
-68.3474  1.99644e+20
-67.7607  2.1164e+20
-67.174  1.91511e+20
-66.5874  3.01928e+20
-66.0007  3.737e+20
-65.414  2.17529e+20
-64.8274  4.71047e+20
-64.2407  4.16784e+20
-63.654  3.45749e+20
-63.0674  4.86384e+20
-62.4807  5.00609e+20
-61.894  3.66213e+20
-61.3073  4.97698e+20
-60.7207  4.45607e+20
-60.134  3.59503e+20
-59.5473  4.40195e+20
-58.9607  4.21011e+20
-58.374  3.68681e+20
-57.7873  3.80977e+20
-57.2007  3.76627e+20
-56.614  2.91418e+20
-56.0273  2.90631e+20
-55.4407  2.89744e+20
-54.854  2.49692e+20
-54.2673  2.4349e+20
-53.6806  2.02829e+20
-53.094  2.2376e+20
-52.5073  2.01934e+20
-51.9206  2.46832e+20
-51.334  2.74238e+20
-50.7473  2.7278e+20
-50.1606  3.75375e+20
-49.5739  3.9044e+20
-48.9873  4.02235e+20
-48.4006  6.01406e+20
-47.8139  5.80783e+20
-47.2273  5.24699e+20
-46.6406  8.44899e+20
-46.0539  6.71259e+20
-45.4673  7.44347e+20
-44.8806  1.04387e+21
-44.2939  8.60075e+20
-43.7072  8.44429e+20
-43.1206  1.11617e+21
-42.5339  7.73279e+20
-41.9472  8.71803e+20
-41.3606  1.04111e+21
-40.7739  7.64407e+20
-40.1872  7.95076e+20
-39.6006  8.58384e+20
-39.0139  5.538e+20
-38.4272  5.88044e+20
-37.8406  5.83127e+20
-37.2539  4.27051e+20
-36.6672  4.72262e+20
-36.0805  5.0296e+20
-35.4939  4.01657e+20
-34.9072  5.51955e+20
-34.3205  5.57352e+20
-33.7339  6.18466e+20
-33.1472  8.00254e+20
-32.5605  9.01061e+20
-31.9738  9.743e+20
-31.3872  1.36193e+21
-30.8005  1.35868e+21
-30.2138  1.56908e+21
-29.6272  1.85433e+21
-29.0405  1.94592e+21
-28.4538  2.11471e+21
-27.8672  2.35826e+21
-27.2805  2.36926e+21
-26.6938  2.67465e+21
-26.1072  2.60949e+21
-25.5205  2.61235e+21
-24.9338  2.82029e+21
-24.3471  2.52985e+21
-23.7605  2.46041e+21
-23.1738  2.5659e+21
-22.5871  2.13074e+21
-22.0005  2.18359e+21
-21.4138  2.13308e+21
-20.8271  1.71651e+21
-20.2404  1.90162e+21
-19.6538  1.8519e+21
-19.0671  1.7612e+21
-18.4804  2.22957e+21
-17.8938  2.29016e+21
-17.3071  2.79453e+21
-16.7204  3.57132e+21
-16.1338  4.05371e+21
-15.5471  5.32737e+21
-14.9604  6.7457e+21
-14.3737  7.71518e+21
-13.7871  9.81288e+21
-13.2004  1.18856e+22
-12.6137  1.36784e+22
-12.0271  1.6421e+22
-11.4404  1.95598e+22
-10.8537  2.18489e+22
-10.2671  2.49485e+22
-9.68039  2.88502e+22
-9.09372  3.17595e+22
-8.50705  3.49453e+22
-7.92038  3.98438e+22
-7.33371  4.26119e+22
-6.74704  4.55726e+22
-6.16037  5.06327e+22
-5.5737  5.29222e+22
-4.98703  5.55118e+22
-4.40036  6.09239e+22
-3.81369  6.20341e+22
-3.22702  6.37683e+22
-2.64035  6.82835e+22
-2.05368  6.79366e+22
-1.46701  6.892e+22
-0.88034  7.26216e+22
-0.29367  7.09196e+22
0.293  7.10194e+22
0.87967  7.28447e+22
1.46634  6.92371e+22
2.05301  6.84865e+22
2.63968  6.89157e+22
3.22635  6.4494e+22
3.81302  6.29186e+22
4.39969  6.18925e+22
4.98636  5.64976e+22
5.57303  5.4047e+22
6.1597  5.17939e+22
6.74637  4.67379e+22
7.33304  4.38231e+22
7.91971  4.10687e+22
8.50638  3.61056e+22
9.09305  3.29367e+22
9.67972  2.99917e+22
10.2664  2.60185e+22
10.8531  2.28709e+22
11.4397  2.05364e+22
12.0264  1.7286e+22
12.6131  1.44699e+22
13.1997  1.2613e+22
13.7864  1.04445e+22
14.3731  8.24971e+21
14.9597  7.22609e+21
15.5464  5.71567e+21
16.1331  4.35399e+21
16.7198  3.82422e+21
17.3064  2.98367e+21
17.8931  2.40897e+21
18.4798  2.31823e+21
19.0664  1.81327e+21
19.6531  1.85925e+21
20.2398  1.89236e+21
20.8265  1.69557e+21
21.4131  2.09242e+21
21.9998  2.13817e+21
22.5865  2.09008e+21
23.1731  2.52449e+21
23.7598  2.42404e+21
24.3465  2.51021e+21
24.9331  2.80725e+21
25.5198  2.60954e+21
26.1065  2.62336e+21
26.6931  2.70202e+21
27.2798  2.40196e+21
27.8665  2.4087e+21
28.4532  2.16789e+21
29.0398  2.00665e+21
29.6265  1.91865e+21
30.2132  1.63289e+21
30.7998  1.42009e+21
31.3865  1.42744e+21
31.9732  1.02509e+21
32.5599  9.49083e+20
33.1465  8.43418e+20
33.7332  6.50611e+20
34.3199  5.81613e+20
34.9065  5.72606e+20
35.4932  4.11121e+20
36.0799  5.0465e+20
36.6665  4.70028e+20
37.2532  4.19278e+20
37.8399  5.67148e+20
38.4265  5.70985e+20
39.0132  5.38356e+20
39.5999  8.35205e+20
40.1866  7.7316e+20
40.7732  7.51478e+20
41.3599  1.02347e+21
41.9466  8.58868e+20
42.5332  7.7053e+20
43.1199  1.11455e+21
43.7066  8.43402e+20
44.2933  8.73483e+20
44.8799  1.05459e+21
45.4666  7.57348e+20
46.0533  6.9043e+20
46.6399  8.68315e+20
47.2266  5.4131e+20
47.8133  6.04363e+20
48.3999  6.24331e+20
48.9866  4.20613e+20
49.5733  4.09014e+20
50.1599  3.93718e+20
50.7466  2.85474e+20
51.3333  2.85825e+20
51.92  2.56679e+20
52.5066  2.06061e+20
53.0933  2.26063e+20
53.68  2.01174e+20
54.2666  2.39215e+20
54.8533  2.42419e+20
55.44  2.80971e+20
56.0266  2.81167e+20
56.6133  2.81912e+20
57.2  3.67989e+20
57.7867  3.69959e+20
58.3733  3.61135e+20
58.96  4.15113e+20
59.5467  4.33433e+20
60.1333  3.55457e+20
60.72  4.46846e+20
61.3067  4.97025e+20
61.8933  3.6747e+20
62.48  5.08532e+20
63.0667  4.90629e+20
63.6534  3.5251e+20
64.24  4.28535e+20
64.8267  4.83317e+20
65.4134  2.25336e+20
66  3.89438e+20
66.5867  3.13649e+20
67.1734  2.00552e+20
67.7601  2.21271e+20
68.3467  2.08191e+20
68.9334  1.33647e+20
69.5201  1.54259e+20
70.1067  1.27339e+20
70.6934  1.30791e+20
71.2801  1.25864e+20
71.8667  1.27493e+20
72.4534  1.38632e+20
73.0401  1.1819e+20
73.6268  1.96072e+20
74.2134  1.6841e+20
74.8001  1.0578e+20
75.3868  2.82463e+20
75.9734  1.90935e+20
76.5601  1.41863e+20
77.1468  3.63836e+20
77.7334  2.98954e+20
78.3201  1.83448e+20
78.9068  3.65142e+20
79.4934  3.49438e+20
80.0801  1.89721e+20
80.6668  3.71917e+20
81.2535  2.85334e+20
81.8401  1.97002e+20
82.4268  2.35121e+20
83.0135  2.17073e+20
83.6001  1.35605e+20
84.1868  1.59633e+20
84.7735  1.43576e+20
85.3602  8.93633e+19
85.9468  8.29672e+19
86.5335  8.18309e+19
87.1202  9.04701e+19
87.7068  4.33061e+19
88.2935  9.45575e+19
88.8802  8.8593e+19
89.4668  5.33274e+19
90.0535  1.28877e+20
90.6402  9.09725e+19
91.2268  8.60044e+19
91.8135  1.6273e+20
92.4002  1.44899e+20
92.9869  1.75743e+20
93.5735  1.83335e+20
94.1602  2.02479e+20
94.7469  1.85308e+20
95.3335  1.86392e+20
95.9202  2.29795e+20
96.5069  2.15685e+20
97.0935  1.1362e+20
97.6802  2.12438e+20
98.2669  1.95565e+20
98.8536  4.72352e+19
99.4402  2.18955e+20
100.027  1.5752e+20
100.614  5.88842e+19
101.2  1.2443e+20
101.787  1.56956e+20
102.374  5.59362e+19
102.96  1.00275e+20
103.547  9.11622e+19
104.134  6.04561e+19
104.72  7.89042e+19
105.307  6.83698e+19
105.894  7.26384e+19
106.48  5.9717e+19
107.067  6.93018e+19
107.654  8.4622e+19
108.24  7.02907e+19
108.827  1.18613e+20
109.414  8.42067e+19
110  7.478e+19
110.587  1.40868e+20
111.174  1.04846e+20
111.76  1.23234e+20
112.347  1.14366e+20
112.934  1.47658e+20
113.52  1.02254e+20
114.107  1.16111e+20
114.694  9.946e+19
115.28  2.1739e+20
115.867  8.64643e+19
116.454  1.19207e+20
117.04  2.43911e+20
117.627  6.09874e+19
118.214  1.1339e+20
118.8  1.13387e+20
119.387  6.36659e+19
119.974  7.83567e+19
120.56  1.19948e+20
121.147  5.27633e+19
121.734  6.51819e+19
122.32  3.61083e+19
122.907  4.55702e+19
123.494  5.37227e+19
124.08  7.29958e+19
124.667  4.56756e+19
125.254  3.80481e+19
125.84  5.01564e+19
126.427  6.4485e+19
127.014  2.28708e+19
127.6  1.10455e+20
128.187  5.69732e+19
128.774  6.0381e+19
129.36  1.02939e+20
129.947  3.55642e+19
130.534  1.30434e+20
131.12  8.25582e+19
131.707  8.33353e+19
132.294  1.31806e+20
132.88  1.36842e+20
133.467  8.27991e+19
134.054  1.06282e+20
134.64  5.33817e+19
135.227  6.95327e+19
135.814  1.05172e+20
136.4  3.4608e+19
136.987  8.10161e+19
137.574  5.7597e+19
138.16  1.90028e+19
138.747  4.37591e+19
139.334  2.7342e+19
139.92  2.74884e+19
140.507  2.06889e+19
141.094  2.74008e+19
141.68  4.30601e+19
142.267  1.63149e+19
142.854  3.92445e+19
143.44  2.91329e+19
144.027  2.22908e+19
144.614  7.2308e+19
145.2  4.48527e+19
145.787  8.33395e+19
146.374  7.73124e+19
146.96  4.69942e+19
147.547  7.63012e+19
148.134  1.2577e+20
148.721  1.08834e+20
149.307  1.40292e+20
149.894  7.64261e+19
150.481  1.01114e+20
151.067  1.16621e+20
151.654  2.92428e+19
152.241  8.34925e+19
152.827  8.17336e+19
153.414  5.41526e+19
154.001  6.35292e+19
154.587  2.79424e+19
155.174  6.67855e+19
155.761  2.21101e+19
156.347  1.37077e+19
156.934  6.21048e+19
157.521  2.89477e+19
158.107  3.10495e+19
158.694  3.70519e+19
159.281  2.74663e+19
159.867  3.90221e+19
160.454  2.18745e+19
161.041  9.52873e+19
161.627  5.54755e+19
162.214  6.2143e+19
162.801  7.56731e+19
163.387  4.95191e+19
163.974  8.05712e+19
164.561  9.20148e+19
165.147  6.48901e+19
165.734  1.44241e+20
166.321  1.33782e+20
166.907  5.9129e+19
167.494  7.71403e+19
168.081  3.75374e+19
168.667  5.45965e+19
169.254  5.0053e+19
169.841  4.8105e+19
170.427  7.23258e+19
171.014  4.1284e+19
171.601  4.83277e+19
172.187  2.40417e+19
172.774  9.21867e+18
173.361  4.63263e+19
173.947  2.44255e+19
174.534  2.76545e+19
175.121  6.2533e+19
175.707  1.99021e+19
176.294  2.25009e+19
176.881  1.31857e+19
177.467  4.97828e+19
178.054  4.35649e+19
178.641  7.11168e+19
179.227  1.04291e+20
179.814  4.03696e+19
180.401  4.55524e+19
180.987  3.60748e+19
181.574  3.83648e+19
182.161  1.00541e+20
182.747  5.32895e+19
183.334  5.48243e+19
183.921  1.10736e+20
184.507  2.46753e+19
185.094  2.63657e+19
185.681  1.54515e+19
186.267  2.56006e+19
186.854  3.78821e+19
187.441  2.81325e+19
188.027  7.39854e+19
188.614  4.57468e+19
189.201  2.04678e+19
189.787  3.38515e+19
190.374  5.09732e+18
190.961  2.50214e+19
191.547  4.54608e+19
192.134  4.21762e+19
192.721  3.33212e+19
193.307  3.14385e+19
193.894  1.01399e+19
194.481  4.86093e+18
195.067  5.7453e+19
195.654  5.66319e+19
196.241  2.03974e+19
196.827  1.27147e+20
197.414  3.84079e+19
198.001  7.43952e+18
198.587  1.2038e+19
199.174  3.9554e+18
199.761  2.99051e+19
200.347  5.18958e+19
200.934  4.86431e+19
201.521  5.34001e+19
202.107  1.83796e+19
202.694  5.40475e+19
203.281  1.16362e+19
203.867  8.53818e+18
204.454  2.96184e+19
205.041  1.74619e+19
205.627  1.56257e+19
206.214  5.62041e+19
206.801  4.37299e+19
207.388  4.98321e+19
207.974  9.18943e+18
208.561  1.7154e+19
209.148  2.08956e+19
209.734  4.49941e+19
210.321  3.78552e+19
210.908  2.21826e+19
211.494  2.225e+19
212.081  1.58291e+19
212.668  1.02135e+19
213.254  5.53881e+19
213.841  1.76499e+19
214.428  1.93222e+19
215.014  3.66664e+19
215.601  4.38176e+19
216.188  8.18357e+18
216.774  1.03848e+19
217.361  1.7051e+19
217.948  4.97265e+18
218.534  4.99911e+18
219.121  3.15545e+19
219.708  2.22806e+19
220.294  2.57953e+19
220.881  3.02212e+19
221.468  2.39262e+19
222.054  2.46234e+19
222.641  4.02918e+18
223.228  2.47349e+19
223.814  2.14641e+19
224.401  2.27076e+19
224.988  6.97409e+19
225.574  5.60834e+19
226.161  1.33573e+19
226.748  2.64357e+18
227.334  7.03222e+18
227.921  1.2392e+19
228.508  7.98425e+19
229.094  2.95178e+19
229.681  2.28192e+19
230.268  2.90756e+19
230.854  6.86541e+18
231.441  7.37928e+18
232.028  2.2476e+19
232.614  7.70954e+18
233.201  8.41063e+18
233.788  2.11119e+19
234.374  1.51667e+19
