#S 1 spectral density
#N 2
#UFWHM 12.3201
#L  abscissas [um]  spectral density
-234.375  2.91673e+19
-233.788  2.72265e+19
-233.202  1.97169e+19
-232.615  4.364e+19
-232.028  5.16683e+19
-231.442  1.94026e+19
-230.855  5.77388e+19
-230.268  1.66247e+19
-229.682  1.02967e+19
-229.095  3.59476e+19
-228.508  5.09836e+19
-227.922  1.68065e+19
-227.335  7.71983e+19
-226.748  1.21191e+19
-226.162  3.02955e+19
-225.575  2.5439e+19
-224.988  3.07055e+19
-224.402  3.30472e+19
-223.815  5.37617e+19
-223.228  1.7242e+19
-222.642  5.24673e+19
-222.055  3.18584e+19
-221.468  2.96069e+19
-220.882  4.88908e+19
-220.295  4.17509e+19
-219.708  1.29067e+19
-219.122  3.65422e+19
-218.535  2.7791e+19
-217.948  5.65655e+19
-217.362  3.88488e+19
-216.775  3.70808e+19
-216.188  2.30866e+19
-215.602  2.12996e+19
-215.015  3.06422e+19
-214.428  6.61015e+19
-213.842  1.75884e+19
-213.255  2.35859e+19
-212.668  4.8738e+19
-212.082  1.48371e+19
-211.495  5.03354e+19
-210.908  5.49324e+19
-210.322  2.41819e+19
-209.735  1.27546e+19
-209.148  4.63803e+19
-208.562  1.46437e+19
-207.975  4.14082e+19
-207.388  2.92603e+19
-206.802  2.55561e+19
-206.215  2.57663e+19
-205.628  5.11254e+19
-205.041  9.84746e+18
-204.455  2.81859e+19
-203.868  2.50644e+19
-203.281  3.62126e+19
-202.695  4.33665e+19
-202.108  2.92261e+19
-201.521  9.25502e+18
-200.935  2.93441e+19
-200.348  2.4363e+19
-199.761  6.1947e+19
-199.175  4.03432e+19
-198.588  1.06314e+19
-198.001  1.59484e+19
-197.415  1.42401e+19
-196.828  2.39003e+19
-196.241  5.35754e+19
-195.655  1.9807e+19
-195.068  1.91192e+19
-194.481  2.49895e+19
-193.895  1.48226e+19
-193.308  2.73068e+19
-192.721  2.74342e+19
-192.135  1.03509e+19
-191.548  2.99354e+19
-190.961  5.65201e+19
-190.375  2.07413e+19
-189.788  2.13094e+19
-189.201  1.77604e+19
-188.615  5.93624e+18
-188.028  1.92661e+19
-187.441  7.06101e+19
-186.855  2.70288e+19
-186.268  1.68095e+19
-185.681  1.76324e+19
-185.095  1.74879e+19
-184.508  1.70311e+19
-183.921  4.76631e+19
-183.335  3.87433e+19
-182.748  2.44458e+19
-182.161  2.53613e+19
-181.575  2.41662e+19
-180.988  2.69767e+19
-180.401  1.67442e+19
-179.815  3.80053e+19
-179.228  4.12002e+19
-178.641  5.02947e+19
-178.055  2.16332e+19
-177.468  3.43726e+19
-176.881  8.37605e+18
-176.295  4.14103e+19
-175.708  3.14463e+19
-175.121  5.59028e+19
-174.535  3.05813e+19
-173.948  3.31289e+19
-173.361  8.7128e+18
-172.775  6.10585e+19
-172.188  1.35325e+19
-171.601  3.71118e+19
-171.015  3.84492e+19
-170.428  4.68682e+19
-169.841  1.17959e+19
-169.255  6.81788e+19
-168.668  1.3777e+19
-168.081  1.70313e+19
-167.495  3.15108e+19
-166.908  7.04043e+19
-166.321  3.55093e+19
-165.735  3.98926e+19
-165.148  2.05529e+19
-164.561  2.06576e+19
-163.975  2.07099e+19
-163.388  7.40702e+19
-162.801  7.06409e+19
-162.215  2.11288e+19
-161.628  2.26125e+19
-161.041  3.1837e+19
-160.455  2.69685e+19
-159.868  4.55217e+19
-159.281  6.40767e+19
-158.695  2.72743e+19
-158.108  4.6018e+19
-157.521  2.13465e+19
-156.935  3.7623e+19
-156.348  3.92218e+19
-155.761  5.99304e+19
-155.175  2.7162e+19
-154.588  6.72116e+19
-154.001  1.52565e+19
-153.415  1.47274e+19
-152.828  3.74418e+19
-152.241  9.90727e+19
-151.655  1.12266e+19
-151.068  5.31293e+19
-150.481  3.26815e+19
-149.895  3.70719e+18
-149.308  3.02973e+19
-148.721  1.32303e+20
-148.135  4.25418e+18
-147.548  3.46117e+19
-146.961  2.69391e+19
-146.375  1.68936e+19
-145.788  3.04454e+19
-145.201  1.04437e+20
-144.614  1.30484e+19
-144.028  5.34756e+19
-143.441  2.67741e+19
-142.854  2.1174e+19
-142.268  3.03772e+19
-141.681  5.89392e+19
-141.094  1.23465e+19
-140.508  7.24585e+19
-139.921  3.78361e+19
-139.334  1.39357e+19
-138.748  2.90085e+19
-138.161  6.09561e+19
-137.574  5.69234e+19
-136.988  4.28817e+19
-136.401  2.56879e+19
-135.814  1.73853e+19
-135.228  5.22167e+18
-134.641  7.90445e+19
-134.054  9.66498e+19
-133.468  2.30229e+19
-132.881  1.7e+19
-132.294  2.94109e+19
-131.708  3.91464e+19
-131.121  9.43569e+19
-130.534  4.91047e+19
-129.948  2.57314e+19
-129.361  1.39189e+19
-128.774  2.56983e+19
-128.188  7.35163e+19
-127.601  1.04016e+20
-127.014  1.67686e+19
-126.428  4.4652e+19
-125.841  3.38314e+19
-125.254  8.60283e+19
-124.668  2.88106e+19
-124.081  4.44302e+19
-123.494  3.54818e+19
-122.908  3.281e+19
-122.321  4.1485e+19
-121.734  1.62223e+20
-121.148  8.7038e+18
-120.561  1.94456e+19
-119.974  6.24484e+19
-119.388  6.17661e+19
-118.801  1.47309e+19
-118.214  9.75055e+19
-117.628  3.89596e+19
-117.041  3.45359e+19
-116.454  7.51172e+19
-115.868  1.45358e+20
-115.281  4.06186e+19
-114.694  1.95459e+19
-114.108  3.97221e+19
-113.521  6.20372e+19
-112.934  8.2939e+19
-112.348  9.9474e+19
-111.761  8.8544e+19
-111.174  3.35835e+19
-110.588  4.90713e+19
-110.001  9.90477e+19
-109.414  1.03604e+20
-108.828  3.39256e+19
-108.241  5.25244e+19
-107.654  5.65615e+19
-107.068  1.23752e+20
-106.481  6.08679e+19
-105.894  1.14144e+20
-105.308  5.54521e+19
-104.721  1.60001e+19
-104.134  7.83452e+19
-103.548  1.87892e+20
-102.961  1.94628e+19
-102.374  7.6498e+19
-101.788  5.92869e+19
-101.201  8.81423e+19
-100.614  6.2709e+19
-100.028  1.40062e+20
-99.4409  6.60715e+19
-98.8542  3.40093e+19
-98.2676  3.86612e+19
-97.6809  2.256e+20
-97.0942  3.67574e+19
-96.5075  4.82897e+19
-95.9209  9.96698e+19
-95.3342  3.05685e+19
-94.7475  2.67554e+19
-94.1609  2.25222e+20
-93.5742  4.21254e+19
-92.9875  1.53408e+19
-92.4009  7.79337e+19
-91.8142  8.83903e+19
-91.2275  5.87956e+19
-90.6409  1.51674e+20
-90.0542  7.82623e+19
-89.4675  2.98548e+19
-88.8808  4.11962e+19
-88.2942  9.4031e+19
-87.7075  8.04067e+19
-87.1208  7.08004e+19
-86.5342  9.34258e+19
-85.9475  6.90839e+19
-85.3608  5.30067e+19
-84.7741  8.82163e+19
-84.1875  1.38078e+20
-83.6008  6.97312e+19
-83.0141  8.22644e+19
-82.4275  1.1667e+20
-81.8408  6.93663e+19
-81.2541  6.29909e+19
-80.6675  2.4392e+20
-80.0808  1.01656e+20
-79.4941  2.28875e+19
-78.9074  1.86204e+20
-78.3208  8.70622e+19
-77.7341  5.15776e+19
-77.1474  3.24555e+20
-76.5608  1.38976e+20
-75.9741  2.4501e+19
-75.3874  2.1859e+20
-74.8008  8.68555e+19
-74.2141  9.27639e+19
-73.6274  2.00597e+20
-73.0408  8.97846e+19
-72.4541  7.74076e+19
-71.8674  1.2318e+20
-71.2807  7.86507e+19
-70.6941  1.60414e+20
-70.1074  9.75079e+19
-69.5207  9.68613e+19
-68.9341  1.0591e+20
-68.3474  9.17455e+19
-67.7607  9.22388e+19
-67.174  1.60819e+20
-66.5874  1.27648e+20
-66.0007  1.26705e+20
-65.414  1.12818e+20
-64.8274  1.29509e+20
-64.2407  1.43571e+20
-63.654  2.56706e+20
-63.0674  2.51284e+20
-62.4807  1.67634e+20
-61.894  1.94612e+20
-61.3073  2.24073e+20
-60.7207  1.68322e+20
-60.134  3.52773e+20
-59.5473  3.18972e+20
-58.9607  1.30405e+20
-58.374  2.18389e+20
-57.7873  2.29184e+20
-57.2007  7.35946e+19
-56.614  2.65656e+20
-56.0273  2.01912e+20
-55.4407  6.4587e+19
-54.854  1.63843e+20
-54.2673  1.78808e+20
-53.6806  7.24411e+19
-53.094  1.8308e+20
-52.5073  2.4318e+20
-51.9206  2.45484e+20
-51.334  2.3151e+20
-50.7473  3.2071e+20
-50.1606  2.8539e+20
-49.5739  2.72742e+20
-48.9873  5.32035e+20
-48.4006  5.22412e+20
-47.8139  4.29034e+20
-47.2273  5.44467e+20
-46.6406  4.93913e+20
-46.0539  4.49642e+20
-45.4673  6.44775e+20
-44.8806  4.84626e+20
-44.2939  4.37038e+20
-43.7072  4.58354e+20
-43.1206  3.81714e+20
-42.5339  3.93503e+20
-41.9472  4.31797e+20
-41.3606  2.24552e+20
-40.7739  2.82711e+20
-40.1872  3.70557e+20
-39.6006  3.2496e+20
-39.0139  3.41202e+20
-38.4272  5.05971e+20
-37.8406  5.0826e+20
-37.2539  6.25218e+20
-36.6672  9.35276e+20
-36.0805  1.01053e+21
-35.4939  8.85891e+20
-34.9072  1.11392e+21
-34.3205  1.29332e+21
-33.7339  1.18436e+21
-33.1472  1.33987e+21
-32.5605  1.44491e+21
-31.9738  1.12478e+21
-31.3872  1.15918e+21
-30.8005  1.2192e+21
-30.2138  8.94288e+20
-29.6272  8.30764e+20
-29.0405  7.6574e+20
-28.4538  5.25739e+20
-27.8672  7.70824e+20
-27.2805  6.7641e+20
-26.6938  5.61684e+20
-26.1072  1.10449e+21
-25.5205  1.11313e+21
-24.9338  1.09388e+21
-24.3471  1.99766e+21
-23.7605  1.89223e+21
-23.1738  1.68508e+21
-22.5871  2.76866e+21
-22.0005  2.97392e+21
-21.4138  2.78661e+21
-20.8271  3.76522e+21
-20.2404  3.5739e+21
-19.6538  2.84932e+21
-19.0671  3.47675e+21
-18.4804  3.43436e+21
-17.8938  2.90015e+21
-17.3071  3.13856e+21
-16.7204  2.85036e+21
-16.1338  2.21193e+21
-15.5471  2.32869e+21
-14.9604  2.45633e+21
-14.3737  2.75528e+21
-13.7871  3.12698e+21
-13.2004  3.93031e+21
-12.6137  5.29375e+21
-12.0271  6.84774e+21
-11.4404  9.04124e+21
-10.8537  1.21669e+22
-10.2671  1.49222e+22
-9.68039  1.87646e+22
-9.09372  2.35484e+22
-8.50705  2.83193e+22
-7.92038  3.40926e+22
-7.33371  4.03081e+22
-6.74704  4.57489e+22
-6.16037  5.24786e+22
-5.5737  5.8564e+22
-4.98703  6.43026e+22
-4.40036  7.09659e+22
-3.81369  7.59822e+22
-3.22702  8.01739e+22
-2.64035  8.5253e+22
-2.05368  8.75406e+22
-1.46701  8.9871e+22
-0.88034  9.28656e+22
-0.29367  9.25879e+22
0.293  9.24164e+22
0.87967  9.25251e+22
1.46634  8.93358e+22
2.05301  8.66929e+22
2.63968  8.42133e+22
3.22635  7.90321e+22
3.81302  7.46019e+22
4.39969  6.95199e+22
4.98636  6.28216e+22
5.57303  5.69729e+22
6.1597  5.08767e+22
6.74637  4.42162e+22
7.33304  3.8771e+22
7.91971  3.26788e+22
8.50638  2.70383e+22
9.09305  2.23673e+22
9.67972  1.77316e+22
10.2664  1.40414e+22
10.8531  1.13989e+22
11.4397  8.43578e+21
12.0264  6.37585e+21
12.6131  4.93281e+21
13.1997  3.69114e+21
13.7864  2.97499e+21
14.3731  2.66136e+21
14.9597  2.42955e+21
15.5464  2.34031e+21
16.1331  2.2432e+21
16.7198  2.90792e+21
17.3064  3.19466e+21
17.8931  2.95055e+21
18.4798  3.47315e+21
19.0664  3.48938e+21
19.6531  2.8477e+21
20.2398  3.54922e+21
20.8265  3.70749e+21
21.4131  2.73731e+21
21.9998  2.90383e+21
22.5865  2.67872e+21
23.1731  1.61934e+21
23.7598  1.81174e+21
24.3465  1.90474e+21
24.9331  1.03771e+21
25.5198  1.05637e+21
26.1065  1.05244e+21
26.6931  5.44333e+20
27.2798  6.66176e+20
27.8665  7.65039e+20
28.4532  5.34677e+20
29.0398  7.86883e+20
29.6265  8.56316e+20
30.2132  9.17638e+20
30.7998  1.24872e+21
31.3865  1.18514e+21
31.9732  1.13552e+21
32.5599  1.45336e+21
33.1465  1.34395e+21
33.7332  1.17628e+21
34.3199  1.27873e+21
34.9065  1.09255e+21
35.4932  8.61638e+20
36.0799  9.78267e+20
36.6665  9.01808e+20
37.2532  5.98849e+20
37.8399  4.85075e+20
38.4265  4.83787e+20
39.0132  3.27853e+20
39.5999  3.14213e+20
40.1866  3.61437e+20
40.7732  2.8177e+20
41.3599  2.29189e+20
41.9466  4.45035e+20
42.5332  4.0642e+20
43.1199  3.91281e+20
43.7066  4.71891e+20
44.2933  4.49511e+20
44.8799  4.86346e+20
45.4666  6.5708e+20
46.0533  4.54979e+20
46.6399  4.88415e+20
47.2266  5.41039e+20
47.8133  4.24823e+20
48.3999  5.08853e+20
48.9866  5.23791e+20
49.5733  2.65318e+20
50.1599  2.74605e+20
50.7466  3.08716e+20
51.3333  2.22828e+20
51.92  2.34831e+20
52.5066  2.36158e+20
53.0933  1.83506e+20
53.68  7.03783e+19
54.2666  1.81128e+20
54.8533  1.6782e+20
55.44  6.40636e+19
56.0266  2.05938e+20
56.6133  2.74853e+20
57.2  7.57552e+19
57.7867  2.34479e+20
58.3733  2.24371e+20
58.96  1.31223e+20
59.5467  3.18557e+20
60.1333  3.57404e+20
60.72  1.68639e+20
61.3067  2.2169e+20
61.8933  1.94029e+20
62.48  1.64489e+20
63.0667  2.44911e+20
63.6534  2.55051e+20
64.24  1.39712e+20
64.8267  1.24712e+20
65.4134  1.10327e+20
66  1.21795e+20
66.5867  1.23323e+20
67.1734  1.62437e+20
67.7601  9.03059e+19
68.3467  8.95513e+19
68.9334  1.07465e+20
69.5201  9.51515e+19
70.1067  9.64968e+19
70.6934  1.65533e+20
71.2801  8.06318e+19
71.8667  1.24897e+20
72.4534  7.98056e+19
73.0401  9.01798e+19
73.6268  2.01697e+20
74.2134  9.51838e+19
74.8001  8.88089e+19
75.3868  2.21072e+20
75.9734  2.44304e+19
76.5601  1.37527e+20
77.1468  3.22754e+20
77.7334  5.18373e+19
78.3201  8.68041e+19
78.9068  1.86178e+20
79.4934  2.19027e+19
80.0801  9.8912e+19
80.6668  2.40351e+20
81.2535  6.25726e+19
81.8401  6.77754e+19
82.4268  1.15725e+20
83.0135  7.93455e+19
83.6001  6.71192e+19
84.1868  1.37269e+20
84.7735  8.91784e+19
85.3602  5.1607e+19
85.9468  6.91493e+19
86.5335  9.11823e+19
87.1202  6.83708e+19
87.7068  8.21658e+19
88.2935  9.72498e+19
88.8802  3.96768e+19
89.4668  3.03926e+19
90.0535  7.80021e+19
90.6402  1.49784e+20
91.2268  6.05334e+19
91.8135  9.18043e+19
92.4002  7.69789e+19
92.9869  1.57738e+19
93.5735  4.23714e+19
94.1602  2.24554e+20
94.7469  2.75667e+19
95.3335  3.14153e+19
95.9202  9.81427e+19
96.5069  4.84299e+19
97.0935  3.66683e+19
97.6802  2.25904e+20
98.2669  3.95958e+19
98.8536  3.28744e+19
99.4402  6.4076e+19
100.027  1.38439e+20
100.614  6.15351e+19
101.2  8.92568e+19
101.787  5.98143e+19
102.374  7.41524e+19
102.96  1.90503e+19
103.547  1.86167e+20
104.134  7.62302e+19
104.72  1.64654e+19
105.307  5.5559e+19
105.894  1.10283e+20
106.48  6.08562e+19
107.067  1.25208e+20
107.654  5.5665e+19
108.24  5.15054e+19
108.827  3.28241e+19
109.414  1.00098e+20
110  9.85721e+19
110.587  5.09234e+19
111.174  3.41947e+19
111.76  8.79992e+19
112.347  9.68809e+19
112.934  8.26911e+19
113.52  6.20582e+19
114.107  3.8725e+19
114.694  1.89668e+19
115.28  4.0319e+19
115.867  1.43583e+20
116.454  7.7911e+19
117.04  3.53501e+19
117.627  3.75888e+19
118.214  9.47223e+19
118.8  1.41326e+19
119.387  6.16601e+19
119.974  6.40452e+19
120.56  1.96826e+19
121.147  8.6142e+18
121.734  1.6011e+20
122.32  4.21831e+19
122.907  3.39648e+19
123.494  3.52169e+19
124.08  4.25799e+19
124.667  2.89211e+19
125.254  8.52147e+19
125.84  3.50676e+19
126.427  4.62834e+19
127.014  1.64225e+19
127.6  1.01472e+20
128.187  7.38893e+19
128.774  2.51673e+19
129.36  1.39665e+19
129.947  2.62928e+19
130.534  4.93583e+19
131.12  9.35845e+19
131.707  3.95357e+19
132.294  2.8744e+19
132.88  1.64391e+19
133.467  2.25515e+19
134.054  9.70655e+19
134.64  7.99561e+19
135.227  5.01736e+18
135.814  1.68371e+19
136.4  2.51507e+19
136.987  4.3474e+19
137.574  5.68868e+19
138.16  6.13443e+19
138.747  2.87023e+19
139.334  1.36605e+19
139.92  3.71892e+19
140.507  7.48439e+19
141.094  1.19194e+19
141.68  5.91667e+19
142.267  2.99361e+19
142.854  2.14368e+19
143.44  2.60527e+19
144.027  5.5496e+19
144.614  1.29155e+19
145.2  1.05455e+20
145.787  2.94713e+19
146.374  1.72649e+19
146.96  2.64446e+19
147.547  3.54969e+19
148.134  4.18949e+18
148.721  1.33928e+20
149.307  2.95471e+19
149.894  3.6147e+18
150.481  3.20863e+19
151.067  5.36147e+19
151.654  1.12499e+19
152.241  9.96227e+19
152.827  3.67683e+19
153.414  1.44751e+19
154.001  1.51091e+19
154.587  6.76076e+19
155.174  2.78054e+19
155.761  5.91252e+19
156.347  3.85523e+19
156.934  3.7561e+19
157.521  2.21122e+19
158.107  4.54368e+19
158.694  2.81601e+19
159.281  6.27474e+19
159.867  4.53202e+19
160.454  2.67634e+19
161.041  3.3017e+19
161.627  2.18394e+19
162.214  2.17765e+19
162.801  6.93496e+19
163.387  7.43185e+19
163.974  2.04312e+19
164.561  2.13745e+19
165.147  1.98588e+19
165.734  4.05161e+19
166.321  3.45305e+19
166.907  7.0094e+19
167.494  3.15792e+19
168.081  1.73396e+19
168.667  1.34617e+19
169.254  6.87844e+19
169.841  1.13446e+19
170.427  4.56302e+19
171.014  3.84596e+19
171.601  3.74394e+19
172.187  1.40571e+19
172.774  6.10219e+19
173.361  8.70842e+18
173.947  3.18037e+19
174.534  3.03673e+19
175.121  5.63977e+19
175.707  3.2107e+19
176.294  4.04847e+19
176.881  8.43471e+18
177.467  3.30915e+19
178.054  2.19451e+19
178.641  5.02383e+19
179.227  4.13052e+19
179.814  3.68623e+19
180.401  1.7177e+19
180.987  2.5887e+19
181.574  2.48602e+19
182.161  2.47682e+19
182.747  2.40291e+19
183.334  3.73684e+19
183.921  4.89319e+19
184.507  1.63007e+19
185.094  1.79697e+19
185.681  1.73167e+19
186.267  1.63816e+19
186.854  2.59895e+19
187.441  7.17146e+19
188.027  1.86576e+19
188.614  5.88228e+18
189.201  1.82033e+19
189.787  2.10602e+19
190.374  2.05664e+19
190.961  5.65392e+19
191.547  2.90722e+19
192.134  1.00572e+19
192.721  2.84319e+19
193.307  2.71129e+19
193.894  1.52672e+19
194.481  2.43266e+19
195.067  1.83966e+19
195.654  1.96748e+19
196.241  5.4819e+19
196.827  2.39681e+19
197.414  1.48058e+19
198.001  1.55373e+19
198.587  1.05655e+19
199.174  4.03688e+19
199.761  6.21569e+19
200.347  2.4031e+19
200.934  2.98231e+19
201.521  9.43283e+18
202.107  3.01873e+19
202.694  4.41374e+19
203.281  3.56863e+19
203.867  2.43329e+19
204.454  2.80518e+19
205.041  1.00166e+19
205.627  5.21927e+19
206.214  2.63895e+19
206.801  2.53994e+19
207.388  2.96884e+19
207.974  4.09869e+19
208.561  1.50866e+19
209.148  4.66318e+19
209.734  1.32939e+19
210.321  2.45059e+19
210.908  5.60761e+19
211.494  4.92642e+19
212.081  1.5279e+19
212.668  4.79678e+19
213.254  2.44283e+19
213.841  1.72728e+19
214.428  6.79667e+19
215.014  2.98585e+19
215.601  2.18935e+19
216.188  2.22026e+19
216.774  3.84546e+19
217.361  3.76812e+19
217.948  5.76092e+19
218.534  2.72199e+19
219.121  3.75069e+19
219.708  1.29666e+19
220.294  4.32073e+19
220.881  4.71755e+19
221.468  2.96759e+19
222.054  3.10338e+19
222.641  5.34531e+19
223.228  1.76383e+19
223.814  5.52233e+19
224.401  3.20972e+19
224.988  3.10735e+19
225.574  2.47593e+19
226.161  3.0414e+19
226.748  1.21609e+19
227.334  7.73611e+19
227.921  1.64821e+19
228.508  5.13385e+19
229.094  3.69445e+19
229.681  1.02823e+19
230.268  1.66842e+19
230.854  5.67829e+19
231.441  1.9091e+19
232.028  5.13466e+19
232.614  4.43107e+19
233.201  1.9614e+19
233.788  2.77684e+19
234.374  2.8937e+19
