#S 1 spectral density
#N 2
#UFWHM 11.1467
#L  abscissas [um]  spectral density
-234.375  3.66834e+19
-233.788  5.54447e+19
-233.202  1.86623e+19
-232.615  3.82664e+19
-232.028  1.01165e+20
-231.442  3.07409e+19
-230.855  6.36432e+19
-230.268  1.58512e+19
-229.682  2.03845e+19
-229.095  2.31024e+19
-228.508  7.65529e+19
-227.922  3.53634e+19
-227.335  7.78369e+19
-226.748  1.15664e+19
-226.162  6.15237e+19
-225.575  7.12085e+18
-224.988  5.12202e+19
-224.402  1.73295e+19
-223.815  6.0946e+19
-223.228  2.00294e+19
-222.642  9.83494e+19
-222.055  1.14062e+19
-221.468  5.9363e+19
-220.882  7.02633e+18
-220.295  4.98522e+19
-219.708  1.19027e+19
-219.122  6.10808e+19
-218.535  2.01585e+19
-217.948  6.99353e+19
-217.362  1.6949e+19
-216.775  6.25783e+19
-216.188  1.12414e+19
-215.602  2.9797e+19
-215.015  1.50723e+19
-214.428  6.77347e+19
-213.842  2.1754e+19
-213.255  7.34701e+19
-212.668  1.21725e+19
-212.082  2.2845e+19
-211.495  1.05313e+19
-210.908  5.62228e+19
-210.322  1.35659e+19
-209.735  6.03305e+19
-209.148  2.18727e+19
-208.562  2.12807e+19
-207.975  3.77688e+19
-207.388  2.5619e+19
-206.802  6.97818e+18
-206.215  5.1793e+19
-205.628  2.26344e+19
-205.041  1.34677e+19
-204.455  6.56442e+19
-203.868  1.76786e+19
-203.281  8.00063e+18
-202.695  3.97264e+19
-202.108  1.75813e+19
-201.521  1.45662e+19
-200.935  5.28578e+19
-200.348  2.52587e+19
-199.761  2.07439e+19
-199.175  2.66298e+19
-198.588  8.37509e+18
-198.001  1.67516e+19
-197.415  2.64815e+19
-196.828  2.51478e+19
-196.241  3.48812e+19
-195.655  3.07336e+19
-195.068  5.68045e+18
-194.481  2.04514e+19
-193.895  2.54285e+19
-193.308  6.54926e+18
-192.721  4.46711e+19
-192.135  2.64502e+19
-191.548  1.31261e+19
-190.961  2.91178e+19
-190.375  3.02714e+19
-189.788  5.18657e+18
-189.201  3.78557e+19
-188.615  1.49453e+19
-188.028  3.02617e+19
-187.441  3.31624e+19
-186.855  2.62886e+19
-186.268  1.38216e+19
-185.681  3.12001e+19
-185.095  6.48268e+18
-184.508  3.62922e+19
-183.921  5.1506e+19
-183.335  2.34996e+19
-182.748  1.13323e+19
-182.161  4.98902e+19
-181.575  5.00322e+18
-180.988  3.76216e+19
-180.401  4.88175e+19
-179.815  1.66021e+19
-179.228  1.51955e+19
-178.641  5.80434e+19
-178.055  8.10912e+18
-177.468  5.01015e+19
-176.881  2.91976e+19
-176.295  2.17851e+19
-175.708  2.40298e+19
-175.121  5.02173e+19
-174.535  8.84479e+18
-173.948  5.69465e+19
-173.361  2.17724e+19
-172.775  3.17055e+19
-172.188  3.37539e+19
-171.601  5.44763e+19
-171.015  3.01716e+18
-170.428  7.45505e+19
-169.841  3.40665e+19
-169.255  3.87384e+19
-168.668  3.76382e+19
-168.081  4.66685e+19
-167.495  7.64208e+18
-166.908  7.38308e+19
-166.321  5.37967e+19
-165.735  4.2418e+19
-165.148  3.69239e+19
-164.561  4.61523e+19
-163.975  2.10119e+19
-163.388  6.17245e+19
-162.801  7.72874e+19
-162.215  2.47626e+19
-161.628  4.28726e+19
-161.041  3.62472e+19
-160.455  3.35358e+19
-159.868  4.18123e+19
-159.281  8.04007e+19
-158.695  1.79998e+19
-158.108  6.06356e+19
-157.521  2.89377e+19
-156.935  5.53722e+19
-156.348  1.74404e+19
-155.761  7.25971e+19
-155.175  1.83882e+19
-154.588  7.13791e+19
-154.001  1.53702e+19
-153.415  6.38331e+19
-152.828  1.0353e+19
-152.241  7.68113e+19
-151.655  1.22392e+19
-151.068  7.89833e+19
-150.481  1.46838e+19
-149.895  4.36288e+19
-149.308  1.31221e+19
-148.721  8.91946e+19
-148.135  5.98966e+18
-147.548  7.75592e+19
-146.961  2.38926e+19
-146.375  5.01402e+19
-145.788  1.27948e+19
-145.201  8.82749e+19
-144.614  1.53031e+19
-144.028  6.63821e+19
-143.441  4.00249e+19
-142.854  4.82195e+19
-142.268  2.13259e+19
-141.681  7.31773e+19
-141.094  2.88391e+19
-140.508  6.60107e+19
-139.921  5.00257e+19
-139.334  3.56033e+19
-138.748  4.02079e+19
-138.161  5.4266e+19
-137.574  3.84261e+19
-136.988  4.19399e+19
-136.401  6.97147e+19
-135.814  1.44205e+19
-135.228  2.63326e+19
-134.641  7.34204e+19
-134.054  4.98827e+19
-133.468  1.52414e+19
-132.881  9.38507e+19
-132.294  1.44179e+19
-131.708  1.97754e+19
-131.121  5.24486e+19
-130.534  6.00027e+19
-129.948  1.3442e+19
-129.361  7.78021e+19
-128.774  2.34393e+19
-128.188  4.0642e+19
-127.601  2.15779e+19
-127.014  5.64806e+19
-126.428  3.00809e+19
-125.841  6.80401e+19
-125.254  1.35491e+19
-124.668  5.23923e+19
-124.081  1.44114e+19
-123.494  3.6816e+19
-122.908  3.29962e+19
-122.321  7.45792e+19
-121.734  2.76921e+19
-121.148  4.70521e+19
-120.561  1.10187e+19
-119.974  5.77328e+19
-119.388  2.46742e+19
-118.801  5.54985e+19
-118.214  5.45479e+19
-117.628  3.55653e+19
-117.041  4.04597e+18
-116.454  7.98439e+19
-115.868  6.52243e+19
-115.281  6.83205e+19
-114.694  2.64192e+19
-114.108  5.70017e+19
-113.521  1.97287e+19
-112.934  1.19057e+19
-112.348  1.01699e+20
-111.761  9.01334e+19
-111.174  1.61788e+19
-110.588  9.91264e+19
-110.001  5.22198e+19
-109.414  1.99307e+19
-108.828  5.94353e+19
-108.241  4.71692e+19
-107.654  8.32533e+19
-107.068  5.45422e+19
-106.481  5.86208e+19
-105.894  9.35348e+19
-105.308  2.91292e+19
-104.721  5.21106e+19
-104.134  1.48814e+20
-103.548  3.55558e+19
-102.961  3.45551e+19
-102.374  5.18742e+19
-101.788  5.10607e+19
-101.201  8.48498e+19
-100.614  1.31286e+20
-100.028  8.13974e+19
-99.4409  7.2483e+19
-98.8542  2.491e+19
-98.2676  6.65936e+19
-97.6809  1.35634e+20
-97.0942  7.32243e+19
-96.5075  3.75517e+19
-95.9209  1.21758e+20
-95.3342  7.09484e+19
-94.7475  6.92877e+19
-94.1609  1.71379e+20
-93.5742  6.12898e+19
-92.9875  5.65399e+19
-92.4009  9.74339e+19
-91.8142  8.1168e+19
-91.2275  1.16984e+20
-90.6409  9.36715e+19
-90.0542  5.81382e+19
-89.4675  1.6185e+20
-88.8808  2.65085e+19
-88.2942  7.10009e+19
-87.7075  1.41665e+20
-87.1208  8.52564e+18
-86.5342  6.38702e+19
-85.9475  1.57508e+20
-85.3608  2.20922e+19
-84.7741  7.35786e+19
-84.1875  9.89307e+19
-83.6008  2.89515e+19
-83.0141  5.18479e+19
-82.4275  7.48841e+19
-81.8408  5.34196e+19
-81.2541  5.50422e+19
-80.6675  8.23116e+19
-80.0808  9.37707e+19
-79.4941  5.69769e+19
-78.9074  5.44525e+19
-78.3208  1.27305e+20
-77.7341  5.92276e+19
-77.1474  6.62278e+19
-76.5608  1.32784e+20
-75.9741  9.60452e+19
-75.3874  6.62847e+19
-74.8008  1.62925e+20
-74.2141  1.38095e+20
-73.6274  4.74406e+19
-73.0408  1.13898e+20
-72.4541  2.25389e+20
-71.8674  1.29736e+20
-71.2807  1.21791e+20
-70.6941  2.41858e+20
-70.1074  7.22387e+19
-69.5207  6.56185e+19
-68.9341  2.22275e+20
-68.3474  1.2492e+20
-67.7607  4.36694e+19
-67.174  1.77467e+20
-66.5874  9.3385e+19
-66.0007  1.02727e+20
-65.414  1.30667e+20
-64.8274  1.29167e+20
-64.2407  5.62523e+19
-63.654  1.07314e+20
-63.0674  1.14367e+20
-62.4807  1.17875e+20
-61.894  9.48861e+19
-61.3073  1.86245e+20
-60.7207  8.87899e+19
-60.134  9.91762e+19
-59.5473  2.199e+20
-58.9607  1.38784e+20
-58.374  1.29044e+20
-57.7873  3.75358e+20
-57.2007  2.00002e+20
-56.614  1.13443e+20
-56.0273  3.26584e+20
-55.4407  2.23782e+20
-54.854  1.63319e+20
-54.2673  3.88058e+20
-53.6806  2.50144e+20
-53.094  1.19828e+20
-52.5073  2.05926e+20
-51.9206  1.85534e+20
-51.334  1.28462e+20
-50.7473  1.65686e+20
-50.1606  1.73698e+20
-49.5739  1.13557e+20
-48.9873  1.5774e+20
-48.4006  2.04986e+20
-47.8139  1.05942e+20
-47.2273  2.57232e+20
-46.6406  3.59678e+20
-46.0539  1.84144e+20
-45.4673  4.50695e+20
-44.8806  4.61435e+20
-44.2939  2.25104e+20
-43.7072  5.28257e+20
-43.1206  6.66626e+20
-42.5339  3.28946e+20
-41.9472  5.63723e+20
-41.3606  5.83262e+20
-40.7739  3.77199e+20
-40.1872  4.26645e+20
-39.6006  5.61997e+20
-39.0139  3.14199e+20
-38.4272  2.94461e+20
-37.8406  3.71976e+20
-37.2539  3.4791e+20
-36.6672  2.10407e+20
-36.0805  4.08008e+20
-35.4939  3.28936e+20
-34.9072  3.89222e+20
-34.3205  7.24031e+20
-33.7339  6.46487e+20
-33.1472  6.33224e+20
-32.5605  1.0779e+21
-31.9738  9.11677e+20
-31.3872  1.09047e+21
-30.8005  1.56643e+21
-30.2138  1.17347e+21
-29.6272  1.14876e+21
-29.0405  1.46498e+21
-28.4538  1.1218e+21
-27.8672  1.11137e+21
-27.2805  1.24879e+21
-26.6938  8.51296e+20
-26.1072  7.63621e+20
-25.5205  8.40265e+20
-24.9338  7.64819e+20
-24.3471  7.53751e+20
-23.7605  9.39763e+20
-23.1738  1.25207e+21
-22.5871  1.41569e+21
-22.0005  1.73605e+21
-21.4138  2.34398e+21
-20.8271  2.4083e+21
-20.2404  2.88762e+21
-19.6538  3.71146e+21
-19.0671  3.55231e+21
-18.4804  3.72238e+21
-17.8938  4.11201e+21
-17.3071  3.45972e+21
-16.7204  3.61341e+21
-16.1338  3.82541e+21
-15.5471  3.11927e+21
-14.9604  3.0009e+21
-14.3737  2.81521e+21
-13.7871  2.406e+21
-13.2004  3.02086e+21
-12.6137  3.37177e+21
-12.0271  4.27739e+21
-11.4404  5.89701e+21
-10.8537  7.47432e+21
-10.2671  1.05389e+22
-9.68039  1.46662e+22
-9.09372  1.79672e+22
-8.50705  2.31936e+22
-7.92038  2.92198e+22
-7.33371  3.41316e+22
-6.74704  4.15625e+22
-6.16037  5.04017e+22
-5.5737  5.61479e+22
-4.98703  6.39446e+22
-4.40036  7.29181e+22
-3.81369  7.75275e+22
-3.22702  8.45312e+22
-2.64035  9.3504e+22
-2.05368  9.5992e+22
-1.46701  9.98643e+22
-0.88034  1.0511e+23
-0.29367  1.0299e+23
0.293  1.02718e+23
0.87967  1.04615e+23
1.46634  9.91708e+22
2.05301  9.48819e+22
2.63968  9.2228e+22
3.22635  8.3187e+22
3.81302  7.58623e+22
4.39969  7.11876e+22
4.98636  6.22495e+22
5.57303  5.43655e+22
6.1597  4.86771e+22
6.74637  4.00187e+22
7.33304  3.26312e+22
7.91971  2.78388e+22
8.50638  2.20049e+22
9.09305  1.69315e+22
9.67972  1.37758e+22
10.2664  9.85804e+21
10.8531  6.96249e+21
11.4397  5.50405e+21
12.0264  4.0155e+21
12.6131  3.23178e+21
13.1997  2.94477e+21
13.7864  2.39182e+21
14.3731  2.85675e+21
14.9597  3.06306e+21
15.5464  3.18277e+21
16.1331  3.8824e+21
16.7198  3.66588e+21
17.3064  3.47591e+21
17.8931  4.08965e+21
18.4798  3.69376e+21
19.0664  3.49485e+21
19.6531  3.62224e+21
20.2398  2.80908e+21
20.8265  2.31852e+21
21.4131  2.24067e+21
21.9998  1.65239e+21
22.5865  1.34395e+21
23.1731  1.19091e+21
23.7598  9.05684e+20
24.3465  7.3718e+20
24.9331  7.62263e+20
25.5198  8.55897e+20
26.1065  7.83877e+20
26.6931  8.75444e+20
27.2798  1.28423e+21
27.8665  1.13462e+21
28.4532  1.13944e+21
29.0398  1.48196e+21
29.6265  1.14935e+21
30.2132  1.16067e+21
30.7998  1.55454e+21
31.3865  1.07062e+21
31.9732  8.86557e+20
32.5599  1.04756e+21
33.1465  6.08015e+20
33.7332  6.16593e+20
34.3199  6.92887e+20
34.9065  3.71481e+20
35.4932  3.17314e+20
36.0799  4.00352e+20
36.6665  2.11016e+20
37.2532  3.54367e+20
37.8399  3.79624e+20
38.4265  3.02182e+20
39.0132  3.24104e+20
39.5999  5.76964e+20
40.1866  4.32404e+20
40.7732  3.85856e+20
41.3599  5.86918e+20
41.9466  5.62437e+20
42.5332  3.27569e+20
43.1199  6.62593e+20
43.7066  5.20488e+20
44.2933  2.20979e+20
44.8799  4.47439e+20
45.4666  4.37057e+20
46.0533  1.76897e+20
46.6399  3.48137e+20
47.2266  2.48017e+20
47.8133  1.05343e+20
48.3999  2.01458e+20
48.9866  1.53516e+20
49.5733  1.16021e+20
50.1599  1.75368e+20
50.7466  1.67593e+20
51.3333  1.3285e+20
51.92  1.90652e+20
52.5066  2.08708e+20
53.0933  1.22291e+20
53.68  2.5311e+20
54.2666  3.89527e+20
54.8533  1.6586e+20
55.44  2.25379e+20
56.0266  3.23499e+20
56.6133  1.11091e+20
57.2  1.96581e+20
57.7867  3.68627e+20
58.3733  1.28027e+20
58.96  1.37004e+20
59.5467  2.13788e+20
60.1333  9.5819e+19
60.72  8.55928e+19
61.3067  1.81846e+20
61.8933  9.41483e+19
62.48  1.18722e+20
63.0667  1.12515e+20
63.6534  1.05865e+20
64.24  5.55877e+19
64.8267  1.29211e+20
65.4134  1.33391e+20
66  1.0587e+20
66.5867  9.39463e+19
67.1734  1.79869e+20
67.7601  4.3231e+19
68.3467  1.25169e+20
68.9334  2.26173e+20
69.5201  6.66071e+19
70.1067  7.16835e+19
70.6934  2.42592e+20
71.2801  1.19125e+20
71.8667  1.29474e+20
72.4534  2.2645e+20
73.0401  1.11696e+20
73.6268  4.60841e+19
74.2134  1.36683e+20
74.8001  1.58002e+20
75.3868  6.60558e+19
75.9734  9.66396e+19
76.5601  1.29445e+20
77.1468  6.41274e+19
77.7334  5.86168e+19
78.3201  1.23232e+20
78.9068  5.43912e+19
79.4934  5.84471e+19
80.0801  9.31813e+19
80.6668  7.97449e+19
81.2535  5.58456e+19
81.8401  5.21602e+19
82.4268  7.56369e+19
83.0135  5.3398e+19
83.6001  2.95555e+19
84.1868  9.7378e+19
84.7735  7.57184e+19
85.3602  2.19955e+19
85.9468  1.60299e+20
86.5335  6.52991e+19
87.1202  8.1259e+18
87.7068  1.40383e+20
88.2935  7.24115e+19
88.8802  2.72489e+19
89.4668  1.64833e+20
90.0535  5.75487e+19
90.6402  9.32798e+19
91.2268  1.16803e+20
91.8135  8.07202e+19
92.4002  9.84479e+19
92.9869  5.83999e+19
93.5735  5.89314e+19
94.1602  1.70304e+20
94.7469  7.04896e+19
95.3335  7.02714e+19
95.9202  1.21062e+20
96.5069  3.72442e+19
97.0935  7.15822e+19
97.6802  1.33964e+20
98.2669  6.78999e+19
98.8536  2.52888e+19
99.4402  7.10269e+19
100.027  7.96819e+19
100.614  1.31315e+20
101.2  8.42564e+19
101.787  5.07523e+19
102.374  5.05008e+19
102.96  3.36032e+19
103.547  3.4149e+19
104.134  1.5044e+20
104.72  5.37691e+19
105.307  2.79246e+19
105.894  9.0829e+19
106.48  5.81725e+19
107.067  5.39176e+19
107.654  8.44052e+19
108.24  4.67146e+19
108.827  5.80286e+19
109.414  1.9297e+19
110  5.28706e+19
110.587  1.00759e+20
111.174  1.66866e+19
111.76  8.68566e+19
112.347  1.00262e+20
112.934  1.2e+19
113.52  2.01297e+19
114.107  5.9188e+19
114.694  2.52965e+19
115.28  6.7144e+19
115.867  6.52412e+19
116.454  8.09854e+19
117.04  3.91214e+18
117.627  3.57306e+19
118.214  5.23536e+19
118.8  5.67008e+19
119.387  2.42409e+19
119.974  5.97779e+19
120.56  1.10201e+19
121.147  4.72967e+19
121.734  2.66587e+19
122.32  7.63228e+19
122.907  3.1597e+19
123.494  3.73526e+19
124.08  1.43228e+19
124.667  5.40515e+19
125.254  1.39466e+19
125.84  6.87253e+19
126.427  2.90761e+19
127.014  5.65246e+19
127.6  2.1538e+19
128.187  4.20733e+19
128.774  2.42811e+19
129.36  7.62466e+19
129.947  1.29557e+19
130.534  6.10372e+19
131.12  5.39933e+19
131.707  1.99036e+19
132.294  1.46682e+19
132.88  9.14626e+19
133.467  1.53581e+19
134.054  5.02511e+19
134.64  7.57751e+19
135.227  2.54757e+19
135.814  1.43279e+19
136.4  6.84682e+19
136.987  4.33558e+19
137.574  3.7294e+19
138.16  5.55056e+19
138.747  3.90905e+19
139.334  3.5713e+19
139.92  4.88743e+19
140.507  6.78645e+19
141.094  2.78336e+19
141.68  7.38893e+19
142.267  2.07864e+19
142.854  4.89884e+19
143.44  3.84434e+19
144.027  6.6698e+19
144.614  1.47611e+19
145.2  8.94481e+19
145.787  1.26473e+19
146.374  5.02546e+19
146.96  2.2945e+19
147.547  7.66839e+19
148.134  5.88443e+18
148.721  9.07248e+19
149.307  1.34318e+19
149.894  4.28034e+19
150.481  1.41844e+19
151.067  7.78713e+19
151.654  1.26579e+19
152.241  7.73521e+19
152.827  1.05253e+19
153.414  6.25425e+19
154.001  1.5639e+19
154.587  7.05551e+19
155.174  1.90906e+19
155.761  7.27649e+19
156.347  1.76053e+19
156.934  5.39876e+19
157.521  2.93005e+19
158.107  5.96194e+19
158.694  1.84085e+19
159.281  8.0509e+19
159.867  4.20838e+19
160.454  3.22415e+19
161.041  3.62387e+19
161.627  4.21579e+19
162.214  2.48821e+19
162.801  7.66311e+19
163.387  6.15845e+19
163.974  2.02974e+19
164.561  4.52802e+19
165.147  3.63278e+19
165.734  4.24754e+19
166.321  5.26947e+19
166.907  7.24028e+19
167.494  7.44933e+18
168.081  4.60722e+19
168.667  3.72401e+19
169.254  3.84126e+19
169.841  3.3328e+19
170.427  7.22057e+19
171.014  2.95738e+18
171.601  5.37571e+19
172.187  3.37767e+19
172.774  3.07881e+19
173.361  2.19947e+19
173.947  5.51725e+19
174.534  9.01692e+18
175.121  4.86308e+19
175.707  2.44229e+19
176.294  2.09618e+19
176.881  2.99894e+19
177.467  4.83996e+19
178.054  8.29273e+18
178.641  5.57015e+19
179.227  1.56265e+19
179.814  1.6178e+19
180.401  5.03463e+19
180.987  3.60576e+19
181.574  5.15258e+18
182.161  4.81578e+19
182.747  1.1414e+19
183.334  2.32316e+19
183.921  5.24371e+19
184.507  3.52709e+19
185.094  6.6088e+18
185.681  3.06577e+19
186.267  1.3759e+19
186.854  2.63508e+19
187.441  3.34041e+19
188.027  3.05809e+19
188.614  1.47137e+19
189.201  3.85097e+19
189.787  5.09073e+18
190.374  2.98644e+19
190.961  2.8448e+19
191.547  1.34477e+19
192.134  2.57665e+19
192.721  4.58018e+19
193.307  6.6789e+18
193.894  2.55827e+19
194.481  1.98533e+19
195.067  5.75795e+18
195.654  2.95623e+19
196.241  3.57161e+19
196.827  2.57615e+19
197.414  2.70499e+19
198.001  1.62632e+19
198.587  8.6684e+18
199.174  2.57605e+19
199.761  2.14433e+19
200.347  2.54957e+19
200.934  5.39987e+19
201.521  1.47811e+19
202.107  1.77294e+19
202.694  3.99027e+19
203.281  8.19217e+18
203.867  1.74781e+19
204.454  6.57981e+19
205.041  1.38692e+19
205.627  2.29433e+19
206.214  5.37407e+19
206.801  7.22309e+18
207.388  2.63295e+19
207.974  3.73224e+19
208.561  2.18117e+19
209.148  2.18277e+19
209.734  6.27721e+19
210.321  1.37468e+19
210.908  5.82349e+19
211.494  1.02509e+19
212.081  2.3342e+19
212.668  1.19234e+19
213.254  7.58157e+19
213.841  2.14649e+19
214.428  6.95826e+19
215.014  1.53646e+19
215.601  3.09934e+19
216.188  1.10297e+19
216.774  6.43728e+19
217.361  1.67731e+19
217.948  7.19266e+19
218.534  2.03808e+19
219.121  6.33764e+19
219.708  1.22574e+19
220.294  5.10431e+19
220.881  6.90719e+18
221.468  6.05562e+19
222.054  1.10518e+19
222.641  1.00335e+20
223.228  2.06865e+19
223.814  6.20878e+19
224.401  1.80252e+19
224.988  5.21842e+19
225.574  7.13072e+18
226.161  6.13544e+19
226.748  1.19542e+19
227.334  7.8891e+19
227.921  3.56938e+19
228.508  7.77409e+19
229.094  2.39836e+19
229.681  2.0105e+19
230.268  1.65209e+19
230.854  6.34066e+19
231.441  3.06111e+19
232.028  1.00939e+20
232.614  3.85747e+19
233.201  1.8711e+19
233.788  5.67715e+19
234.374  3.64316e+19
