#S 1 spectral density
#N 2
#UFWHM 11.7334
#L  abscissas [um]  spectral density
-234.375  6.11194e+19
-233.788  2.96482e+19
-233.202  4.59138e+19
-232.615  3.43229e+19
-232.028  5.03338e+19
-231.442  2.18832e+19
-230.855  6.96538e+19
-230.268  4.01877e+19
-229.682  4.69467e+19
-229.095  2.29537e+19
-228.508  7.0013e+19
-227.922  9.05823e+18
-227.335  6.91705e+19
-226.748  4.48909e+19
-226.162  3.28506e+19
-225.575  1.16964e+19
-224.988  8.20614e+19
-224.402  5.95667e+18
-223.815  9.91742e+19
-223.228  2.26682e+19
-222.642  3.35848e+19
-222.055  6.23431e+18
-221.468  6.02371e+19
-220.882  8.98391e+18
-220.295  1.27718e+20
-219.708  6.1109e+18
-219.122  3.54122e+19
-218.535  2.92998e+19
-217.948  4.92732e+19
-217.362  1.79542e+19
-216.775  7.7037e+19
-216.188  2.36873e+18
-215.602  3.92061e+19
-215.015  2.91594e+19
-214.428  7.60732e+19
-213.842  2.60882e+19
-213.255  2.75423e+19
-212.668  2.72206e+18
-212.082  3.6617e+19
-211.495  1.21132e+19
-210.908  9.10116e+19
-210.322  2.29526e+19
-209.735  2.41283e+19
-209.148  7.52734e+18
-208.562  3.42472e+19
-207.975  1.13244e+19
-207.388  4.69346e+19
-206.802  1.21214e+19
-206.215  3.48642e+19
-205.628  2.2344e+19
-205.041  2.62347e+19
-204.455  1.75691e+19
-203.868  2.02857e+19
-203.281  1.25794e+19
-202.695  3.03311e+19
-202.108  3.46679e+19
-201.521  1.95228e+19
-200.935  1.85374e+19
-200.348  1.89202e+19
-199.761  1.75279e+19
-199.175  3.13227e+19
-198.588  2.71832e+19
-198.001  1.72239e+19
-197.415  1.41899e+19
-196.828  2.09357e+19
-196.241  1.96398e+19
-195.655  2.73827e+19
-195.068  1.32429e+19
-194.481  1.81831e+19
-193.895  2.63806e+19
-193.308  1.60173e+19
-192.721  2.24682e+19
-192.135  2.29483e+19
-191.548  1.96587e+19
-190.961  1.20385e+19
-190.375  4.64207e+19
-189.788  1.57878e+19
-189.201  1.78012e+19
-188.615  1.52326e+19
-188.028  3.85417e+19
-187.441  9.7695e+18
-186.855  5.7986e+19
-186.268  1.19845e+19
-185.681  1.72703e+19
-185.095  8.19854e+18
-184.508  4.32477e+19
-183.921  2.04838e+19
-183.335  5.56334e+19
-182.748  1.41876e+18
-182.161  3.01299e+19
-181.575  1.04874e+19
-180.988  4.07181e+19
-180.401  1.58961e+19
-179.815  5.07176e+19
-179.228  2.91446e+18
-178.641  3.99531e+19
-178.055  1.91025e+19
-177.468  4.66121e+19
-176.881  7.3552e+18
-176.295  5.49259e+19
-175.708  8.20578e+18
-175.121  5.10331e+19
-174.535  2.48154e+19
-173.948  4.23476e+19
-173.361  9.31046e+18
-172.775  5.54725e+19
-172.188  1.17556e+19
-171.601  6.47322e+19
-171.015  2.46977e+19
-170.428  4.74152e+19
-169.841  2.19805e+19
-169.255  5.93077e+19
-168.668  1.66277e+19
-168.081  6.43855e+19
-167.495  3.45582e+19
-166.908  3.84064e+19
-166.321  4.85108e+19
-165.735  5.27357e+19
-165.148  1.80681e+19
-164.561  7.69839e+19
-163.975  4.83748e+19
-163.388  2.63394e+19
-162.801  8.16447e+19
-162.215  2.62807e+19
-161.628  2.37529e+19
-161.041  7.94228e+19
-160.455  6.049e+19
-159.868  1.01115e+19
-159.281  8.87933e+19
-158.695  2.39878e+19
-158.108  2.84343e+19
-157.521  5.42164e+19
-156.935  8.32181e+19
-156.348  4.19268e+17
-155.761  8.43064e+19
-155.175  2.83619e+19
-154.588  3.53271e+19
-154.001  2.14542e+19
-153.415  7.21921e+19
-152.828  3.32043e+18
-152.241  9.98491e+19
-151.655  2.33717e+19
-151.068  4.44021e+19
-150.481  2.1016e+19
-149.895  5.13176e+19
-149.308  3.06977e+18
-148.721  1.16177e+20
-148.135  1.15282e+19
-147.548  3.37207e+19
-146.961  3.1204e+19
-146.375  7.57355e+19
-145.788  5.28327e+18
-145.201  1.01568e+20
-144.614  2.46352e+19
-144.028  3.21773e+19
-143.441  2.80685e+19
-142.854  8.55232e+19
-142.268  1.88111e+19
-141.681  5.8529e+19
-141.094  3.98773e+19
-140.508  5.34159e+19
-139.921  2.35385e+19
-139.334  7.02135e+19
-138.748  3.66106e+19
-138.161  4.12758e+19
-137.574  5.55915e+19
-136.988  4.1647e+19
-136.401  2.70158e+19
-135.814  3.13731e+19
-135.228  2.15683e+19
-134.641  5.57924e+19
-134.054  7.56223e+19
-133.468  3.07692e+19
-132.881  2.40944e+19
-132.294  2.84329e+19
-131.708  4.13159e+19
-131.121  2.09885e+19
-130.534  7.07092e+19
-129.948  3.09786e+19
-129.361  8.82421e+18
-128.774  2.93034e+19
-128.188  9.49585e+19
-127.601  6.53983e+18
-127.014  3.686e+19
-126.428  3.8232e+19
-125.841  2.38251e+19
-125.254  1.07053e+19
-124.668  1.05172e+20
-124.081  1.15786e+19
-123.494  1.90238e+19
-122.908  3.33457e+19
-122.321  5.20155e+19
-121.734  3.99308e+19
-121.148  6.42877e+19
-120.561  4.63653e+18
-119.974  4.69279e+19
-119.388  3.60027e+19
-118.801  6.32772e+19
-118.214  5.88723e+19
-117.628  3.12494e+19
-117.041  1.70599e+19
-116.454  4.5531e+19
-115.868  9.80037e+19
-115.281  9.40501e+19
-114.694  1.2263e+19
-114.108  4.31194e+19
-113.521  4.65772e+19
-112.934  9.39531e+18
-112.348  1.04787e+20
-111.761  9.54619e+19
-111.174  2.19059e+19
-110.588  5.06383e+19
-110.001  8.00615e+19
-109.414  6.53957e+19
-108.828  4.33198e+19
-108.241  5.23696e+19
-107.654  8.54211e+19
-107.068  2.28499e+19
-106.481  6.13378e+19
-105.894  1.17324e+20
-105.308  4.4426e+19
-104.721  5.92995e+19
-104.134  1.34932e+20
-103.548  6.47192e+19
-102.961  2.18424e+19
-102.374  4.79757e+19
-101.788  5.27138e+19
-101.201  9.38322e+19
-100.614  1.1428e+20
-100.028  9.72422e+19
-99.4409  9.05027e+19
-98.8542  3.90695e+19
-98.2676  4.34179e+19
-97.6809  1.86271e+20
-97.0942  5.42412e+19
-96.5075  2.46044e+19
-95.9209  1.35807e+20
-95.3342  6.5893e+19
-94.7475  6.65916e+19
-94.1609  2.25405e+20
-93.5742  4.03363e+19
-92.9875  6.64663e+19
-92.4009  8.38965e+19
-91.8142  6.42535e+19
-91.2275  1.23742e+20
-90.6409  1.19257e+20
-90.0542  4.41593e+19
-89.4675  1.66856e+20
-88.8808  1.47334e+19
-88.2942  6.50347e+19
-87.7075  1.50502e+20
-87.1208  1.78183e+19
-86.5342  5.36144e+19
-85.9475  1.63043e+20
-85.3608  1.86081e+19
-84.7741  6.91469e+19
-84.1875  1.38539e+20
-83.6008  2.25341e+19
-83.0141  4.40713e+19
-82.4275  1.06582e+20
-81.8408  4.64799e+19
-81.2541  5.20172e+19
-80.6675  1.54597e+20
-80.0808  7.64581e+19
-79.4941  4.33648e+19
-78.9074  1.02236e+20
-78.3208  1.12905e+20
-77.7341  6.7623e+19
-77.1474  1.53701e+20
-76.5608  1.28832e+20
-75.9741  1.01144e+20
-75.3874  1.1157e+20
-74.8008  1.38293e+20
-74.2141  1.67984e+20
-73.6274  6.86602e+19
-73.0408  9.45453e+19
-72.4541  2.36184e+20
-71.8674  1.13117e+20
-71.2807  1.09558e+20
-70.6941  2.89029e+20
-70.1074  2.94481e+19
-69.5207  5.83286e+19
-68.9341  2.2175e+20
-68.3474  6.60084e+19
-67.7607  5.18475e+19
-67.174  2.19088e+20
-66.5874  3.60576e+19
-66.0007  8.58009e+19
-65.414  1.41741e+20
-64.8274  8.17974e+19
-64.2407  7.72021e+19
-63.654  1.97027e+20
-63.0674  1.07382e+20
-62.4807  1.23647e+20
-61.894  1.71992e+20
-61.3073  1.80711e+20
-60.7207  1.19456e+20
-60.134  2.20693e+20
-59.5473  2.22207e+20
-58.9607  1.42502e+20
-58.374  2.12778e+20
-57.7873  3.55009e+20
-57.2007  1.73681e+20
-56.614  1.74723e+20
-56.0273  2.71833e+20
-55.4407  1.80515e+20
-54.854  1.79645e+20
-54.2673  3.44805e+20
-53.6806  1.99045e+20
-53.094  1.12627e+20
-52.5073  1.52173e+20
-51.9206  1.70396e+20
-51.334  1.01386e+20
-50.7473  1.54024e+20
-50.1606  1.83668e+20
-49.5739  1.11075e+20
-48.9873  1.76231e+20
-48.4006  2.66878e+20
-47.8139  1.59667e+20
-47.2273  3.19335e+20
-46.6406  4.61502e+20
-46.0539  3.12857e+20
-45.4673  5.29287e+20
-44.8806  5.22557e+20
-44.2939  3.1512e+20
-43.7072  5.46902e+20
-43.1206  7.00101e+20
-42.5339  4.04062e+20
-41.9472  5.5527e+20
-41.3606  5.17707e+20
-40.7739  2.92338e+20
-40.1872  3.1358e+20
-39.6006  4.89914e+20
-39.0139  2.47344e+20
-38.4272  2.27948e+20
-37.8406  3.54428e+20
-37.2539  3.35122e+20
-36.6672  2.28357e+20
-36.0805  5.26057e+20
-35.4939  5.38254e+20
-34.9072  5.66647e+20
-34.3205  9.39838e+20
-33.7339  9.60218e+20
-33.1472  8.32029e+20
-32.5605  1.22403e+21
-31.9738  1.20479e+21
-31.3872  1.25518e+21
-30.8005  1.59741e+21
-30.2138  1.28373e+21
-29.6272  1.06995e+21
-29.0405  1.20146e+21
-28.4538  9.57534e+20
-27.8672  9.53809e+20
-27.2805  9.96423e+20
-26.6938  7.10477e+20
-26.1072  6.76859e+20
-25.5205  7.46981e+20
-24.9338  7.99654e+20
-24.3471  9.80493e+20
-23.7605  1.16563e+21
-23.1738  1.5583e+21
-22.5871  1.79465e+21
-22.0005  2.12615e+21
-21.4138  2.8114e+21
-20.8271  2.88306e+21
-20.2404  3.14243e+21
-19.6538  3.9606e+21
-19.0671  3.66485e+21
-18.4804  3.52694e+21
-17.8938  4.00533e+21
-17.3071  3.28453e+21
-16.7204  3.0292e+21
-16.1338  3.39798e+21
-15.5471  2.86179e+21
-14.9604  2.50294e+21
-14.3737  2.57347e+21
-13.7871  2.56129e+21
-13.2004  3.09562e+21
-12.6137  3.52246e+21
-12.0271  5.00555e+21
-11.4404  6.82194e+21
-10.8537  8.20759e+21
-10.2671  1.19352e+22
-9.68039  1.66278e+22
-9.09372  1.91021e+22
-8.50705  2.47408e+22
-7.92038  3.15625e+22
-7.33371  3.50438e+22
-6.74704  4.28281e+22
-6.16037  5.30508e+22
-5.5737  5.66274e+22
-4.98703  6.40214e+22
-4.40036  7.40369e+22
-3.81369  7.55797e+22
-3.22702  8.22205e+22
-2.64035  9.3107e+22
-2.05368  9.26277e+22
-1.46701  9.60953e+22
-0.88034  1.03272e+23
-0.29367  9.79696e+22
0.293  9.77616e+22
0.87967  1.02818e+23
1.46634  9.54179e+22
2.05301  9.16472e+22
2.63968  9.19094e+22
3.22635  8.09301e+22
3.81302  7.40462e+22
4.39969  7.23728e+22
4.98636  6.23587e+22
5.57303  5.49247e+22
6.1597  5.13293e+22
6.74637  4.12644e+22
7.33304  3.35589e+22
7.91971  3.01418e+22
8.50638  2.34995e+22
9.09305  1.80386e+22
9.67972  1.56666e+22
10.2664  1.11834e+22
10.8531  7.64475e+21
11.4397  6.35648e+21
12.0264  4.68027e+21
12.6131  3.33408e+21
13.1997  2.95957e+21
13.7864  2.50777e+21
14.3731  2.59098e+21
14.9597  2.53942e+21
15.5464  2.92203e+21
16.1331  3.45879e+21
16.7198  3.08438e+21
17.3064  3.32447e+21
17.8931  4.01115e+21
18.4798  3.52225e+21
19.0664  3.63889e+21
19.6531  3.89124e+21
20.2398  3.07372e+21
20.8265  2.8e+21
21.4131  2.70908e+21
21.9998  2.03656e+21
22.5865  1.71148e+21
23.1731  1.48078e+21
23.7598  1.10966e+21
24.3465  9.38051e+20
24.9331  7.7463e+20
25.5198  7.41309e+20
26.1065  6.81523e+20
26.6931  7.27058e+20
27.2798  1.02725e+21
27.8665  9.82185e+20
28.4532  9.81025e+20
29.0398  1.22795e+21
29.6265  1.08739e+21
30.2132  1.28444e+21
30.7998  1.60048e+21
31.3865  1.25264e+21
31.9732  1.18501e+21
32.5599  1.19901e+21
33.1465  8.11248e+20
33.7332  9.23972e+20
34.3199  9.03875e+20
34.9065  5.43129e+20
35.4932  5.1326e+20
36.0799  5.06823e+20
36.6665  2.19997e+20
37.2532  3.27648e+20
37.8399  3.54778e+20
38.4265  2.32716e+20
39.0132  2.53397e+20
39.5999  5.05569e+20
40.1866  3.22976e+20
40.7732  3.01875e+20
41.3599  5.26637e+20
41.9466  5.63453e+20
42.5332  4.08588e+20
43.1199  7.02393e+20
43.7066  5.46799e+20
44.2933  3.13136e+20
44.8799  5.09266e+20
45.4666  5.21349e+20
46.0533  3.03451e+20
46.6399  4.47158e+20
47.2266  3.10013e+20
47.8133  1.52998e+20
48.3999  2.57211e+20
48.9866  1.702e+20
49.5733  1.07848e+20
50.1599  1.81374e+20
50.7466  1.54831e+20
51.3333  1.02676e+20
51.92  1.72927e+20
52.5066  1.55262e+20
53.0933  1.15611e+20
53.68  2.03071e+20
54.2666  3.51031e+20
54.8533  1.84138e+20
55.44  1.82782e+20
56.0266  2.7267e+20
56.6133  1.75016e+20
57.2  1.72001e+20
57.7867  3.53505e+20
58.3733  2.13349e+20
58.96  1.39253e+20
59.5467  2.16957e+20
60.1333  2.17279e+20
60.72  1.14871e+20
61.3067  1.77395e+20
61.8933  1.70659e+20
62.48  1.20946e+20
63.0667  1.03939e+20
63.6534  1.94439e+20
64.24  7.44122e+19
64.8267  8.25358e+19
65.4134  1.44445e+20
66  8.67149e+19
66.5867  3.62149e+19
67.1734  2.22554e+20
67.7601  5.09872e+19
68.3467  6.73781e+19
68.9334  2.27395e+20
69.5201  5.89329e+19
70.1067  2.92522e+19
70.6934  2.92585e+20
71.2801  1.08216e+20
71.8667  1.14092e+20
72.4534  2.39047e+20
73.0401  9.29009e+19
73.6268  6.73116e+19
74.2134  1.68337e+20
74.8001  1.35441e+20
75.3868  1.11575e+20
75.9734  1.02009e+20
76.5601  1.2524e+20
77.1468  1.49868e+20
77.7334  6.7162e+19
78.3201  1.10158e+20
78.9068  1.01593e+20
79.4934  4.43834e+19
80.0801  7.516e+19
80.6668  1.5047e+20
81.2535  5.21166e+19
81.8401  4.6011e+19
82.4268  1.06593e+20
83.0135  4.41322e+19
83.6001  2.27182e+19
84.1868  1.36772e+20
84.7735  7.06578e+19
85.3602  1.89962e+19
85.9468  1.65106e+20
86.5335  5.35825e+19
87.1202  1.70036e+19
87.7068  1.50298e+20
88.2935  6.67537e+19
88.8802  1.50314e+19
89.4668  1.69502e+20
90.0535  4.33383e+19
90.6402  1.1793e+20
91.2268  1.2403e+20
91.8135  6.47852e+19
92.4002  8.36494e+19
92.9869  6.82859e+19
93.5735  3.88854e+19
94.1602  2.23864e+20
94.7469  6.74271e+19
95.3335  6.57707e+19
95.9202  1.33477e+20
96.5069  2.42508e+19
97.0935  5.26805e+19
97.6802  1.84922e+20
98.2669  4.46244e+19
98.8536  3.96932e+19
99.4402  8.8151e+19
100.027  9.47986e+19
100.614  1.1279e+20
101.2  9.31743e+19
101.787  5.20139e+19
102.374  4.68473e+19
102.96  2.14096e+19
103.547  6.33255e+19
104.134  1.34982e+20
104.72  6.08313e+19
105.307  4.26588e+19
105.894  1.12994e+20
106.48  6.06026e+19
107.067  2.22422e+19
107.654  8.60199e+19
108.24  5.31941e+19
108.827  4.22075e+19
109.414  6.33512e+19
110  7.99745e+19
110.587  5.05101e+19
111.174  2.21467e+19
111.76  9.25915e+19
112.347  1.02925e+20
112.934  9.5865e+18
113.52  4.74881e+19
114.107  4.44801e+19
114.694  1.19973e+19
115.28  9.15862e+19
115.867  9.6649e+19
116.454  4.54372e+19
117.04  1.74265e+19
117.627  3.16381e+19
118.214  5.78228e+19
118.8  6.42359e+19
119.387  3.56696e+19
119.974  4.74209e+19
120.56  4.50106e+18
121.147  6.39124e+19
121.734  3.87447e+19
122.32  5.37785e+19
122.907  3.30568e+19
123.494  1.9463e+19
124.08  1.14928e+19
124.667  1.07169e+20
125.254  1.06365e+19
125.84  2.4624e+19
126.427  3.72297e+19
127.014  3.64812e+19
127.6  6.29687e+18
128.187  9.79137e+19
128.774  3.0328e+19
129.36  8.66234e+18
129.947  2.99501e+19
130.534  7.13551e+19
131.12  2.16145e+19
131.707  4.23541e+19
132.294  2.87731e+19
132.88  2.32214e+19
133.467  3.06594e+19
134.054  7.65866e+19
134.64  5.74637e+19
135.227  2.15661e+19
135.814  3.0749e+19
136.4  2.62692e+19
136.987  4.30237e+19
137.574  5.48599e+19
138.16  4.24545e+19
138.747  3.68449e+19
139.334  6.94947e+19
139.92  2.27596e+19
140.507  5.54537e+19
141.094  3.85041e+19
141.68  5.89994e+19
142.267  1.91001e+19
142.854  8.59238e+19
143.44  2.72166e+19
144.027  3.31536e+19
144.614  2.37865e+19
145.2  1.01932e+20
145.787  5.26471e+18
146.374  7.60726e+19
146.96  3.0926e+19
147.547  3.39075e+19
148.134  1.15938e+19
148.721  1.16881e+20
149.307  3.04767e+18
149.894  5.0955e+19
150.481  2.10123e+19
151.067  4.43068e+19
151.654  2.40807e+19
152.241  9.96249e+19
152.827  3.31834e+18
153.414  7.19121e+19
154.001  2.20507e+19
154.587  3.48914e+19
155.174  2.92949e+19
155.761  8.34668e+19
156.347  4.2733e+17
156.934  8.27577e+19
157.521  5.50865e+19
158.107  2.74491e+19
158.694  2.4706e+19
159.281  8.77633e+19
159.867  1.02571e+19
160.454  5.93143e+19
161.041  7.99715e+19
161.627  2.28623e+19
162.214  2.72046e+19
162.801  8.04589e+19
163.387  2.62324e+19
163.974  4.6686e+19
164.561  7.61391e+19
165.147  1.7324e+19
165.734  5.42845e+19
166.321  4.74745e+19
166.907  3.73775e+19
167.494  3.31971e+19
168.081  6.34495e+19
168.667  1.60957e+19
169.254  6.01972e+19
169.841  2.13583e+19
170.427  4.56643e+19
171.014  2.3641e+19
171.601  6.36252e+19
172.187  1.16867e+19
172.774  5.49353e+19
173.361  9.30871e+18
173.947  4.09141e+19
174.534  2.4221e+19
175.121  4.96465e+19
175.707  8.22917e+18
176.294  5.32115e+19
176.881  7.40937e+18
177.467  4.52943e+19
178.054  1.91284e+19
178.641  3.83728e+19
179.227  2.96169e+18
179.814  4.92572e+19
180.401  1.63115e+19
180.987  3.94049e+19
181.574  1.07342e+19
182.161  2.94277e+19
182.747  1.421e+18
183.334  5.47425e+19
183.921  2.08157e+19
184.507  4.17531e+19
185.094  8.11851e+18
185.681  1.73808e+19
186.267  1.20826e+19
186.854  5.84102e+19
187.441  9.87441e+18
188.027  3.74832e+19
188.614  1.47766e+19
189.201  1.82145e+19
189.787  1.58717e+19
190.374  4.66498e+19
190.961  1.20517e+19
191.547  1.89468e+19
192.134  2.26392e+19
192.721  2.31668e+19
193.307  1.58989e+19
193.894  2.70907e+19
194.481  1.83618e+19
195.067  1.3025e+19
195.654  2.75947e+19
196.241  2.01983e+19
196.827  2.022e+19
197.414  1.45757e+19
198.001  1.68489e+19
198.587  2.80641e+19
199.174  3.20923e+19
199.761  1.79827e+19
200.347  1.82698e+19
200.934  1.86223e+19
201.521  1.90289e+19
202.107  3.55493e+19
202.694  3.13679e+19
203.281  1.31076e+19
203.867  2.06427e+19
204.454  1.75671e+19
205.041  2.6499e+19
205.627  2.29169e+19
206.214  3.60785e+19
206.801  1.24568e+19
207.388  4.87484e+19
207.974  1.14782e+19
208.561  3.47757e+19
209.148  7.51327e+18
209.734  2.46427e+19
210.321  2.318e+19
210.908  9.38956e+19
211.494  1.23681e+19
212.081  3.74891e+19
212.668  2.65987e+18
213.254  2.85723e+19
213.841  2.59694e+19
214.428  7.8113e+19
215.014  2.9525e+19
215.601  4.08227e+19
216.188  2.41721e+18
216.774  7.98569e+19
217.361  1.80825e+19
217.948  5.09903e+19
218.534  2.8871e+19
219.121  3.63021e+19
219.708  6.3093e+18
220.294  1.30376e+20
220.881  9.03106e+18
221.468  6.24844e+19
222.054  6.01189e+18
222.641  3.43326e+19
223.228  2.35868e+19
223.814  1.0017e+20
224.401  6.23145e+18
224.988  8.37514e+19
225.574  1.20205e+19
226.161  3.34535e+19
226.748  4.62695e+19
227.334  6.99483e+19
227.921  9.07594e+18
228.508  7.01519e+19
229.094  2.33275e+19
229.681  4.70441e+19
230.268  4.08612e+19
230.854  7.04754e+19
231.441  2.24334e+19
232.028  5.00719e+19
232.614  3.49382e+19
233.201  4.52337e+19
233.788  3.00845e+19
234.374  6.10937e+19
