#S 1 spectral density
#N 2
#UFWHM 5.28003
#L  abscissas [um]  spectral density
-234.375  3.80265e+20
-233.788  7.90775e+20
-233.202  8.38046e+20
-232.615  1.36914e+21
-232.028  5.9793e+20
-231.442  4.87764e+20
-230.855  5.10565e+20
-230.268  7.80661e+20
-229.682  7.3301e+20
-229.095  1.42876e+21
-228.508  5.27173e+20
-227.922  5.14861e+20
-227.335  4.51677e+20
-226.748  7.37485e+20
-226.162  7.44536e+20
-225.575  1.39228e+21
-224.988  5.56104e+20
-224.402  5.55884e+20
-223.815  4.22531e+20
-223.228  6.94206e+20
-222.642  7.34968e+20
-222.055  9.95247e+20
-221.468  7.6367e+20
-220.882  4.96562e+20
-220.295  2.18931e+20
-219.708  9.60829e+20
-219.122  5.03088e+20
-218.535  1.05135e+21
-217.948  6.85907e+20
-217.362  6.07493e+20
-216.775  2.53996e+20
-216.188  9.79552e+20
-215.602  2.55585e+20
-215.015  1.07408e+21
-214.428  5.7922e+20
-213.842  7.12877e+20
-213.255  1.81352e+20
-212.668  9.40369e+20
-212.082  2.38736e+20
-211.495  1.0746e+21
-210.908  4.65554e+20
-210.322  8.17819e+20
-209.735  1.3573e+20
-209.148  6.52219e+20
-208.562  1.78896e+20
-207.975  9.15831e+20
-207.388  6.47524e+20
-206.802  6.69374e+20
-206.215  8.07043e+19
-205.628  8.18042e+20
-205.041  1.75383e+20
-204.455  7.42458e+20
-203.868  8.29017e+20
-203.281  5.64157e+20
-202.695  1.03338e+20
-202.108  7.76426e+20
-201.521  9.73092e+19
-200.935  7.83824e+20
-200.348  8.8058e+20
-199.761  5.90402e+20
-199.175  1.79095e+20
-198.588  7.80985e+20
-198.001  4.79742e+19
-197.415  5.60992e+20
-196.828  7.58898e+20
-196.241  7.1732e+20
-195.655  9.60517e+19
-195.068  7.05527e+20
-194.481  9.81522e+19
-193.895  5.11197e+20
-193.308  6.74478e+20
-192.721  8.71405e+20
-192.135  7.9629e+19
-191.548  8.89961e+20
-190.961  6.61259e+19
-190.375  2.68465e+20
-189.788  7.6544e+20
-189.201  8.05826e+20
-188.615  4.86255e+19
-188.028  9.69126e+20
-187.441  6.97624e+19
-186.855  2.92806e+20
-186.268  8.50784e+20
-185.681  7.14869e+20
-185.095  1.18264e+20
-184.508  6.1174e+20
-183.921  1.6863e+20
-183.335  2.53043e+20
-182.748  7.58886e+20
-182.161  6.7901e+20
-181.575  9.40899e+19
-180.988  5.99244e+20
-180.401  2.20988e+20
-179.815  2.59188e+20
-179.228  6.5791e+20
-178.641  6.82426e+20
-178.055  4.10287e+19
-177.468  6.48026e+20
-176.881  2.38962e+20
-176.295  1.69875e+20
-175.708  5.17031e+20
-175.121  7.67752e+20
-174.535  4.24627e+19
-173.948  8.66205e+20
-173.361  2.37757e+20
-172.775  9.35649e+19
-172.188  6.83037e+20
-171.601  5.65858e+20
-171.015  4.78468e+19
-170.428  6.47276e+20
-169.841  3.62916e+20
-169.255  9.86013e+19
-168.668  4.53304e+20
-168.081  7.72437e+20
-167.495  6.2185e+19
-166.908  5.22329e+20
-166.321  4.57636e+20
-165.735  9.67418e+19
-165.148  4.35201e+20
-164.561  6.05756e+20
-163.975  6.63522e+19
-163.388  5.72881e+20
-162.801  4.63856e+20
-162.215  2.09407e+20
-161.628  4.31597e+20
-161.041  5.65206e+20
-160.455  7.20122e+19
-159.868  5.46447e+20
-159.281  6.08579e+20
-158.695  1.44584e+20
-158.108  3.49007e+20
-157.521  5.47788e+20
-156.935  1.318e+20
-156.348  5.32905e+20
-155.761  5.89437e+20
-155.175  1.51588e+20
-154.588  2.06102e+20
-154.001  6.37115e+20
-153.415  7.97366e+19
-152.828  4.50248e+20
-152.241  6.189e+20
-151.655  1.61386e+20
-151.068  1.30084e+20
-150.481  7.07556e+20
-149.895  5.26761e+19
-149.308  3.10442e+20
-148.721  4.66139e+20
-148.135  3.68615e+20
-147.548  1.46362e+20
-146.961  4.02149e+20
-146.375  1.83257e+20
-145.788  3.60497e+20
-145.201  4.48916e+20
-144.614  4.51949e+20
-144.028  8.59683e+19
-143.441  4.91806e+20
-142.854  1.48616e+20
-142.268  1.46516e+20
-141.681  6.57778e+20
-141.094  3.72486e+20
-140.508  5.18277e+19
-139.921  5.63968e+20
-139.334  1.87602e+20
-138.748  1.71185e+20
-138.161  5.41439e+20
-137.574  4.17697e+20
-136.988  1.43982e+20
-136.401  4.47575e+20
-135.814  2.26805e+20
-135.228  9.15763e+19
-134.641  4.89632e+20
-134.054  4.76024e+20
-133.468  1.19865e+20
-132.881  5.51621e+20
-132.294  3.9163e+20
-131.708  1.06472e+20
-131.121  3.11472e+20
-130.534  7.01693e+20
-129.948  5.94532e+19
-129.361  6.00619e+20
-128.774  5.05628e+20
-128.188  3.70119e+19
-127.601  3.11087e+20
-127.014  7.00691e+20
-126.428  1.09914e+20
-125.841  1.06077e+21
-125.254  3.13858e+20
-124.668  8.33188e+19
-124.081  5.45639e+20
-123.494  6.2595e+20
-122.908  4.86949e+19
-122.321  7.36322e+20
-121.734  7.43585e+20
-121.148  3.70158e+19
-120.561  1.712e+20
-119.974  1.33657e+21
-119.388  1.29196e+20
-118.801  4.11428e+20
-118.214  1.11433e+21
-117.628  3.32922e+19
-117.041  2.99177e+20
-116.454  1.06329e+21
-115.868  6.2292e+19
-115.281  7.5195e+20
-114.694  7.97818e+20
-114.108  1.62849e+20
-113.521  6.65358e+20
-112.934  9.46212e+20
-112.348  2.62344e+19
-111.761  8.24791e+20
-111.174  1.01237e+21
-110.588  8.60322e+19
-110.001  5.15092e+20
-109.414  1.20215e+21
-108.828  7.27087e+19
-108.241  8.55552e+20
-107.654  9.84798e+20
-107.068  1.31716e+20
-106.481  5.84766e+20
-105.894  1.1839e+21
-105.308  8.73414e+19
-104.721  7.77679e+20
-104.134  9.78918e+20
-103.548  1.65622e+20
-102.961  4.81801e+20
-102.374  1.59576e+21
-101.788  3.50779e+19
-101.201  3.72955e+20
-100.614  1.07771e+21
-100.028  2.97652e+20
-99.4409  5.34556e+20
-98.8542  1.25851e+21
-98.2676  5.59628e+20
-97.6809  1.07311e+21
-97.0942  1.15418e+21
-96.5075  1.26166e+21
-95.9209  1.10437e+21
-95.3342  9.40626e+20
-94.7475  6.67168e+20
-94.1609  6.11367e+20
-93.5742  6.50814e+20
-92.9875  6.46312e+20
-92.4009  3.54909e+20
-91.8142  7.03407e+20
-91.2275  1.86356e+20
-90.6409  1.05491e+20
-90.0542  8.72828e+20
-89.4675  2.98149e+20
-88.8808  2.13983e+20
-88.2942  5.66246e+20
-87.7075  3.08895e+20
-87.1208  8.14103e+19
-86.5342  6.22089e+20
-85.9475  2.93488e+20
-85.3608  1.58819e+20
-84.7741  4.09009e+20
-84.1875  3.27924e+20
-83.6008  8.00717e+19
-83.0141  6.31162e+20
-82.4275  2.03905e+20
-81.8408  9.68866e+19
-81.2541  4.461e+20
-80.6675  3.17311e+20
-80.0808  5.72487e+19
-79.4941  6.15749e+20
-78.9074  1.95786e+20
-78.3208  6.5099e+19
-77.7341  4.082e+20
-77.1474  5.53666e+20
-76.5608  8.04553e+19
-75.9741  4.40478e+20
-75.3874  3.78713e+20
-74.8008  7.24646e+19
-74.2141  3.93211e+20
-73.6274  5.56048e+20
-73.0408  4.67971e+19
-72.4541  4.81725e+20
-71.8674  4.21344e+20
-71.2807  1.16196e+20
-70.6941  4.49545e+20
-70.1074  5.04604e+20
-69.5207  5.81688e+19
-68.9341  5.36433e+20
-68.3474  4.61798e+20
-67.7607  6.31479e+19
-67.174  4.13809e+20
-66.5874  5.28658e+20
-66.0007  1.27185e+20
-65.414  5.13529e+20
-64.8274  5.15631e+20
-64.2407  7.69377e+19
-63.654  2.22971e+20
-63.0674  7.57802e+20
-62.4807  6.07816e+19
-61.894  2.61909e+20
-61.3073  7.5898e+20
-60.7207  1.08252e+20
-60.134  2.02795e+20
-59.5473  8.71585e+20
-58.9607  1.18892e+20
-58.374  3.38092e+20
-57.7873  5.68329e+20
-57.2007  3.40784e+20
-56.614  2.46507e+20
-56.0273  7.17119e+20
-55.4407  2.9959e+20
-54.854  3.3202e+20
-54.2673  6.19753e+20
-53.6806  5.07036e+20
-53.094  1.90438e+20
-52.5073  1.17083e+21
-51.9206  1.30954e+20
-51.334  7.37528e+19
-50.7473  1.25599e+21
-50.1606  2.40016e+20
-49.5739  1.36287e+20
-48.9873  1.23051e+21
-48.4006  2.02469e+20
-47.8139  1.46293e+20
-47.2273  8.4687e+20
-46.6406  6.6923e+20
-46.0539  4.60723e+20
-45.4673  6.93938e+20
-44.8806  5.43585e+20
-44.2939  2.4671e+20
-43.7072  8.8482e+20
-43.1206  6.15822e+20
-42.5339  3.13206e+20
-41.9472  1.05486e+21
-41.3606  2.66119e+20
-40.7739  1.2044e+19
-40.1872  1.9286e+21
-39.6006  1.94153e+20
-39.0139  5.5897e+19
-38.4272  1.30653e+21
-37.8406  4.66648e+20
-37.2539  9.07296e+19
-36.6672  1.15906e+21
-36.0805  7.77487e+20
-35.4939  3.40423e+20
-34.9072  5.02345e+20
-34.3205  1.27974e+21
-33.7339  2.35502e+20
-33.1472  8.81508e+20
-32.5605  7.08732e+20
-31.9738  6.63482e+19
-31.3872  1.029e+21
-30.8005  5.99667e+20
-30.2138  3.30458e+19
-29.6272  1.79637e+21
-29.0405  1.59994e+20
-28.4538  1.42176e+20
-27.8672  1.41493e+21
-27.2805  5.93713e+20
-26.6938  6.2793e+19
-26.1072  6.17566e+20
-25.5205  9.31079e+20
-24.9338  1.32412e+20
-24.3471  3.17899e+20
-23.7605  1.59256e+21
-23.1738  2.50861e+20
-22.5871  3.24037e+20
-22.0005  8.60494e+20
-21.4138  1.0133e+19
-20.8271  1.04009e+21
-20.2404  3.15319e+20
-19.6538  1.02193e+20
-19.0671  1.35999e+21
-18.4804  1.45253e+20
-17.8938  4.05159e+20
-17.3071  1.56871e+21
-16.7204  3.32026e+20
-16.1338  6.53837e+19
-15.5471  2.61947e+20
-14.9604  1.41675e+21
-14.3737  2.12526e+20
-13.7871  9.41729e+19
-13.2004  1.71779e+21
-12.6137  2.38132e+20
-12.0271  1.37343e+20
-11.4404  9.79298e+20
-10.8537  2.38123e+20
-10.2671  1.50859e+21
-9.68039  3.49467e+20
-9.09372  2.46082e+21
-8.50705  4.04247e+21
-7.92038  1.28231e+21
-7.33371  3.71808e+21
-6.74704  4.13051e+21
-6.16037  1.81665e+21
-5.5737  2.30125e+21
-4.98703  1.45613e+21
-4.40036  6.63301e+21
-3.81369  6.36884e+21
-3.22702  1.01623e+22
-2.64035  2.68376e+22
-2.05368  2.39419e+22
-1.46701  3.02868e+22
-0.88034  5.14744e+22
-0.29367  4.08329e+22
0.293  4.09753e+22
0.87967  5.15526e+22
1.46634  3.02786e+22
2.05301  2.41416e+22
2.63968  2.69806e+22
3.22635  1.01873e+22
3.81302  6.48268e+21
4.39969  6.70295e+21
4.98636  1.44517e+21
5.57303  2.2878e+21
6.1597  1.8275e+21
6.74637  4.12413e+21
7.33304  3.68399e+21
7.91971  1.28984e+21
8.50638  4.05914e+21
9.09305  2.43583e+21
9.67972  3.57814e+20
10.2664  1.51811e+21
10.8531  2.28589e+20
11.4397  9.93601e+20
12.0264  1.36178e+20
12.6131  2.47248e+20
13.1997  1.74462e+21
13.7864  9.55555e+19
14.3731  2.23784e+20
14.9597  1.44029e+21
15.5464  2.65999e+20
16.1331  6.33634e+19
16.7198  3.40745e+20
17.3064  1.5883e+21
17.8931  3.9735e+20
18.4798  1.47754e+20
19.0664  1.38838e+21
19.6531  1.00463e+20
20.2398  3.14975e+20
20.8265  1.06725e+21
21.4131  9.57345e+18
21.9998  8.59812e+20
22.5865  3.34283e+20
23.1731  2.57203e+20
23.7598  1.60003e+21
24.3465  3.25947e+20
24.9331  1.38864e+20
25.5198  9.38608e+20
26.1065  6.24249e+20
26.6931  6.51544e+19
27.2798  5.98505e+20
27.8665  1.42968e+21
28.4532  1.36748e+20
29.0398  1.59694e+20
29.6265  1.8152e+21
30.2132  3.16561e+19
30.7998  5.94419e+20
31.3865  1.0453e+21
31.9732  6.79181e+19
32.5599  7.00506e+20
33.1465  8.89939e+20
33.7332  2.41219e+20
34.3199  1.27451e+21
34.9065  5.05355e+20
35.4932  3.50179e+20
36.0799  7.73771e+20
36.6665  1.15725e+21
37.2532  9.45696e+19
37.8399  4.63954e+20
38.4265  1.30711e+21
39.0132  5.76057e+19
39.5999  1.90547e+20
40.1866  1.93005e+21
40.7732  1.23337e+19
41.3599  2.60268e+20
41.9466  1.0571e+21
42.5332  3.15533e+20
43.1199  6.05841e+20
43.7066  8.83616e+20
44.2933  2.49625e+20
44.8799  5.36343e+20
45.4666  6.89138e+20
46.0533  4.6635e+20
46.6399  6.63647e+20
47.2266  8.39557e+20
47.8133  1.50078e+20
48.3999  1.98613e+20
48.9866  1.22007e+21
49.5733  1.3842e+20
50.1599  2.35447e+20
50.7466  1.25129e+21
51.3333  7.53514e+19
51.92  1.26765e+20
52.5066  1.16396e+21
53.0933  1.91032e+20
53.68  4.97653e+20
54.2666  6.16288e+20
54.8533  3.35694e+20
55.44  2.92051e+20
56.0266  7.07131e+20
56.6133  2.50223e+20
57.2  3.34904e+20
57.7867  5.61709e+20
58.3733  3.44543e+20
58.96  1.14526e+20
59.5467  8.61046e+20
60.1333  2.04467e+20
60.72  1.05009e+20
61.3067  7.52957e+20
61.8933  2.65727e+20
62.48  5.85688e+19
63.0667  7.50926e+20
63.6534  2.26394e+20
64.24  7.36674e+19
64.8267  5.08213e+20
65.4134  5.21062e+20
66  1.23899e+20
66.5867  5.20317e+20
67.1734  4.23049e+20
67.7601  6.12717e+19
68.3467  4.53267e+20
68.9334  5.43882e+20
69.5201  5.62157e+19
70.1067  5.00121e+20
70.6934  4.57396e+20
71.2801  1.17046e+20
71.8667  4.15339e+20
72.4534  4.87169e+20
73.0401  4.68362e+19
73.6268  5.51357e+20
74.2134  4.04738e+20
74.8001  7.52903e+19
75.3868  3.71605e+20
75.9734  4.50649e+20
76.5601  8.00014e+19
77.1468  5.49619e+20
77.7334  4.21154e+20
78.3201  6.79972e+19
78.9068  1.93191e+20
79.4934  6.24393e+20
80.0801  5.69404e+19
80.6668  3.16001e+20
81.2535  4.56901e+20
81.8401  1.01483e+20
82.4268  2.02807e+20
83.0135  6.45364e+20
83.6001  8.29671e+19
84.1868  3.22769e+20
84.7735  4.2191e+20
85.3602  1.65149e+20
85.9468  2.90719e+20
86.5335  6.37891e+20
87.1202  8.60607e+19
87.7068  3.06698e+20
88.2935  5.76744e+20
88.8802  2.24715e+20
89.4668  2.99572e+20
90.0535  8.86894e+20
90.6402  1.09487e+20
91.2268  1.82453e+20
91.8135  7.18685e+20
92.4002  3.63377e+20
92.9869  6.37638e+20
93.5735  6.80761e+20
94.1602  6.20528e+20
94.7469  6.56124e+20
95.3335  9.83408e+20
95.9202  1.10199e+21
96.5069  1.23821e+21
97.0935  1.19725e+21
97.6802  1.06845e+21
98.2669  5.47946e+20
98.8536  1.2953e+21
99.4402  5.31842e+20
100.027  2.87048e+20
100.614  1.09775e+21
101.2  3.81493e+20
101.787  3.43238e+19
102.374  1.60195e+21
102.96  4.96423e+20
103.547  1.65788e+20
104.134  9.77988e+20
104.72  7.9866e+20
105.307  8.57565e+19
105.894  1.18668e+21
106.48  5.94727e+20
107.067  1.28022e+20
107.654  9.93609e+20
108.24  8.60187e+20
108.827  7.21754e+19
109.414  1.21271e+21
110  5.18407e+20
110.587  8.20068e+19
111.174  1.01811e+21
111.76  8.31163e+20
112.347  2.59437e+19
112.934  9.45666e+20
113.52  6.73692e+20
114.107  1.58274e+20
114.694  7.94208e+20
115.28  7.60054e+20
115.867  6.53792e+19
116.454  1.06069e+21
117.04  3.03266e+20
117.627  3.15108e+19
118.214  1.11242e+21
118.8  4.11384e+20
119.387  1.33121e+20
119.974  1.33471e+21
120.56  1.73124e+20
121.147  3.63227e+19
121.734  7.39445e+20
122.32  7.32793e+20
122.907  4.90081e+19
123.494  6.21856e+20
124.08  5.49978e+20
124.667  7.98539e+19
125.254  3.07895e+20
125.84  1.05585e+21
126.427  1.08233e+20
127.014  6.91304e+20
127.6  3.1538e+20
128.187  3.83299e+19
128.774  4.95547e+20
129.36  5.9685e+20
129.947  5.78041e+19
130.534  6.90411e+20
131.12  3.14828e+20
131.707  1.10821e+20
132.294  3.83158e+20
132.88  5.46619e+20
133.467  1.16655e+20
134.054  4.65773e+20
134.64  4.94066e+20
135.227  9.63856e+19
135.814  2.20717e+20
136.4  4.43877e+20
136.987  1.40958e+20
137.574  4.07348e+20
138.16  5.4728e+20
138.747  1.76737e+20
139.334  1.8154e+20
139.92  5.61578e+20
140.507  5.26463e+19
141.094  3.61088e+20
141.68  6.65254e+20
142.267  1.52388e+20
142.854  1.43551e+20
143.44  4.92273e+20
144.027  8.99366e+19
144.614  4.38835e+20
145.2  4.55469e+20
145.787  3.7143e+20
146.374  1.77208e+20
146.96  4.05298e+20
147.547  1.54793e+20
148.134  3.57857e+20
148.721  4.73185e+20
149.307  3.2139e+20
149.894  5.03667e+19
150.481  7.12025e+20
151.067  1.35652e+20
151.654  1.54992e+20
152.241  6.26096e+20
152.827  4.64527e+20
153.414  7.59871e+19
154.001  6.44531e+20
154.587  2.17667e+20
155.174  1.44448e+20
155.761  5.95779e+20
156.347  5.46479e+20
156.934  1.27035e+20
157.521  5.53254e+20
158.107  3.67301e+20
158.694  1.38243e+20
159.281  6.13521e+20
159.867  5.59698e+20
160.454  6.88756e+19
161.041  5.73209e+20
161.627  4.50865e+20
162.214  2.04178e+20
162.801  4.64255e+20
163.387  5.82312e+20
163.974  6.4509e+19
164.561  6.13747e+20
165.147  4.54331e+20
165.734  9.58424e+19
166.321  4.57094e+20
166.907  5.27492e+20
167.494  6.31404e+19
168.081  7.81329e+20
168.667  4.70362e+20
169.254  9.86154e+19
169.841  3.61393e+20
170.427  6.52322e+20
171.014  4.68632e+19
171.601  5.76109e+20
172.187  7.02386e+20
172.774  9.22166e+19
173.361  2.34699e+20
173.947  8.72359e+20
174.534  4.05645e+19
175.121  7.79074e+20
175.707  5.3169e+20
176.294  1.70177e+20
176.881  2.35402e+20
177.467  6.52213e+20
178.054  4.05931e+19
178.641  6.89325e+20
179.227  6.7096e+20
179.814  2.60738e+20
180.401  2.18949e+20
180.987  6.04641e+20
181.574  9.42794e+19
182.161  6.83958e+20
182.747  7.64161e+20
183.334  2.54954e+20
183.921  1.65716e+20
184.507  6.19108e+20
185.094  1.19648e+20
185.681  7.18783e+20
186.267  8.54948e+20
186.854  2.92029e+20
187.441  6.82205e+19
188.027  9.75945e+20
188.614  4.97547e+19
189.201  8.05574e+20
189.787  7.68893e+20
190.374  2.69616e+20
190.961  6.605e+19
191.547  8.93229e+20
192.134  8.27256e+19
192.721  8.66321e+20
193.307  6.75945e+20
193.894  5.17366e+20
194.481  9.81487e+19
195.067  7.06511e+20
195.654  9.86746e+19
196.241  7.09305e+20
196.827  7.55348e+20
197.414  5.71486e+20
198.001  4.93208e+19
198.587  7.82135e+20
199.174  1.80762e+20
199.761  5.83217e+20
200.347  8.73336e+20
200.934  7.94478e+20
201.521  9.92069e+19
202.107  7.76613e+20
202.694  1.03753e+20
203.281  5.56289e+20
203.867  8.21316e+20
204.454  7.4955e+20
205.041  1.82521e+20
205.627  8.16784e+20
206.214  8.09694e+19
206.801  6.60761e+20
207.388  6.4154e+20
207.974  9.21874e+20
208.561  1.87691e+20
209.148  6.50417e+20
209.734  1.37618e+20
210.321  8.07396e+20
210.908  4.61059e+20
211.494  1.0823e+21
212.081  2.50403e+20
212.668  9.37649e+20
213.254  1.82871e+20
213.841  7.03403e+20
214.428  5.7338e+20
215.014  1.08156e+21
215.601  2.65869e+20
216.188  9.77465e+20
216.774  2.55768e+20
217.361  5.96775e+20
217.948  6.80727e+20
218.534  1.05589e+21
219.121  5.15752e+20
219.708  9.60376e+20
220.294  2.23458e+20
220.881  4.84128e+20
221.468  7.59134e+20
222.054  9.96139e+20
222.641  7.49278e+20
223.228  6.95322e+20
223.814  4.29626e+20
224.401  5.39027e+20
224.988  5.53966e+20
225.574  1.3942e+21
226.161  7.55703e+20
226.748  7.38165e+20
227.334  4.60523e+20
227.921  4.9818e+20
228.508  5.24852e+20
229.094  1.43405e+21
229.681  7.39062e+20
230.268  7.81259e+20
230.854  5.1613e+20
231.441  4.75884e+20
232.028  5.94978e+20
232.614  1.37638e+21
233.201  8.36255e+20
233.788  7.93075e+20
234.374  3.87966e+20
