#S 1 spectral density
#N 2
#UFWHM 9.38672
#L  abscissas [um]  spectral density
-234.375  5.06387e+19
-233.788  3.5008e+19
-233.202  4.65328e+19
-232.615  7.89332e+19
-232.028  5.18542e+19
-231.442  3.26022e+19
-230.855  8.15349e+19
-230.268  2.75447e+19
-229.682  5.12207e+19
-229.095  6.48676e+19
-228.508  5.95875e+19
-227.922  2.87186e+19
-227.335  5.65127e+19
-226.748  3.45129e+19
-226.162  9.69468e+19
-225.575  3.33034e+19
-224.988  4.95229e+19
-224.402  3.17081e+19
-223.815  6.84259e+19
-223.228  4.42544e+19
-222.642  1.09812e+20
-222.055  1.17862e+19
-221.468  2.93048e+19
-220.882  3.32083e+19
-220.295  5.03879e+19
-219.708  7.28646e+19
-219.122  6.7396e+19
-218.535  1.09172e+19
-217.948  5.23084e+19
-217.362  2.34561e+19
-216.775  6.09362e+19
-216.188  6.91928e+19
-215.602  2.24612e+19
-215.015  1.7259e+19
-214.428  6.95473e+19
-213.842  3.22858e+19
-213.255  5.25115e+19
-212.668  4.98634e+19
-212.082  2.25899e+19
-211.495  4.27552e+19
-210.908  4.81741e+19
-210.322  4.86832e+19
-209.735  2.75776e+19
-209.148  2.70216e+19
-208.562  3.59314e+19
-207.975  7.52751e+19
-207.388  1.6182e+19
-206.802  6.37594e+19
-206.215  2.59597e+19
-205.628  2.33717e+19
-205.041  6.05857e+19
-204.455  7.64001e+19
-203.868  1.50622e+19
-203.281  4.13917e+19
-202.695  2.65943e+19
-202.108  3.82972e+19
-201.521  5.26609e+19
-200.935  3.35463e+19
-200.348  1.66507e+19
-199.761  4.54566e+19
-199.175  3.38537e+19
-198.588  6.22156e+19
-198.001  4.8463e+19
-197.415  1.67422e+19
-196.828  1.9601e+19
-196.241  6.04414e+19
-195.655  4.14876e+19
-195.068  6.89935e+19
-194.481  3.82541e+19
-193.895  1.62721e+19
-193.308  3.31405e+19
-192.721  6.25911e+19
-192.135  5.17528e+19
-191.548  5.0653e+19
-190.961  3.03003e+19
-190.375  9.65269e+18
-189.788  5.95139e+19
-189.201  2.84556e+19
-188.615  2.84942e+19
-188.028  3.4832e+19
-187.441  2.6057e+19
-186.855  1.31892e+19
-186.268  7.45255e+19
-185.681  2.10486e+19
-185.095  3.80889e+19
-184.508  3.23596e+19
-183.921  2.81524e+19
-183.335  1.73056e+19
-182.748  6.89029e+19
-182.161  2.11482e+19
-181.575  4.7164e+19
-180.988  4.91181e+19
-180.401  3.21781e+19
-179.815  2.41535e+19
-179.228  7.97431e+19
-178.641  3.54778e+19
-178.055  5.14006e+19
-177.468  7.00778e+19
-176.881  2.33233e+19
-176.295  2.59919e+19
-175.708  6.01843e+19
-175.121  6.68531e+19
-174.535  3.84886e+19
-173.948  7.03484e+19
-173.361  3.54923e+19
-172.775  3.88727e+19
-172.188  4.00811e+19
-171.601  9.40272e+19
-171.015  4.226e+19
-170.428  8.14824e+19
-169.841  2.99043e+19
-169.255  6.25539e+19
-168.668  2.02658e+19
-168.081  7.74217e+19
-167.495  5.64616e+19
-166.908  1.06513e+20
-166.321  2.63458e+19
-165.735  5.99608e+19
-165.148  1.54969e+19
-164.561  9.42131e+19
-163.975  2.74338e+19
-163.388  1.13953e+20
-162.801  3.43837e+19
-162.215  4.40002e+19
-161.628  1.70811e+19
-161.041  1.0017e+20
-160.455  1.59503e+19
-159.868  8.58404e+19
-159.281  3.15017e+19
-158.695  5.72085e+19
-158.108  1.86842e+19
-157.521  1.08383e+20
-156.935  1.35457e+19
-156.348  6.43969e+19
-155.761  3.62775e+19
-155.175  6.98893e+19
-154.588  4.00121e+19
-154.001  6.11952e+19
-153.415  6.17351e+18
-152.828  9.67384e+19
-152.241  6.06121e+19
-151.655  5.32522e+19
-151.068  4.59454e+19
-150.481  4.08096e+19
-149.895  1.48592e+19
-149.308  8.12456e+19
-148.721  9.65313e+19
-148.135  2.92716e+19
-147.548  3.42417e+19
-146.961  5.25997e+19
-146.375  4.56772e+19
-145.788  4.55947e+19
-145.201  7.9438e+19
-144.614  2.66497e+19
-144.028  2.96969e+19
-143.441  5.68928e+19
-142.854  9.18808e+19
-142.268  3.04145e+19
-141.681  5.27829e+19
-141.094  3.63642e+19
-140.508  5.20206e+19
-139.921  2.81636e+19
-139.334  7.84021e+19
-138.748  2.50625e+19
-138.161  6.10416e+19
-137.574  4.65741e+19
-136.988  6.82207e+19
-136.401  1.81463e+19
-135.814  5.1003e+19
-135.228  2.81307e+19
-134.641  5.73874e+19
-134.054  3.37247e+19
-133.468  6.26635e+19
-132.881  7.73271e+18
-132.294  5.37576e+19
-131.708  5.75212e+19
-131.121  3.81953e+19
-130.534  2.50564e+19
-129.948  5.24808e+19
-129.361  2.05355e+19
-128.774  2.88611e+19
-128.188  3.78292e+19
-127.601  5.01279e+19
-127.014  2.14438e+19
-126.428  6.77474e+19
-125.841  5.03768e+19
-125.254  1.37015e+19
-124.668  2.00682e+19
-124.081  6.87353e+19
-123.494  5.53999e+19
-122.908  3.24417e+19
-122.321  1.9075e+19
-121.734  2.19466e+19
-121.148  7.82075e+18
-120.561  1.05622e+20
-119.974  9.09801e+19
-119.388  1.16344e+19
-118.801  2.96993e+18
-118.214  2.05841e+19
-117.628  2.65442e+19
-117.041  8.45843e+19
-116.454  5.36696e+19
-115.868  1.57551e+19
-115.281  1.81524e+19
-114.694  3.43279e+19
-114.108  4.08761e+19
-113.521  6.5089e+19
-112.934  4.83968e+19
-112.348  1.88962e+19
-111.761  1.40559e+19
-111.174  4.10565e+19
-110.588  8.85088e+18
-110.001  3.17483e+19
-109.414  7.23047e+19
-108.828  5.58564e+19
-108.241  8.05635e+18
-107.654  2.94337e+19
-107.068  2.05426e+19
-106.481  5.41099e+19
-105.894  5.24542e+19
-105.308  4.11149e+19
-104.721  2.10771e+19
-104.134  3.49867e+18
-103.548  1.07661e+19
-102.961  1.14587e+20
-102.374  6.08483e+19
-101.788  2.53765e+19
-101.201  4.50644e+19
-100.614  2.08407e+19
-100.028  4.08417e+19
-99.4409  7.36347e+19
-98.8542  3.72734e+19
-98.2676  8.97412e+19
-97.6809  2.58158e+19
-97.0942  3.30218e+19
-96.5075  1.26663e+20
-95.9209  8.495e+18
-95.3342  3.94908e+19
-94.7475  1.37521e+20
-94.1609  2.40444e+19
-93.5742  2.53273e+19
-92.9875  7.60903e+19
-92.4009  4.47354e+19
-91.8142  7.59914e+19
-91.2275  7.79435e+19
-90.6409  8.82424e+19
-90.0542  3.65115e+19
-89.4675  1.52623e+19
-88.8808  9.46315e+19
-88.2942  1.29682e+20
-87.7075  7.25012e+18
-87.1208  6.07401e+19
-86.5342  9.00637e+19
-85.9475  6.20868e+19
-85.3608  5.82215e+19
-84.7741  1.69978e+20
-84.1875  5.47278e+19
-83.6008  4.26155e+19
-83.0141  4.84916e+19
-82.4275  1.36352e+20
-81.8408  5.78306e+19
-81.2541  6.29216e+19
-80.6675  9.85405e+19
-80.0808  1.28779e+20
-79.4941  1.6383e+19
-78.9074  1.43304e+20
-78.3208  9.48862e+19
-77.7341  5.17589e+19
-77.1474  4.94343e+19
-76.5608  1.14545e+20
-75.9741  7.15793e+19
-75.3874  8.19843e+19
-74.8008  1.03716e+20
-74.2141  1.49899e+20
-73.6274  3.82998e+19
-73.0408  8.62757e+19
-72.4541  1.2531e+20
-71.8674  2.78206e+19
-71.2807  6.67831e+19
-70.6941  1.29328e+20
-70.1074  5.63014e+19
-69.5207  7.4468e+19
-68.9341  1.56568e+20
-68.3474  9.05692e+19
-67.7607  4.74688e+19
-67.174  1.33591e+20
-66.5874  1.64224e+20
-66.0007  7.22103e+19
-65.414  1.18508e+20
-64.8274  1.69199e+20
-64.2407  5.28873e+19
-63.654  7.48642e+19
-63.0674  2.38326e+20
-62.4807  7.34589e+19
-61.894  3.77657e+19
-61.3073  2.22665e+20
-60.7207  1.4513e+20
-60.134  8.86951e+19
-59.5473  2.60284e+20
-58.9607  1.52551e+20
-58.374  3.85542e+19
-57.7873  1.17078e+20
-57.2007  1.40909e+20
-56.614  6.32077e+19
-56.0273  1.31272e+20
-55.4407  1.64244e+20
-54.854  8.31884e+19
-54.2673  8.39323e+19
-53.6806  1.47157e+20
-53.094  1.08241e+20
-52.5073  1.72289e+20
-51.9206  2.3109e+20
-51.334  1.54623e+20
-50.7473  1.36332e+20
-50.1606  1.62542e+20
-49.5739  2.05384e+20
-48.9873  1.94192e+20
-48.4006  2.35418e+20
-47.8139  2.26938e+20
-47.2273  1.75749e+20
-46.6406  1.76911e+20
-46.0539  3.24114e+20
-45.4673  2.1431e+20
-44.8806  1.6814e+20
-44.2939  2.56365e+20
-43.7072  2.0313e+20
-43.1206  1.434e+20
-42.5339  3.00207e+20
-41.9472  2.00319e+20
-41.3606  1.34409e+20
-40.7739  1.99782e+20
-40.1872  2.25293e+20
-39.6006  1.48298e+20
-39.0139  2.81338e+20
-38.4272  3.19655e+20
-37.8406  2.66287e+20
-37.2539  3.8354e+20
-36.6672  4.19647e+20
-36.0805  2.97625e+20
-35.4939  6.05224e+20
-34.9072  5.78515e+20
-34.3205  4.23758e+20
-33.7339  5.93139e+20
-33.1472  4.69481e+20
-32.5605  2.44873e+20
-31.9738  4.93906e+20
-31.3872  3.70566e+20
-30.8005  2.58945e+20
-30.2138  3.08164e+20
-29.6272  3.68312e+20
-29.0405  3.94902e+20
-28.4538  4.35536e+20
-27.8672  5.78757e+20
-27.2805  7.05195e+20
-26.6938  6.64016e+20
-26.1072  1.14603e+21
-25.5205  1.16987e+21
-24.9338  9.85841e+20
-24.3471  1.48923e+21
-23.7605  1.29496e+21
-23.1738  1.0836e+21
-22.5871  1.46422e+21
-22.0005  9.94135e+20
-21.4138  7.92024e+20
-20.8271  9.21353e+20
-20.2404  7.47862e+20
-19.6538  1.06539e+21
-19.0671  9.09179e+20
-18.4804  1.30727e+21
-17.8938  2.3214e+21
-17.3071  2.22838e+21
-16.7204  2.98583e+21
-16.1338  3.94457e+21
-15.5471  3.36896e+21
-14.9604  4.13551e+21
-14.3737  4.98991e+21
-13.7871  4.23901e+21
-13.2004  4.43045e+21
-12.6137  4.19498e+21
-12.0271  3.07223e+21
-11.4404  3.49867e+21
-10.8537  3.63263e+21
-10.2671  3.84515e+21
-9.68039  5.86004e+21
-9.09372  8.2003e+21
-8.50705  1.18108e+22
-7.92038  1.76824e+22
-7.33371  2.41481e+22
-6.74704  3.2113e+22
-6.16037  4.13522e+22
-5.5737  5.1914e+22
-4.98703  6.31781e+22
-4.40036  7.38068e+22
-3.81369  8.53336e+22
-3.22702  9.5566e+22
-2.64035  1.03006e+23
-2.05368  1.11775e+23
-1.46701  1.181e+23
-0.88034  1.20758e+23
-0.29367  1.24415e+23
0.293  1.24165e+23
0.87967  1.20101e+23
1.46634  1.17102e+23
2.05301  1.10353e+23
2.63968  1.01333e+23
3.22635  9.36993e+22
3.81302  8.32526e+22
4.39969  7.16621e+22
4.98636  6.11187e+22
5.57303  4.98992e+22
6.1597  3.95137e+22
6.74637  3.05406e+22
7.33304  2.27929e+22
7.91971  1.65854e+22
8.50638  1.10225e+22
9.09305  7.64833e+21
9.67972  5.51447e+21
10.2664  3.67375e+21
10.8531  3.5847e+21
11.4397  3.5222e+21
12.0264  3.12354e+21
12.6131  4.27448e+21
13.1997  4.49727e+21
13.7864  4.25286e+21
14.3731  4.98531e+21
14.9597  4.10461e+21
15.5464  3.29144e+21
16.1331  3.84038e+21
16.7198  2.88743e+21
17.3064  2.12706e+21
17.8931  2.2152e+21
18.4798  1.24079e+21
19.0664  8.75514e+20
19.6531  1.02791e+21
20.2398  7.4344e+20
20.8265  9.41877e+20
21.4131  8.07381e+20
21.9998  1.01888e+21
22.5865  1.48955e+21
23.1731  1.10812e+21
23.7598  1.30252e+21
24.3465  1.48697e+21
24.9331  9.80617e+20
25.5198  1.15021e+21
26.1065  1.11669e+21
26.6931  6.46201e+20
27.2798  6.79073e+20
27.8665  5.56201e+20
28.4532  4.18198e+20
29.0398  3.75944e+20
29.6265  3.56938e+20
30.2132  3.09301e+20
30.7998  2.58215e+20
31.3865  3.76901e+20
31.9732  5.10363e+20
32.5599  2.49336e+20
33.1465  4.74287e+20
33.7332  6.0484e+20
34.3199  4.2634e+20
34.9065  5.75541e+20
35.4932  6.10828e+20
36.0799  2.93383e+20
36.6665  4.08174e+20
37.2532  3.76192e+20
37.8399  2.58526e+20
38.4265  3.08164e+20
39.0132  2.78432e+20
39.5999  1.42442e+20
40.1866  2.1744e+20
40.7732  1.96685e+20
41.3599  1.30852e+20
41.9466  1.98317e+20
42.5332  3.06829e+20
43.1199  1.46153e+20
43.7066  2.05234e+20
44.2933  2.60442e+20
44.8799  1.71962e+20
45.4666  2.12801e+20
46.0533  3.27719e+20
46.6399  1.80752e+20
47.2266  1.7387e+20
47.8133  2.25184e+20
48.3999  2.36643e+20
48.9866  1.87883e+20
49.5733  2.03542e+20
50.1599  1.62018e+20
50.7466  1.3158e+20
51.3333  1.51631e+20
51.92  2.28658e+20
52.5066  1.65522e+20
53.0933  1.07884e+20
53.68  1.48269e+20
54.2666  8.07988e+19
54.8533  8.41293e+19
55.44  1.65479e+20
56.0266  1.28104e+20
56.6133  6.47855e+19
57.2  1.44643e+20
57.7867  1.16775e+20
58.3733  3.91889e+19
58.96  1.55366e+20
59.5467  2.59859e+20
60.1333  9.10413e+19
60.72  1.49107e+20
61.3067  2.23831e+20
61.8933  3.73124e+19
62.48  7.32694e+19
63.0667  2.35895e+20
63.6534  7.62389e+19
64.24  5.36301e+19
64.8267  1.68089e+20
65.4134  1.17334e+20
66  7.04172e+19
66.5867  1.61228e+20
67.1734  1.35195e+20
67.7601  4.65512e+19
68.3467  8.89463e+19
68.9334  1.54473e+20
69.5201  7.17991e+19
70.1067  5.53532e+19
70.6934  1.3132e+20
71.2801  6.40806e+19
71.8667  2.69804e+19
72.4534  1.24796e+20
73.0401  8.41849e+19
73.6268  3.91784e+19
74.2134  1.54202e+20
74.8001  1.00038e+20
75.3868  8.22094e+19
75.9734  7.26332e+19
76.5601  1.14415e+20
77.1468  5.04054e+19
77.7334  5.29656e+19
78.3201  9.33079e+19
78.9068  1.44936e+20
79.4934  1.61152e+19
80.0801  1.31682e+20
80.6668  9.99543e+19
81.2535  6.05784e+19
81.8401  5.8097e+19
82.4268  1.38704e+20
83.0135  4.79486e+19
83.6001  4.39719e+19
84.1868  5.54125e+19
84.7735  1.68113e+20
85.3602  5.99496e+19
85.9468  6.37567e+19
86.5335  9.02558e+19
87.1202  6.0127e+19
87.7068  6.94492e+18
88.2935  1.29094e+20
88.8802  9.67742e+19
89.4668  1.50227e+19
90.0535  3.6859e+19
90.6402  8.73416e+19
91.2268  7.83896e+19
91.8135  7.75486e+19
92.4002  4.56281e+19
92.9869  7.4053e+19
93.5735  2.57484e+19
94.1602  2.34767e+19
94.7469  1.38365e+20
95.3335  4.06723e+19
95.9202  8.37295e+18
96.5069  1.2498e+20
97.0935  3.32609e+19
97.6802  2.66874e+19
98.2669  9.06313e+19
98.8536  3.63766e+19
99.4402  7.2852e+19
100.027  4.00541e+19
100.614  2.06256e+19
101.2  4.58572e+19
101.787  2.49577e+19
102.374  6.02554e+19
102.96  1.13749e+20
103.547  1.11023e+19
104.134  3.51118e+18
104.72  2.09108e+19
105.307  3.95359e+19
105.894  5.31975e+19
106.48  5.31613e+19
107.067  2.04348e+19
107.654  2.87543e+19
108.24  8.25917e+18
108.827  5.42823e+19
109.414  7.37733e+19
110  3.05863e+19
110.587  8.92364e+18
111.174  3.94112e+19
111.76  1.4338e+19
112.347  1.9033e+19
112.934  4.93333e+19
113.52  6.26174e+19
114.107  4.14956e+19
114.694  3.35786e+19
115.28  1.80587e+19
115.867  1.63268e+19
116.454  5.4023e+19
117.04  8.19512e+19
117.627  2.66663e+19
118.214  2.08521e+19
118.8  2.95228e+18
119.387  1.16329e+19
119.974  8.98742e+19
120.56  1.04611e+20
121.147  7.75497e+18
121.734  2.1535e+19
122.32  1.8923e+19
122.907  3.2702e+19
123.494  5.37125e+19
124.08  6.88245e+19
124.667  1.93888e+19
125.254  1.35239e+19
125.84  4.94258e+19
126.427  6.84326e+19
127.014  2.06316e+19
127.6  5.04979e+19
128.187  3.63035e+19
128.774  2.99095e+19
129.36  1.97722e+19
129.947  5.35923e+19
130.534  2.50372e+19
131.12  3.85039e+19
131.707  5.53869e+19
132.294  5.5046e+19
132.88  7.89373e+18
133.467  6.34383e+19
134.054  3.28007e+19
134.64  5.75827e+19
135.227  2.70463e+19
135.814  5.22752e+19
136.4  1.88225e+19
136.987  6.87982e+19
137.574  4.56466e+19
138.16  6.03776e+19
138.747  2.43997e+19
139.334  7.8988e+19
139.92  2.90257e+19
140.507  5.19218e+19
141.094  3.62893e+19
141.68  5.19533e+19
142.267  3.06816e+19
142.854  9.1698e+19
143.44  5.83685e+19
144.027  2.87688e+19
144.614  2.61017e+19
145.2  7.72522e+19
145.787  4.67777e+19
146.374  4.56755e+19
146.96  5.42248e+19
147.547  3.2927e+19
148.134  2.8926e+19
148.721  9.33436e+19
149.307  8.34822e+19
149.894  1.45868e+19
150.481  4.201e+19
151.067  4.42008e+19
151.654  5.31242e+19
152.241  5.82769e+19
152.827  9.87979e+19
153.414  5.93085e+18
154.001  6.24429e+19
154.587  3.83647e+19
155.174  7.00054e+19
155.761  3.48739e+19
156.347  6.53718e+19
156.934  1.30671e+19
157.521  1.09383e+20
158.107  1.84731e+19
158.694  5.66307e+19
159.281  3.02645e+19
159.867  8.60999e+19
160.454  1.62032e+19
161.041  1.01049e+20
161.627  1.76228e+19
162.214  4.28839e+19
162.801  3.3058e+19
163.387  1.1329e+20
163.974  2.84968e+19
164.561  9.45846e+19
165.147  1.60162e+19
165.734  5.81897e+19
166.321  2.62298e+19
166.907  1.06152e+20
167.494  5.80605e+19
168.081  7.7173e+19
168.667  2.06645e+19
169.254  6.01775e+19
169.841  3.08607e+19
170.427  8.0285e+19
171.014  4.32614e+19
171.601  9.29705e+19
172.187  4.09361e+19
172.774  3.72698e+19
173.361  3.68954e+19
173.947  6.88164e+19
174.534  3.93576e+19
175.121  6.53218e+19
175.707  6.09614e+19
176.294  2.51166e+19
176.881  2.41122e+19
177.467  6.87238e+19
178.054  5.17596e+19
178.641  3.42912e+19
179.227  8.02329e+19
179.814  2.35837e+19
180.401  3.26721e+19
180.987  4.89948e+19
181.574  4.7202e+19
182.161  2.02679e+19
182.747  6.82385e+19
183.334  1.70858e+19
183.921  2.81851e+19
184.507  3.27557e+19
185.094  3.81347e+19
185.681  2.06008e+19
186.267  7.29515e+19
186.854  1.33137e+19
187.441  2.58565e+19
188.027  3.61807e+19
188.614  2.84901e+19
189.201  2.93182e+19
189.787  5.74159e+19
190.374  9.78236e+18
190.961  2.99016e+19
191.547  5.22217e+19
192.134  5.11044e+19
192.721  6.4969e+19
193.307  3.205e+19
193.894  1.63019e+19
194.481  3.74568e+19
195.067  7.03298e+19
195.654  4.06138e+19
196.241  6.18542e+19
196.827  1.96644e+19
197.414  1.724e+19
198.001  4.825e+19
198.587  6.24973e+19
199.174  3.33692e+19
199.761  4.56802e+19
200.347  1.69942e+19
200.934  3.45549e+19
201.521  5.38261e+19
202.107  3.82495e+19
202.694  2.62387e+19
203.281  4.08378e+19
203.867  1.47737e+19
204.454  7.68106e+19
205.041  6.24983e+19
205.627  2.34204e+19
206.214  2.58607e+19
206.801  6.23754e+19
207.388  1.6389e+19
207.974  7.39735e+19
208.561  3.72038e+19
209.148  2.72027e+19
209.734  2.84989e+19
210.321  4.72456e+19
210.908  4.96789e+19
211.494  4.12419e+19
212.081  2.33266e+19
212.668  4.93514e+19
213.254  5.36937e+19
213.841  3.11387e+19
214.428  7.14547e+19
215.014  1.69561e+19
215.601  2.32989e+19
216.188  6.74429e+19
216.774  6.13435e+19
217.361  2.25813e+19
217.948  5.31334e+19
218.534  1.07714e+19
219.121  6.92433e+19
219.708  7.15281e+19
220.294  5.13445e+19
220.881  3.23929e+19
221.468  2.97196e+19
222.054  1.14888e+19
222.641  1.09948e+20
223.228  4.39129e+19
223.814  6.94159e+19
224.401  3.11728e+19
224.988  4.97751e+19
225.574  3.35587e+19
226.161  9.57908e+19
226.748  3.51634e+19
227.334  5.66939e+19
227.921  2.95077e+19
228.508  5.92147e+19
229.094  6.60429e+19
229.681  5.04652e+19
230.268  2.77014e+19
230.854  8.1046e+19
231.441  3.34556e+19
232.028  5.08128e+19
232.614  8.01392e+19
233.201  4.61059e+19
233.788  3.60934e+19
234.374  4.99e+19
