#S 1 spectral density
#N 2
#UFWHM 4.10669
#L  abscissas [um]  spectral density
-234.375  1.3687e+20
-233.788  3.03607e+20
-233.202  2.60103e+20
-232.615  1.61984e+20
-232.028  1.48769e+20
-231.442  2.13266e+20
-230.855  1.39951e+20
-230.268  3.47659e+20
-229.682  1.99246e+20
-229.095  1.6564e+20
-228.508  8.73773e+19
-227.922  3.85498e+20
-227.335  2.19356e+20
-226.748  2.23732e+20
-226.162  1.14365e+20
-225.575  2.28849e+20
-224.988  1.24424e+20
-224.402  3.43715e+20
-223.815  1.08656e+20
-223.228  2.44328e+20
-222.642  1.0618e+20
-222.055  4.1592e+20
-221.468  1.59046e+20
-220.882  1.8507e+20
-220.295  1.02329e+20
-219.708  3.75721e+20
-219.122  1.75086e+20
-218.535  3.54263e+20
-217.948  6.84271e+19
-217.362  1.72207e+20
-216.775  1.552e+20
-216.188  6.36697e+20
-215.602  1.88363e+20
-215.015  2.13939e+20
-214.428  9.09845e+19
-213.842  2.48701e+20
-213.255  1.8392e+20
-212.668  4.95458e+20
-212.082  1.21348e+20
-211.495  1.81803e+20
-210.908  1.53024e+20
-210.322  4.0758e+20
-209.735  1.10159e+20
-209.148  3.13997e+20
-208.562  2.0401e+20
-207.975  3.03164e+20
-207.388  1.814e+20
-206.802  2.81699e+20
-206.215  9.69716e+19
-205.628  1.99248e+20
-205.041  3.43545e+20
-204.455  4.76339e+20
-203.868  1.26916e+20
-203.281  1.92923e+20
-202.695  1.53702e+20
-202.108  2.80105e+20
-201.521  3.25848e+20
-200.935  3.30562e+20
-200.348  1.65128e+20
-199.761  1.55527e+20
-199.175  2.78609e+20
-198.588  2.88531e+20
-198.001  1.97256e+20
-197.415  2.27023e+20
-196.828  3.0378e+20
-196.241  3.02555e+20
-195.655  2.76785e+20
-195.068  1.77576e+20
-194.481  1.97197e+20
-193.895  1.55964e+20
-193.308  4.70902e+20
-192.721  2.80885e+20
-192.135  2.42079e+20
-191.548  1.5586e+20
-190.961  2.98659e+20
-190.375  2.32914e+20
-189.788  3.32256e+20
-189.201  1.89923e+20
-188.615  3.00195e+20
-188.028  2.10744e+20
-187.441  4.1313e+20
-186.855  1.2789e+20
-186.268  2.45054e+20
-185.681  1.38075e+20
-185.095  4.35211e+20
-184.508  3.58956e+20
-183.921  3.38067e+20
-183.335  1.16449e+20
-182.748  2.34689e+20
-182.161  1.98873e+20
-181.575  4.4028e+20
-180.988  1.68949e+20
-180.401  3.67249e+20
-179.815  1.29189e+20
-179.228  3.93334e+20
-178.641  2.6375e+20
-178.055  2.64484e+20
-177.468  1.53607e+20
-176.881  3.47377e+20
-176.295  2.54632e+20
-175.708  4.07621e+20
-175.121  1.70604e+20
-174.535  2.90519e+20
-173.948  1.31205e+20
-173.361  4.33225e+20
-172.775  2.43496e+20
-172.188  2.44373e+20
-171.601  2.00335e+20
-171.015  3.75487e+20
-170.428  2.15558e+20
-169.841  2.9465e+20
-169.255  1.8399e+20
-168.668  2.01828e+20
-168.081  2.04766e+20
-167.495  5.04937e+20
-166.908  2.11648e+20
-166.321  2.06075e+20
-165.735  1.85857e+20
-165.148  3.05895e+20
-164.561  2.00651e+20
-163.975  2.71471e+20
-163.388  2.91666e+20
-162.801  1.49404e+20
-162.215  2.48637e+20
-161.628  4.33882e+20
-161.041  1.27028e+20
-160.455  1.77197e+20
-159.868  2.03874e+20
-159.281  2.68789e+20
-158.695  2.48895e+20
-158.108  2.11719e+20
-157.521  3.00298e+20
-156.935  1.22936e+20
-156.348  2.52451e+20
-155.761  3.33882e+20
-155.175  1.10003e+20
-154.588  1.42873e+20
-154.001  2.4834e+20
-153.415  1.96628e+20
-152.828  2.59408e+20
-152.241  1.89487e+20
-151.655  1.88872e+20
-151.068  1.13881e+20
-150.481  2.47135e+20
-149.895  2.00833e+20
-149.308  1.91688e+20
-148.721  9.46765e+19
-148.135  2.3863e+20
-147.548  2.147e+20
-146.961  1.4845e+20
-146.375  2.02066e+20
-145.788  1.51739e+20
-145.201  5.60854e+19
-144.614  3.55591e+20
-144.028  1.05761e+20
-143.441  2.02187e+20
-142.854  1.41271e+20
-142.268  1.06291e+20
-141.681  1.66782e+20
-141.094  1.86439e+20
-140.508  7.76681e+19
-139.921  2.2047e+20
-139.334  6.17758e+19
-138.748  2.18704e+20
-138.161  1.46641e+20
-137.574  2.09725e+20
-136.988  5.64864e+19
-136.401  1.79008e+20
-135.814  6.03545e+19
-135.228  1.43759e+20
-134.641  1.13644e+20
-134.054  7.61523e+19
-133.468  1.51809e+20
-132.881  1.47554e+20
-132.294  2.55063e+19
-131.708  3.35288e+20
-131.121  6.67898e+19
-130.534  1.15716e+20
-129.948  2.22273e+20
-129.361  2.25463e+19
-128.774  8.72241e+19
-128.188  1.86169e+20
-127.601  1.51158e+19
-127.014  1.70221e+20
-126.428  8.81253e+19
-125.841  1.30259e+20
-125.254  5.91098e+19
-124.668  4.31046e+19
-124.081  8.84163e+19
-123.494  1.22788e+20
-122.908  3.10637e+19
-122.321  1.34631e+20
-121.734  3.62862e+19
-121.148  1.71917e+19
-120.561  1.97024e+20
-119.974  1.88354e+20
-119.388  4.54242e+19
-118.801  1.5406e+20
-118.214  1.45039e+19
-117.628  9.0206e+19
-117.041  1.8419e+20
-116.454  6.75356e+19
-115.868  9.55785e+19
-115.281  9.66426e+19
-114.694  8.12688e+19
-114.108  2.92102e+20
-113.521  9.8482e+19
-112.934  1.61921e+20
-112.348  8.32027e+19
-111.761  5.54968e+19
-111.174  1.10685e+20
-110.588  1.00007e+20
-110.001  2.69441e+19
-109.414  1.35384e+20
-108.828  8.63896e+19
-108.241  1.07002e+20
-107.654  1.30171e+20
-107.068  5.0775e+19
-106.481  1.17673e+20
-105.894  2.46982e+20
-105.308  2.45253e+19
-104.721  1.04524e+20
-104.134  1.10691e+20
-103.548  5.57759e+19
-102.961  2.2153e+20
-102.374  1.20319e+20
-101.788  3.6207e+19
-101.201  1.19557e+20
-100.614  2.10404e+19
-100.028  4.33881e+20
-99.4409  9.63612e+19
-98.8542  5.0086e+19
-98.2676  2.09903e+20
-97.6809  2.78249e+19
-97.0942  2.17602e+20
-96.5075  3.48411e+20
-95.9209  1.04815e+19
-95.3342  1.23596e+20
-94.7475  1.99436e+19
-94.1609  2.85033e+20
-93.5742  1.7236e+20
-92.9875  8.61507e+18
-92.4009  1.96721e+20
-91.8142  7.13592e+19
-91.2275  7.90558e+19
-90.6409  3.63585e+20
-90.0542  3.86376e+19
-89.4675  4.94048e+19
-88.8808  7.58635e+19
-88.2942  1.42496e+20
-87.7075  9.74938e+19
-87.1208  9.24717e+19
-86.5342  8.20662e+19
-85.9475  1.10911e+20
-85.3608  4.44579e+19
-84.7741  1.41855e+20
-84.1875  1.52461e+20
-83.6008  6.44628e+19
-83.0141  1.5284e+20
-82.4275  1.94662e+20
-81.8408  2.3159e+19
-81.2541  1.75594e+20
-80.6675  4.84413e+19
-80.0808  1.13895e+20
-79.4941  1.17254e+20
-78.9074  2.21232e+19
-78.3208  2.16924e+20
-77.7341  2.03255e+20
-77.1474  1.81012e+20
-76.5608  2.99731e+20
-75.9741  2.9157e+19
-75.3874  1.32854e+20
-74.8008  9.59509e+19
-74.2141  7.96623e+19
-73.6274  1.81993e+20
-73.0408  2.50378e+19
-72.4541  1.51405e+20
-71.8674  2.84284e+20
-71.2807  1.57816e+20
-70.6941  2.7827e+20
-70.1074  7.46812e+19
-69.5207  4.35343e+19
-68.9341  1.03366e+20
-68.3474  5.99033e+19
-67.7607  1.19686e+20
-67.174  5.77333e+19
-66.5874  9.39883e+19
-66.0007  2.02159e+20
-65.414  1.52193e+20
-64.8274  1.27371e+20
-64.2407  1.38504e+20
-63.654  2.90263e+19
-63.0674  4.56276e+19
-62.4807  1.01217e+20
-61.894  2.14153e+19
-61.3073  1.09138e+20
-60.7207  6.88993e+19
-60.134  1.06019e+20
-59.5473  1.0574e+20
-58.9607  1.66742e+19
-58.374  1.75764e+20
-57.7873  1.90846e+20
-57.2007  1.47968e+19
-56.614  1.77265e+20
-56.0273  1.94422e+19
-55.4407  9.13012e+19
-54.854  1.35953e+20
-54.2673  2.69609e+19
-53.6806  1.49036e+20
-53.094  3.17374e+19
-52.5073  2.37307e+20
-51.9206  4.33207e+20
-51.334  3.98506e+19
-50.7473  2.22519e+20
-50.1606  1.28451e+20
-49.5739  9.99075e+19
-48.9873  2.41171e+20
-48.4006  2.70395e+19
-47.8139  2.46755e+20
-47.2273  1.41855e+20
-46.6406  2.70881e+20
-46.0539  7.67263e+20
-45.4673  1.06622e+20
-44.8806  2.56647e+20
-44.2939  2.77815e+20
-43.7072  1.26208e+20
-43.1206  3.15059e+20
-42.5339  7.23722e+19
-41.9472  3.93248e+20
-41.3606  3.45465e+20
-40.7739  3.28613e+20
-40.1872  1.03565e+21
-39.6006  2.07576e+20
-39.0139  2.53084e+20
-38.4272  3.57088e+20
-37.8406  1.48116e+20
-37.2539  4.27086e+20
-36.6672  1.11658e+20
-36.0805  5.98343e+20
-35.4939  5.79653e+20
-34.9072  4.41869e+20
-34.3205  1.1237e+21
-33.7339  3.1952e+20
-33.1472  2.62103e+20
-32.5605  3.65648e+20
-31.9738  2.44272e+20
-31.3872  4.98281e+20
-30.8005  2.11718e+20
-30.2138  7.61224e+20
-29.6272  9.56838e+20
-29.0405  5.58415e+20
-28.4538  1.1011e+21
-27.8672  4.06254e+20
-27.2805  2.54608e+20
-26.6938  4.05937e+20
-26.1072  3.48948e+20
-25.5205  7.41887e+20
-24.9338  4.46344e+20
-24.3471  9.40888e+20
-23.7605  1.41702e+21
-23.1738  7.36091e+20
-22.5871  9.13599e+20
-22.0005  4.58326e+20
-21.4138  3.58904e+20
-20.8271  6.52799e+20
-20.2404  6.05061e+20
-19.6538  1.24461e+21
-19.0671  1.03328e+21
-18.4804  1.2272e+21
-17.8938  1.9813e+21
-17.3071  9.62185e+20
-16.7204  7.75269e+20
-16.1338  5.53018e+20
-15.5471  8.0832e+20
-14.9604  1.63426e+21
-14.3737  1.36133e+21
-13.7871  2.57412e+21
-13.2004  2.41632e+21
-12.6137  1.91695e+21
-12.0271  2.83148e+21
-11.4404  1.2954e+21
-10.8537  1.17014e+21
-10.2671  1.42757e+21
-9.68039  2.99514e+21
-9.09372  5.79866e+21
-8.50705  4.81595e+21
-7.92038  7.29464e+21
-7.33371  7.13844e+21
-6.74704  4.85245e+21
-6.16037  6.05318e+21
-5.5737  4.74515e+21
-4.98703  1.13027e+22
-4.40036  2.03751e+22
-3.81369  4.02204e+22
-3.22702  7.1965e+22
-2.64035  9.29112e+22
-2.05368  1.31528e+23
-1.46701  1.69106e+23
-0.88034  1.81708e+23
-0.29367  2.11819e+23
0.293  2.12207e+23
0.87967  1.83451e+23
1.46634  1.72007e+23
2.05301  1.34499e+23
2.63968  9.61499e+22
3.22635  7.49732e+22
3.81302  4.22948e+22
4.39969  2.17555e+22
4.98636  1.21064e+22
5.57303  4.93377e+21
6.1597  5.96701e+21
6.74637  4.75097e+21
7.33304  7.08901e+21
7.91971  7.3093e+21
8.50638  4.94466e+21
9.09305  6.02e+21
9.67972  3.13888e+21
10.2664  1.49391e+21
10.8531  1.19504e+21
11.4397  1.2548e+21
12.0264  2.75258e+21
12.6131  1.87546e+21
13.1997  2.4323e+21
13.7864  2.61096e+21
14.3731  1.41499e+21
14.9597  1.71163e+21
15.5464  8.50817e+20
16.1331  5.47863e+20
16.7198  7.50067e+20
17.3064  9.37387e+20
17.8931  1.95038e+21
18.4798  1.21434e+21
19.0664  1.05473e+21
19.6531  1.28244e+21
20.2398  6.31929e+20
20.8265  6.77508e+20
21.4131  3.72989e+20
21.9998  4.46282e+20
22.5865  8.85842e+20
23.1731  7.22367e+20
23.7598  1.41578e+21
24.3465  9.39761e+20
24.9331  4.60071e+20
25.5198  7.72072e+20
26.1065  3.63359e+20
26.6931  4.0523e+20
27.2798  2.56645e+20
27.8665  3.99823e+20
28.4532  1.08095e+21
29.0398  5.49552e+20
29.6265  9.68965e+20
30.2132  7.658e+20
30.7998  2.17547e+20
31.3865  5.14943e+20
31.9732  2.54321e+20
32.5599  3.55313e+20
33.1465  2.57663e+20
33.7332  3.18782e+20
34.3199  1.11294e+21
34.9065  4.36966e+20
35.4932  5.9121e+20
36.0799  6.07752e+20
36.6665  1.11537e+20
37.2532  4.3372e+20
37.8399  1.53656e+20
38.4265  3.46662e+20
39.0132  2.454e+20
39.5999  2.08015e+20
40.1866  1.03562e+21
40.7732  3.24211e+20
41.3599  3.54453e+20
41.9466  4.01443e+20
42.5332  7.07997e+19
43.1199  3.13083e+20
43.7066  1.30913e+20
44.2933  2.72612e+20
44.8799  2.48227e+20
45.4666  1.07828e+20
46.0533  7.70559e+20
46.6399  2.683e+20
47.2266  1.44546e+20
47.8133  2.54909e+20
48.3999  2.61309e+19
48.9866  2.34849e+20
49.5733  1.03954e+20
50.1599  1.26687e+20
50.7466  2.16138e+20
51.3333  4.02737e+19
51.92  4.38842e+20
52.5066  2.34011e+20
53.0933  3.13646e+19
53.68  1.55157e+20
54.2666  2.65975e+19
54.8533  1.31025e+20
55.44  9.5085e+19
56.0266  1.94783e+19
56.6133  1.72673e+20
57.2  1.52398e+19
57.7867  1.95471e+20
58.3733  1.71779e+20
58.96  1.66556e+19
59.5467  1.09363e+20
60.1333  1.05467e+20
60.72  6.72229e+19
61.3067  1.1363e+20
61.8933  2.09994e+19
62.48  9.8744e+19
63.0667  4.61378e+19
63.6534  2.97011e+19
64.24  1.35716e+20
64.8267  1.28918e+20
65.4134  1.54677e+20
66  2.00845e+20
66.5867  9.51696e+19
67.1734  5.99732e+19
67.7601  1.18464e+20
68.3467  6.01307e+19
68.9334  1.04067e+20
69.5201  4.26098e+19
70.1067  7.27731e+19
70.6934  2.80399e+20
71.2801  1.56631e+20
71.8667  2.84654e+20
72.4534  1.52229e+20
73.0401  2.59963e+19
73.6268  1.80986e+20
74.2134  8.29609e+19
74.8001  9.54702e+19
75.3868  1.32024e+20
75.9734  2.86605e+19
76.5601  2.98532e+20
77.1468  1.7782e+20
77.7334  2.04388e+20
78.3201  2.16908e+20
78.9068  2.1883e+19
79.4934  1.17574e+20
80.0801  1.18316e+20
80.6668  4.702e+19
81.2535  1.75911e+20
81.8401  2.3446e+19
82.4268  1.91995e+20
83.0135  1.48878e+20
83.6001  6.57276e+19
84.1868  1.51553e+20
84.7735  1.41157e+20
85.3602  4.4884e+19
85.9468  1.13957e+20
86.5335  8.0691e+19
87.1202  9.28145e+19
87.7068  9.89121e+19
88.2935  1.42576e+20
88.8802  7.32725e+19
89.4668  5.07665e+19
90.0535  3.82306e+19
90.6402  3.61962e+20
91.2268  7.62043e+19
91.8135  7.23379e+19
92.4002  1.95343e+20
92.9869  8.60898e+18
93.5735  1.74219e+20
94.1602  2.89692e+20
94.7469  1.95771e+19
95.3335  1.23804e+20
95.9202  1.05492e+19
96.5069  3.45437e+20
97.0935  2.1081e+20
97.6802  2.79673e+19
98.2669  2.09421e+20
98.8536  4.9865e+19
99.4402  9.76985e+19
100.027  4.4037e+20
100.614  2.04395e+19
101.2  1.18635e+20
101.787  3.72021e+19
102.374  1.18496e+20
102.96  2.13985e+20
103.547  5.78086e+19
104.134  1.11854e+20
104.72  1.02582e+20
105.307  2.47711e+19
105.894  2.49963e+20
106.48  1.14679e+20
107.067  4.93605e+19
107.654  1.34063e+20
108.24  1.06921e+20
108.827  8.30441e+19
109.414  1.38163e+20
110  2.73003e+19
110.587  9.67261e+19
111.174  1.12039e+20
111.76  5.69501e+19
112.347  8.01684e+19
112.934  1.62539e+20
113.52  1.00627e+20
114.107  2.90328e+20
114.694  7.91335e+19
115.28  9.78161e+19
115.867  9.38056e+19
116.454  6.74057e+19
117.04  1.86578e+20
117.627  9.30809e+19
118.214  1.40232e+19
118.8  1.53502e+20
119.387  4.46452e+19
119.974  1.85417e+20
120.56  1.94473e+20
121.147  1.76694e+19
121.734  3.6609e+19
122.32  1.34975e+20
122.907  3.11363e+19
123.494  1.23603e+20
124.08  8.89959e+19
124.667  4.2814e+19
125.254  6.0546e+19
125.84  1.31311e+20
126.427  8.67245e+19
127.014  1.6805e+20
127.6  1.4872e+19
128.187  1.835e+20
128.774  8.43355e+19
129.36  2.22942e+19
129.947  2.23696e+20
130.534  1.16335e+20
131.12  6.93896e+19
131.707  3.37141e+20
132.294  2.50715e+19
132.88  1.43206e+20
133.467  1.52458e+20
134.054  7.55607e+19
134.64  1.12628e+20
135.227  1.43408e+20
135.814  6.23076e+19
136.4  1.7542e+20
136.987  5.54331e+19
137.574  2.09801e+20
138.16  1.48146e+20
138.747  2.15313e+20
139.334  6.38438e+19
139.92  2.19805e+20
140.507  7.51977e+19
141.094  1.83985e+20
141.68  1.70863e+20
142.267  1.04503e+20
142.854  1.4244e+20
143.44  2.03359e+20
144.027  1.06743e+20
144.614  3.50505e+20
145.2  5.76944e+19
145.787  1.49148e+20
146.374  2.00578e+20
146.96  1.45276e+20
147.547  2.1892e+20
148.134  2.35614e+20
148.721  9.64515e+19
149.307  1.90195e+20
149.894  2.03232e+20
150.481  2.41512e+20
151.067  1.17893e+20
151.654  1.86312e+20
152.241  1.90475e+20
152.827  2.5394e+20
153.414  2.002e+20
154.001  2.43804e+20
154.587  1.45473e+20
155.174  1.07323e+20
155.761  3.38226e+20
156.347  2.46154e+20
156.934  1.26345e+20
157.521  2.97313e+20
158.107  2.14665e+20
158.694  2.42578e+20
159.281  2.7448e+20
159.867  1.99146e+20
160.454  1.79446e+20
161.041  1.24026e+20
161.627  4.38837e+20
162.214  2.41081e+20
162.801  1.5227e+20
163.387  2.88711e+20
163.974  2.74538e+20
164.561  1.95106e+20
165.147  3.12575e+20
165.734  1.81053e+20
166.321  2.05363e+20
166.907  2.08353e+20
167.494  5.09736e+20
168.081  1.97461e+20
168.667  2.05343e+20
169.254  1.82124e+20
169.841  2.9373e+20
170.427  2.10564e+20
171.014  3.81877e+20
171.601  1.96166e+20
172.187  2.43074e+20
172.774  2.42714e+20
173.361  4.35172e+20
173.947  1.26041e+20
174.534  2.93859e+20
175.121  1.71878e+20
175.707  4.03281e+20
176.294  2.51698e+20
176.881  3.51706e+20
177.467  1.50686e+20
178.054  2.63398e+20
178.641  2.67533e+20
179.227  3.90978e+20
179.814  1.25423e+20
180.401  3.68599e+20
180.987  1.71089e+20
181.574  4.35379e+20
182.161  2.00095e+20
182.747  2.35209e+20
183.334  1.15612e+20
183.921  3.33668e+20
184.507  3.65915e+20
185.094  4.31258e+20
185.681  1.37378e+20
186.267  2.43498e+20
186.854  1.31156e+20
187.441  4.05693e+20
188.027  2.15775e+20
188.614  2.97562e+20
189.201  1.92325e+20
189.787  3.26686e+20
190.374  2.38904e+20
190.961  2.95123e+20
191.547  1.5889e+20
192.134  2.37415e+20
192.721  2.85893e+20
193.307  4.61891e+20
193.894  1.6045e+20
194.481  1.93067e+20
195.067  1.82329e+20
195.654  2.70233e+20
196.241  3.09458e+20
196.827  2.9725e+20
197.414  2.32088e+20
198.001  1.9098e+20
198.587  2.93967e+20
199.174  2.71182e+20
199.761  1.60072e+20
200.347  1.59431e+20
200.934  3.37377e+20
201.521  3.17945e+20
202.107  2.86941e+20
202.694  1.49462e+20
203.281  1.95377e+20
203.867  1.22323e+20
204.454  4.82906e+20
205.041  3.34694e+20
205.627  2.02942e+20
206.214  9.32033e+19
206.801  2.84348e+20
207.388  1.75441e+20
207.974  3.10284e+20
208.561  2.00453e+20
209.148  3.14963e+20
209.734  1.07591e+20
210.321  4.135e+20
210.908  1.47201e+20
211.494  1.83749e+20
212.081  1.22384e+20
212.668  4.93533e+20
213.254  1.78383e+20
213.841  2.5533e+20
214.428  8.95888e+19
215.014  2.11334e+20
215.601  1.93619e+20
216.188  6.37226e+20
216.774  1.4926e+20
217.361  1.73919e+20
217.948  7.05352e+19
218.534  3.47096e+20
219.121  1.78646e+20
219.708  3.77992e+20
220.294  1.01456e+20
220.881  1.83435e+20
221.468  1.65287e+20
222.054  4.1117e+20
222.641  1.08434e+20
223.228  2.42018e+20
223.814  1.12162e+20
224.401  3.37117e+20
224.988  1.28358e+20
225.574  2.25485e+20
226.161  1.18952e+20
226.748  2.18001e+20
227.334  2.27173e+20
227.921  3.80852e+20
228.508  9.0915e+19
229.094  1.60576e+20
229.681  2.05853e+20
230.268  3.38537e+20
230.854  1.45563e+20
231.441  2.08494e+20
232.028  1.53613e+20
232.614  1.55365e+20
233.201  2.69763e+20
233.788  2.97633e+20
234.374  1.41955e+20
