#S 1 spectral density
#N 2
#UFWHM 12.9067
#L  abscissas [um]  spectral density
-234.375  4.01047e+19
-233.788  7.09473e+18
-233.202  2.21154e+19
-232.615  1.95693e+19
-232.028  2.62215e+19
-231.442  4.79367e+19
-230.855  1.1458e+19
-230.268  9.26074e+18
-229.682  2.22538e+19
-229.095  1.7924e+19
-228.508  4.83152e+19
-227.922  3.9541e+19
-227.335  7.55815e+18
-226.748  2.38061e+19
-226.162  2.3618e+19
-225.575  1.77491e+19
-224.988  3.85045e+19
-224.402  3.64798e+19
-223.815  1.21395e+19
-223.228  5.11222e+19
-222.642  3.3214e+19
-222.055  2.83181e+19
-221.468  1.50102e+19
-220.882  2.66125e+19
-220.295  1.75112e+19
-219.708  7.00555e+19
-219.122  2.25846e+19
-218.535  6.05042e+19
-217.948  2.05836e+18
-217.362  3.4965e+19
-216.775  2.17176e+19
-216.188  4.99577e+19
-215.602  1.83107e+19
-215.015  8.56745e+19
-214.428  2.44158e+18
-213.842  6.25493e+19
-213.255  2.94984e+19
-212.668  4.17426e+19
-212.082  1.12102e+19
-211.495  6.69435e+19
-210.908  5.72731e+18
-210.322  7.05584e+19
-209.735  2.60889e+19
-209.148  5.66284e+19
-208.562  1.29806e+19
-207.975  4.30181e+19
-207.388  7.70299e+18
-206.802  7.98399e+19
-206.215  1.97699e+19
-205.628  7.79789e+19
-205.041  2.53523e+19
-204.455  3.00301e+19
-203.868  1.02142e+19
-203.281  7.92051e+19
-202.695  1.98127e+19
-202.108  4.1284e+19
-201.521  3.06093e+19
-200.935  1.48182e+19
-200.348  3.005e+19
-199.761  5.63967e+19
-199.175  2.04864e+19
-198.588  2.5217e+19
-198.001  4.17498e+19
-197.415  1.78086e+19
-196.828  7.71749e+19
-196.241  6.30817e+18
-195.655  9.30543e+18
-195.068  2.56171e+19
-194.481  3.33577e+19
-193.895  2.60471e+19
-193.308  1.00829e+20
-192.721  2.53561e+18
-192.135  1.61702e+19
-191.548  2.12927e+19
-190.961  4.52563e+19
-190.375  7.7194e+18
-189.788  5.88908e+19
-189.201  1.13955e+19
-188.615  3.661e+19
-188.028  2.00779e+19
-187.441  4.21674e+19
-186.855  8.90724e+18
-186.268  4.19634e+19
-185.681  9.27568e+18
-185.095  8.05214e+19
-184.508  2.60667e+19
-183.921  1.48647e+19
-183.335  1.5695e+19
-182.748  4.12084e+19
-182.161  7.00047e+18
-181.575  8.62861e+19
-180.988  3.76542e+19
-180.401  9.13086e+18
-179.815  1.40517e+19
-179.228  5.32269e+19
-178.641  2.08584e+19
-178.055  4.08284e+19
-177.468  3.32573e+19
-176.881  1.75975e+19
-176.295  3.53404e+19
-175.708  3.24723e+19
-175.121  2.55507e+19
-174.535  2.35062e+19
-173.948  1.73331e+19
-173.361  1.76822e+19
-172.775  8.51408e+19
-172.188  4.73983e+18
-171.601  1.09942e+19
-171.015  2.14238e+19
-170.428  2.4708e+19
-169.841  1.11453e+19
-169.255  9.23801e+19
-168.668  7.36952e+18
-168.081  1.1031e+19
-167.495  1.45057e+19
-166.908  4.26221e+19
-166.321  1.88658e+19
-165.735  5.49241e+19
-165.148  3.41954e+18
-164.561  2.91009e+19
-163.975  1.73727e+19
-163.388  3.56501e+19
-162.801  2.80048e+19
-162.215  3.38421e+19
-161.628  5.82315e+18
-161.041  4.13408e+19
-160.455  4.47776e+19
-159.868  2.53395e+19
-159.281  1.36074e+19
-158.695  3.97458e+19
-158.108  1.77795e+19
-157.521  2.46755e+19
-156.935  5.16136e+19
-156.348  3.29813e+19
-155.761  2.25953e+19
-155.175  5.67173e+19
-154.588  2.7871e+19
-154.001  2.36545e+19
-153.415  2.29371e+19
-152.828  2.2696e+19
-152.241  4.48264e+19
-151.655  6.15027e+19
-151.068  2.09899e+19
-150.481  3.6124e+19
-149.895  2.34679e+19
-149.308  3.21506e+19
-148.721  3.41385e+19
-148.135  4.02035e+19
-147.548  9.90921e+18
-146.961  2.54664e+19
-146.375  3.93915e+19
-145.788  6.791e+19
-145.201  2.05918e+19
-144.614  2.71664e+19
-144.028  2.66352e+19
-143.441  3.32613e+19
-142.854  2.55819e+19
-142.268  6.88085e+19
-141.681  2.14893e+19
-141.094  5.12451e+19
-140.508  3.67458e+19
-139.921  3.37262e+19
-139.334  3.50592e+19
-138.748  4.05724e+19
-138.161  3.27269e+19
-137.574  1.2865e+20
-136.988  2.24862e+19
-136.401  1.124e+19
-135.814  5.35572e+19
-135.228  1.01891e+19
-134.641  5.60933e+19
-134.054  1.33199e+20
-133.468  3.91515e+19
-132.881  1.49917e+19
-132.294  4.68e+19
-131.708  4.88415e+19
-131.121  9.49533e+19
-130.534  4.28706e+19
-129.948  5.39941e+19
-129.361  2.87672e+19
-128.774  5.28862e+19
-128.188  5.5659e+19
-127.601  1.28169e+20
-127.014  1.70316e+19
-126.428  4.09446e+19
-125.841  3.54084e+19
-125.254  1.0324e+20
-124.668  1.93361e+19
-124.081  8.83933e+19
-123.494  5.20943e+19
-122.908  5.66896e+19
-122.321  2.06981e+19
-121.734  1.28447e+20
-121.148  4.55991e+19
-120.561  4.21307e+19
-119.974  7.2732e+19
-119.388  1.22577e+20
-118.801  1.76649e+19
-118.214  6.60559e+19
-117.628  6.62595e+19
-117.041  3.26232e+19
-116.454  7.5185e+19
-115.868  1.52284e+20
-115.281  9.09059e+19
-114.694  2.72252e+19
-114.108  3.21746e+19
-113.521  8.19445e+19
-112.934  5.21145e+19
-112.348  8.24232e+19
-111.761  1.57862e+20
-111.174  2.52582e+19
-110.588  3.1243e+19
-110.001  1.3853e+20
-109.414  8.40825e+19
-108.828  3.60736e+19
-108.241  1.00861e+20
-107.654  2.39234e+19
-107.068  7.1675e+19
-106.481  1.08449e+20
-105.894  1.58466e+20
-105.308  6.29763e+19
-104.721  1.81192e+19
-104.134  3.77114e+19
-103.548  1.21748e+20
-102.961  3.78356e+19
-102.374  1.59508e+20
-101.788  8.59699e+19
-101.201  4.42346e+19
-100.614  4.48494e+19
-100.028  1.55016e+20
-99.4409  3.25862e+19
-98.8542  6.16721e+19
-98.2676  7.34329e+19
-97.6809  1.12551e+20
-97.0942  3.7614e+19
-96.5075  1.76368e+20
-95.9209  8.34859e+19
-95.3342  4.37693e+19
-94.7475  4.89799e+19
-94.1609  8.88971e+19
-93.5742  4.65398e+19
-92.9875  1.0413e+20
-92.4009  7.3499e+19
-91.8142  9.69609e+19
-91.2275  4.16059e+19
-90.6409  7.11332e+19
-90.0542  1.06323e+20
-89.4675  5.93391e+19
-88.8808  6.49621e+19
-88.2942  1.07164e+20
-87.7075  2.74315e+19
-87.1208  6.87746e+19
-86.5342  1.37165e+20
-85.9475  4.67898e+19
-85.3608  6.95357e+19
-84.7741  1.11693e+20
-84.1875  6.62704e+19
-83.6008  1.32863e+20
-83.0141  1.68055e+20
-82.4275  8.98297e+19
-81.8408  7.48866e+19
-81.2541  1.02481e+20
-80.6675  1.40148e+20
-80.0808  1.4682e+20
-79.4941  1.07966e+20
-78.9074  1.59575e+20
-78.3208  7.28895e+19
-77.7341  8.43896e+19
-77.1474  2.02785e+20
-76.5608  1.22532e+20
-75.9741  4.27166e+19
-75.3874  1.60872e+20
-74.8008  8.30285e+19
-74.2141  7.93096e+19
-73.6274  1.47906e+20
-73.0408  1.2175e+20
-72.4541  4.01371e+19
-71.8674  8.26978e+19
-71.2807  1.17491e+20
-70.6941  5.6864e+19
-70.1074  9.03281e+19
-69.5207  1.88786e+20
-68.9341  1.03001e+20
-68.3474  1.11464e+20
-67.7607  1.82726e+20
-67.174  1.15257e+20
-66.5874  1.90988e+20
-66.0007  2.98314e+20
-65.414  2.02655e+20
-64.8274  2.01003e+20
-64.2407  2.18058e+20
-63.654  1.88024e+20
-63.0674  2.76197e+20
-62.4807  2.8521e+20
-61.894  1.85234e+20
-61.3073  2.52822e+20
-60.7207  1.80137e+20
-60.134  2.09238e+20
-59.5473  2.64681e+20
-58.9607  1.71822e+20
-58.374  1.21324e+20
-57.7873  1.68822e+20
-57.2007  1.43495e+20
-56.614  1.91939e+20
-56.0273  1.30637e+20
-55.4407  1.73178e+20
-54.854  1.97484e+20
-54.2673  1.90572e+20
-53.6806  2.99849e+20
-53.094  2.69153e+20
-52.5073  3.36805e+20
-51.9206  4.23994e+20
-51.334  4.05732e+20
-50.7473  5.48011e+20
-50.1606  5.36519e+20
-49.5739  3.78857e+20
-48.9873  7.3051e+20
-48.4006  6.37004e+20
-47.8139  4.65199e+20
-47.2273  6.38632e+20
-46.6406  4.61478e+20
-46.0539  2.6504e+20
-45.4673  5.41366e+20
-44.8806  3.89364e+20
-44.2939  2.89385e+20
-43.7072  3.14987e+20
-43.1206  2.41009e+20
-42.5339  3.50316e+20
-41.9472  3.39479e+20
-41.3606  2.61325e+20
-40.7739  5.25669e+20
-40.1872  5.29846e+20
-39.6006  5.42869e+20
-39.0139  8.91305e+20
-38.4272  8.82036e+20
-37.8406  8.26729e+20
-37.2539  1.12336e+21
-36.6672  1.31936e+21
-36.0805  1.26707e+21
-35.4939  1.16425e+21
-34.9072  1.22855e+21
-34.3205  1.18446e+21
-33.7339  9.72185e+20
-33.1472  1.17468e+21
-32.5605  1.21523e+21
-31.9738  6.9798e+20
-31.3872  7.25893e+20
-30.8005  8.13042e+20
-30.2138  5.12925e+20
-29.6272  6.22661e+20
-29.0405  7.37532e+20
-28.4538  5.56951e+20
-27.8672  7.94561e+20
-27.2805  8.84264e+20
-26.6938  1.07439e+21
-26.1072  1.47967e+21
-25.5205  1.38001e+21
-24.9338  1.74393e+21
-24.3471  2.40511e+21
-23.7605  2.13452e+21
-23.1738  2.51422e+21
-22.5871  3.20774e+21
-22.0005  2.62717e+21
-21.4138  2.93519e+21
-20.8271  3.66053e+21
-20.2404  2.91684e+21
-19.6538  2.88795e+21
-19.0671  3.4646e+21
-18.4804  2.6252e+21
-17.8938  2.55736e+21
-17.3071  2.95293e+21
-16.7204  2.28721e+21
-16.1338  2.20356e+21
-15.5471  2.65101e+21
-14.9604  2.52583e+21
-14.3737  3.37196e+21
-13.7871  4.09171e+21
-13.2004  4.93382e+21
-12.6137  7.07955e+21
-12.0271  8.90817e+21
-11.4404  1.11633e+22
-10.8537  1.52475e+22
-10.2671  1.76394e+22
-9.68039  2.08515e+22
-9.09372  2.67001e+22
-8.50705  3.07302e+22
-7.92038  3.52807e+22
-7.33371  4.26645e+22
-6.74704  4.65741e+22
-6.16037  5.06353e+22
-5.5737  5.81125e+22
-4.98703  6.29132e+22
-4.40036  6.74374e+22
-3.81369  7.49544e+22
-3.22702  7.81333e+22
-2.64035  7.98332e+22
-2.05368  8.47375e+22
-1.46701  8.68376e+22
-0.88034  8.73151e+22
-0.29367  9.08544e+22
0.293  9.0732e+22
0.87967  8.70142e+22
1.46634  8.63023e+22
2.05301  8.39793e+22
2.63968  7.88965e+22
3.22635  7.70292e+22
3.81302  7.36881e+22
4.39969  6.61406e+22
4.98636  6.14991e+22
5.57303  5.66323e+22
6.1597  4.91711e+22
6.74637  4.50758e+22
7.33304  4.11679e+22
7.91971  3.39275e+22
8.50638  2.94178e+22
9.09305  2.54755e+22
9.67972  1.9789e+22
10.2664  1.66604e+22
10.8531  1.43643e+22
11.4397  1.04641e+22
12.0264  8.31829e+21
12.6131  6.5986e+21
13.1997  4.59673e+21
13.7864  3.84944e+21
14.3731  3.1904e+21
14.9597  2.43236e+21
15.5464  2.62386e+21
16.1331  2.20055e+21
16.7198  2.31873e+21
17.3064  3.01335e+21
17.8931  2.61008e+21
18.4798  2.66889e+21
19.0664  3.51003e+21
19.6531  2.91411e+21
20.2398  2.91976e+21
20.8265  3.64836e+21
21.4131  2.9148e+21
21.9998  2.58164e+21
22.5865  3.14497e+21
23.1731  2.45358e+21
23.7598  2.06083e+21
24.3465  2.31924e+21
24.9331  1.67472e+21
25.5198  1.31252e+21
26.1065  1.40742e+21
26.6931  1.01921e+21
27.2798  8.44823e+20
27.8665  7.60005e+20
28.4532  5.37427e+20
29.0398  7.41868e+20
29.6265  6.28388e+20
30.2132  5.20248e+20
30.7998  8.36793e+20
31.3865  7.47573e+20
31.9732  7.17989e+20
32.5599  1.24436e+21
33.1465  1.19471e+21
33.7332  9.8817e+20
34.3199  1.19672e+21
34.9065  1.22496e+21
35.4932  1.16075e+21
36.0799  1.25455e+21
36.6665  1.29482e+21
37.2532  1.10107e+21
37.8399  8.03822e+20
38.4265  8.48921e+20
39.0132  8.60434e+20
39.5999  5.18634e+20
40.1866  5.0563e+20
40.7732  5.0157e+20
41.3599  2.53339e+20
41.9466  3.34167e+20
42.5332  3.39847e+20
43.1199  2.44895e+20
43.7066  3.23899e+20
44.2933  2.95935e+20
44.8799  4.01453e+20
45.4666  5.58305e+20
46.0533  2.74066e+20
46.6399  4.71607e+20
47.2266  6.45586e+20
47.8133  4.72429e+20
48.3999  6.39285e+20
48.9866  7.3219e+20
49.5733  3.75286e+20
50.1599  5.32732e+20
50.7466  5.36376e+20
51.3333  3.9452e+20
51.92  4.12805e+20
52.5066  3.26903e+20
53.0933  2.57385e+20
53.68  2.88766e+20
54.2666  1.83e+20
54.8533  1.88989e+20
55.44  1.65922e+20
56.0266  1.31602e+20
56.6133  1.92743e+20
57.2  1.40671e+20
57.7867  1.73352e+20
58.3733  1.23739e+20
58.96  1.75872e+20
59.5467  2.69754e+20
60.1333  2.15817e+20
60.72  1.84349e+20
61.3067  2.56027e+20
61.8933  1.8683e+20
62.48  2.88551e+20
63.0667  2.75759e+20
63.6534  1.8829e+20
64.24  2.15493e+20
64.8267  1.98662e+20
65.4134  1.98137e+20
66  2.9277e+20
66.5867  1.88617e+20
67.1734  1.12691e+20
67.7601  1.75534e+20
68.3467  1.0839e+20
68.9334  9.87583e+19
69.5201  1.83265e+20
70.1067  8.97063e+19
70.6934  5.74498e+19
71.2801  1.14611e+20
71.8667  8.27578e+19
72.4534  3.91691e+19
73.0401  1.20924e+20
73.6268  1.51445e+20
74.2134  8.20947e+19
74.8001  8.33398e+19
75.3868  1.64591e+20
75.9734  4.30952e+19
76.5601  1.22033e+20
77.1468  2.06184e+20
77.7334  8.7388e+19
78.3201  7.2353e+19
78.9068  1.61337e+20
79.4934  1.08803e+20
80.0801  1.44414e+20
80.6668  1.39667e+20
81.2535  1.04059e+20
81.8401  7.20469e+19
82.4268  8.84872e+19
83.0135  1.67415e+20
83.6001  1.3018e+20
84.1868  6.52123e+19
84.7735  1.11912e+20
85.3602  6.65519e+19
85.9468  4.48302e+19
86.5335  1.36237e+20
87.1202  6.77044e+19
87.7068  2.75923e+19
88.2935  1.08891e+20
88.8802  6.22802e+19
89.4668  5.76412e+19
90.0535  1.07067e+20
90.6402  7.15004e+19
91.2268  4.28309e+19
91.8135  1.00201e+20
92.4002  7.29589e+19
92.9869  1.04939e+20
93.5735  4.69642e+19
94.1602  8.99564e+19
94.7469  5.03713e+19
95.3335  4.40674e+19
95.9202  8.39237e+19
96.5069  1.79642e+20
97.0935  3.78576e+19
97.6802  1.13876e+20
98.2669  7.47016e+19
98.8536  5.92862e+19
99.4402  3.20542e+19
100.027  1.57128e+20
100.614  4.54289e+19
101.2  4.53092e+19
101.787  8.68405e+19
102.374  1.56217e+20
102.96  3.71025e+19
103.547  1.21762e+20
104.134  3.76367e+19
104.72  1.78269e+19
105.307  6.42578e+19
105.894  1.55718e+20
106.48  1.0833e+20
107.067  7.19862e+19
107.654  2.32946e+19
108.24  9.75012e+19
108.827  3.62525e+19
109.414  8.27327e+19
110  1.39832e+20
110.587  3.23888e+19
111.174  2.47052e+19
111.76  1.54526e+20
112.347  8.00951e+19
112.934  5.17762e+19
113.52  8.4242e+19
114.107  3.15808e+19
114.694  2.63628e+19
115.28  9.05577e+19
115.867  1.49888e+20
116.454  7.64308e+19
117.04  3.35565e+19
117.627  6.43683e+19
118.214  6.38413e+19
118.8  1.8129e+19
119.387  1.23197e+20
119.974  7.51355e+19
120.56  4.03549e+19
121.147  4.45224e+19
121.734  1.2574e+20
122.32  2.09062e+19
122.907  5.85599e+19
123.494  5.40913e+19
124.08  8.55214e+19
124.667  1.92279e+19
125.254  1.01922e+20
125.84  3.59709e+19
126.427  4.09687e+19
127.014  1.73045e+19
127.6  1.26011e+20
128.187  5.66758e+19
128.774  5.32333e+19
129.36  2.92488e+19
129.947  5.22763e+19
130.534  4.15036e+19
131.12  9.39918e+19
131.707  5.01725e+19
132.294  4.69521e+19
132.88  1.52729e+19
133.467  3.79717e+19
134.054  1.31492e+20
134.64  5.61891e+19
135.227  1.0187e+19
135.814  5.21727e+19
136.4  1.10546e+19
136.987  2.28217e+19
137.574  1.27945e+20
138.16  3.32056e+19
138.747  3.94027e+19
139.334  3.36176e+19
139.92  3.27542e+19
140.507  3.81739e+19
141.094  5.10615e+19
141.68  2.11029e+19
142.267  6.73684e+19
142.854  2.59315e+19
143.44  3.26379e+19
144.027  2.76692e+19
144.614  2.64011e+19
145.2  2.00382e+19
145.787  6.6357e+19
146.374  4.08049e+19
146.96  2.61838e+19
147.547  1.00912e+19
148.134  3.86757e+19
148.721  3.42806e+19
149.307  3.10991e+19
149.894  2.42554e+19
150.481  3.7342e+19
151.067  2.12173e+19
151.654  6.04088e+19
152.241  4.46654e+19
152.827  2.21409e+19
153.414  2.2385e+19
154.001  2.42432e+19
154.587  2.85539e+19
155.174  5.7034e+19
155.761  2.20322e+19
156.347  3.25255e+19
156.934  5.01233e+19
157.521  2.55713e+19
158.107  1.79043e+19
158.694  4.02835e+19
159.281  1.31181e+19
159.867  2.47951e+19
160.454  4.3443e+19
161.041  4.28568e+19
161.627  5.6413e+18
162.214  3.40746e+19
162.801  2.73952e+19
163.387  3.62071e+19
163.974  1.68678e+19
164.561  3.00599e+19
165.147  3.50307e+18
165.734  5.46056e+19
166.321  1.82669e+19
166.907  4.40153e+19
167.494  1.47308e+19
168.081  1.13947e+19
168.667  7.35638e+18
169.254  9.21744e+19
169.841  1.14251e+19
170.427  2.55149e+19
171.014  2.1894e+19
171.601  1.12015e+19
172.187  4.89029e+18
172.774  8.47928e+19
173.361  1.83099e+19
173.947  1.75383e+19
174.534  2.43035e+19
175.121  2.58005e+19
175.707  3.35464e+19
176.294  3.49029e+19
176.881  1.80657e+19
177.467  3.28465e+19
178.054  4.23789e+19
178.641  2.08824e+19
179.227  5.48111e+19
179.814  1.36007e+19
180.401  9.43174e+18
180.987  3.69522e+19
181.574  8.84162e+19
182.161  6.87194e+18
182.747  4.24325e+19
183.334  1.53928e+19
183.921  1.54338e+19
184.507  2.53565e+19
185.094  8.17112e+19
185.681  8.98397e+18
186.267  4.26509e+19
186.854  8.84562e+18
187.441  4.30668e+19
188.027  2.05374e+19
188.614  3.69311e+19
189.201  1.10287e+19
189.787  5.90335e+19
190.374  7.98103e+18
190.961  4.56366e+19
191.547  2.20959e+19
192.134  1.62268e+19
192.721  2.47351e+18
193.307  1.00433e+20
193.894  2.62642e+19
194.481  3.34672e+19
195.067  2.65975e+19
195.654  9.36669e+18
196.241  6.49846e+18
196.827  7.61969e+19
197.414  1.78236e+19
198.001  4.11899e+19
198.587  2.56342e+19
199.174  2.06385e+19
199.761  5.70149e+19
200.347  2.96236e+19
200.934  1.52686e+19
201.521  2.96317e+19
202.107  4.14959e+19
202.694  1.97275e+19
203.281  7.89007e+19
203.867  9.78714e+18
204.454  3.08055e+19
205.041  2.47136e+19
205.627  7.74709e+19
206.214  1.98311e+19
206.801  7.87747e+19
207.388  7.42049e+18
207.974  4.30078e+19
208.561  1.29064e+19
209.148  5.54887e+19
209.734  2.67047e+19
210.321  6.92036e+19
210.908  5.49904e+18
211.494  6.61745e+19
212.081  1.16533e+19
212.668  4.07022e+19
213.254  3.00754e+19
213.841  6.08695e+19
214.428  2.41277e+18
215.014  8.41231e+19
215.601  1.8653e+19
216.188  4.87025e+19
216.774  2.22225e+19
217.361  3.36712e+19
217.948  2.08279e+18
218.534  5.84108e+19
219.121  2.33224e+19
219.708  6.80181e+19
220.294  1.7507e+19
220.881  2.56893e+19
221.468  1.52106e+19
222.054  2.75454e+19
222.641  3.39319e+19
223.228  4.91197e+19
223.814  1.16514e+19
224.401  3.52058e+19
224.988  3.81705e+19
225.574  1.72541e+19
226.161  2.3923e+19
226.748  2.32729e+19
227.334  7.29269e+18
227.921  3.84126e+19
228.508  4.7802e+19
229.094  1.73371e+19
229.681  2.1729e+19
230.268  9.45196e+18
230.854  1.14756e+19
231.441  4.78606e+19
232.028  2.6183e+19
232.614  1.9075e+19
233.201  2.13735e+19
233.788  7.14324e+18
234.374  3.97928e+19
