#S 1 spectral density
#N 2
#UFWHM 32.2668
#L  abscissas [um]  spectral density
-234.375  2.4838e+19
-233.788  7.80834e+19
-233.202  6.41708e+19
-232.615  1.02395e+20
-232.028  1.05483e+20
-231.442  1.83991e+19
-230.855  8.5682e+19
-230.268  1.10846e+20
-229.682  8.46727e+19
-229.095  8.70399e+19
-228.508  9.38732e+19
-227.922  4.16994e+19
-227.335  1.17613e+20
-226.748  1.8682e+20
-226.162  2.01408e+20
-225.575  5.25381e+19
-224.988  3.33077e+19
-224.402  2.5956e+19
-223.815  5.55375e+19
-223.228  1.69623e+20
-222.642  2.55844e+20
-222.055  9.92638e+19
-221.468  4.25918e+19
-220.882  4.92066e+19
-220.295  3.63233e+19
-219.708  6.16658e+19
-219.122  1.28626e+20
-218.535  1.08494e+20
-217.948  7.54394e+19
-217.362  1.20929e+20
-216.775  1.68454e+20
-216.188  5.44415e+19
-215.602  2.70659e+19
-215.015  4.32459e+19
-214.428  4.37207e+19
-213.842  9.86559e+19
-213.255  2.26621e+20
-212.668  1.02313e+20
-212.082  5.5569e+19
-211.495  4.21262e+19
-210.908  6.1206e+19
-210.322  6.79617e+19
-209.735  1.59791e+20
-209.148  6.39541e+19
-208.562  4.35645e+19
-207.975  4.42043e+19
-207.388  8.18169e+19
-206.802  1.06575e+20
-206.215  1.35358e+20
-205.628  3.86619e+19
-205.041  1.68778e+19
-204.455  2.21317e+19
-203.868  5.65392e+19
-203.281  1.11208e+20
-202.695  1.16906e+20
-202.108  6.77951e+19
-201.521  6.92092e+19
-200.935  9.14178e+19
-200.348  1.4696e+20
-199.761  1.0198e+20
-199.175  7.90735e+19
-198.588  6.5172e+19
-198.001  8.7078e+19
-197.415  1.9278e+20
-196.828  2.8512e+20
-196.241  1.14487e+20
-195.655  8.27859e+19
-195.068  2.80398e+19
-194.481  3.84438e+19
-193.895  1.86326e+20
-193.308  2.64828e+20
-192.721  1.08294e+20
-192.135  9.41713e+19
-191.548  2.07745e+19
-190.961  5.8272e+19
-190.375  1.17314e+20
-189.788  1.45433e+20
-189.201  8.58893e+19
-188.615  7.36387e+19
-188.028  4.87098e+19
-187.441  1.49805e+20
-186.855  7.29536e+19
-186.268  7.22818e+19
-185.681  5.80121e+19
-185.095  5.89356e+19
-184.508  4.79651e+19
-183.921  1.66349e+20
-183.335  6.70389e+19
-182.748  6.41697e+19
-182.161  5.75285e+19
-181.575  1.28404e+20
-180.988  4.09908e+19
-180.401  1.00948e+20
-179.815  5.41551e+19
-179.228  5.42259e+19
-178.641  4.919e+19
-178.055  2.01682e+20
-177.468  7.65006e+19
-176.881  6.55368e+19
-176.295  5.49782e+19
-175.708  6.70566e+19
-175.121  1.54016e+19
-174.535  1.39527e+20
-173.948  8.60333e+19
-173.361  8.68234e+19
-172.775  9.70279e+19
-172.188  1.81773e+20
-171.601  8.31193e+19
-171.015  5.08757e+19
-170.428  4.48837e+19
-169.841  9.6444e+19
-169.255  1.13807e+20
-168.668  3.01907e+20
-168.081  2.69211e+20
-167.495  1.17839e+20
-166.908  4.81479e+19
-166.321  1.13842e+20
-165.735  6.07491e+19
-165.148  2.23009e+20
-164.561  3.22626e+20
-163.975  2.11046e+20
-163.388  9.90831e+19
-162.801  1.92541e+20
-162.215  5.90932e+19
-161.628  5.74882e+19
-161.041  1.78984e+20
-160.455  1.50953e+20
-159.868  8.80333e+19
-159.281  2.37005e+20
-158.695  1.50167e+20
-158.108  6.73683e+19
-157.521  8.6319e+19
-156.935  5.75823e+19
-156.348  3.96841e+19
-155.761  1.45822e+20
-155.175  1.65451e+20
-154.588  1.40068e+20
-154.001  1.1477e+20
-153.415  7.51801e+19
-152.828  7.38443e+19
-152.241  7.6619e+19
-151.655  1.14951e+20
-151.068  8.68875e+19
-150.481  1.03754e+20
-149.895  9.15492e+19
-149.308  1.10974e+20
-148.721  1.23401e+20
-148.135  1.32775e+20
-147.548  3.27256e+19
-146.961  9.40395e+19
-146.375  7.71803e+19
-145.788  6.81388e+19
-145.201  1.6149e+20
-144.614  1.52125e+20
-144.028  5.92155e+19
-143.441  1.66681e+20
-142.854  1.39227e+20
-142.268  9.35342e+19
-141.681  1.85877e+20
-141.094  1.26757e+20
-140.508  8.72346e+19
-139.921  2.15639e+20
-139.334  2.51852e+20
-138.748  2.28645e+20
-138.161  2.76772e+20
-137.574  1.54044e+20
-136.988  9.829e+19
-136.401  1.76852e+20
-135.814  2.86031e+20
-135.228  2.82027e+20
-134.641  3.52607e+20
-134.054  2.25968e+20
-133.468  1.23133e+20
-132.881  1.33852e+20
-132.294  2.41828e+20
-131.708  1.81205e+20
-131.121  2.91831e+20
-130.534  2.22994e+20
-129.948  1.35269e+20
-129.361  1.54152e+20
-128.774  2.34588e+20
-128.188  1.12156e+20
-127.601  1.95562e+20
-127.014  1.50358e+20
-126.428  1.0592e+20
-125.841  1.57066e+20
-125.254  2.37382e+20
-124.668  1.35554e+20
-124.081  1.65787e+20
-123.494  1.33966e+20
-122.908  7.92001e+19
-122.321  1.14163e+20
-121.734  1.77001e+20
-121.148  1.1789e+20
-120.561  1.66888e+20
-119.974  2.10669e+20
-119.388  1.02105e+20
-118.801  1.39879e+20
-118.214  1.3465e+20
-117.628  6.19146e+19
-117.041  1.60935e+20
-116.454  2.91826e+20
-115.868  1.4235e+20
-115.281  2.35799e+20
-114.694  1.67894e+20
-114.108  8.06166e+19
-113.521  1.79203e+20
-112.934  3.72017e+20
-112.348  1.96175e+20
-111.761  2.93917e+20
-111.174  2.37571e+20
-110.588  1.96574e+20
-110.001  2.30832e+20
-109.414  5.31768e+20
-108.828  3.1469e+20
-108.241  2.94379e+20
-107.654  3.00361e+20
-107.068  3.16292e+20
-106.481  2.59878e+20
-105.894  6.93527e+20
-105.308  4.48065e+20
-104.721  2.75107e+20
-104.134  3.35219e+20
-103.548  3.4113e+20
-102.961  2.40639e+20
-102.374  7.04782e+20
-101.788  4.81492e+20
-101.201  2.61891e+20
-100.614  3.37562e+20
-100.028  2.90131e+20
-99.4409  2.26027e+20
-98.8542  5.52009e+20
-98.2676  3.92021e+20
-97.6809  2.39868e+20
-97.0942  3.01519e+20
-96.5075  2.28449e+20
-95.9209  2.40933e+20
-95.3342  3.91128e+20
-94.7475  3.09758e+20
-94.1609  2.28508e+20
-93.5742  2.70469e+20
-92.9875  1.87296e+20
-92.4009  2.44991e+20
-91.8142  3.10204e+20
-91.2275  3.0539e+20
-90.6409  2.60544e+20
-90.0542  3.00592e+20
-89.4675  2.01048e+20
-88.8808  2.36844e+20
-88.2942  3.10388e+20
-87.7075  3.6623e+20
-87.1208  3.46591e+20
-86.5342  3.99514e+20
-85.9475  3.19953e+20
-85.3608  2.83614e+20
-84.7741  3.84288e+20
-84.1875  4.81821e+20
-83.6008  4.81084e+20
-83.0141  5.5357e+20
-82.4275  5.70418e+20
-81.8408  4.33998e+20
-81.2541  5.41411e+20
-80.6675  6.71213e+20
-80.0808  6.2926e+20
-79.4941  7.19638e+20
-78.9074  8.89439e+20
-78.3208  6.34926e+20
-77.7341  7.6447e+20
-77.1474  8.97488e+20
-76.5608  7.45695e+20
-75.9741  8.57408e+20
-75.3874  1.12833e+21
-74.8008  7.83545e+20
-74.2141  9.71038e+20
-73.6274  1.04164e+21
-73.0408  7.90318e+20
-72.4541  9.37698e+20
-71.8674  1.17781e+21
-71.2807  8.29261e+20
-70.6941  1.04566e+21
-70.1074  1.03138e+21
-69.5207  7.57337e+20
-68.9341  9.22875e+20
-68.3474  1.05498e+21
-67.7607  8.16917e+20
-67.174  9.75228e+20
-66.5874  9.38954e+20
-66.0007  7.17956e+20
-65.414  8.57325e+20
-64.8274  9.02025e+20
-64.2407  8.35862e+20
-63.654  8.82358e+20
-63.0674  9.27966e+20
-62.4807  7.77613e+20
-61.894  8.37218e+20
-61.3073  8.45501e+20
-60.7207  9.26913e+20
-60.134  9.00199e+20
-59.5473  1.12062e+21
-58.9607  1.02973e+21
-58.374  1.00405e+21
-57.7873  1.00374e+21
-57.2007  1.13666e+21
-56.614  1.14128e+21
-56.0273  1.55427e+21
-55.4407  1.51513e+21
-54.854  1.44428e+21
-54.2673  1.45328e+21
-53.6806  1.53603e+21
-53.094  1.66711e+21
-52.5073  2.22637e+21
-51.9206  2.22395e+21
-51.334  2.15041e+21
-50.7473  2.19248e+21
-50.1606  2.173e+21
-49.5739  2.461e+21
-48.9873  3.07771e+21
-48.4006  3.0865e+21
-47.8139  3.02574e+21
-47.2273  3.10765e+21
-46.6406  3.00452e+21
-46.0539  3.4146e+21
-45.4673  3.96716e+21
-44.8806  3.95317e+21
-44.2939  3.86957e+21
-43.7072  3.97282e+21
-43.1206  3.85126e+21
-42.5339  4.29001e+21
-41.9472  4.66136e+21
-41.3606  4.65231e+21
-40.7739  4.48721e+21
-40.1872  4.58084e+21
-39.6006  4.53977e+21
-39.0139  4.89056e+21
-38.4272  5.02499e+21
-37.8406  5.11215e+21
-37.2539  4.876e+21
-36.6672  4.97843e+21
-36.0805  5.12274e+21
-35.4939  5.31976e+21
-34.9072  5.2598e+21
-34.3205  5.47776e+21
-33.7339  5.22619e+21
-33.1472  5.37654e+21
-32.5605  5.72644e+21
-31.9738  5.80294e+21
-31.3872  5.63967e+21
-30.8005  5.93997e+21
-30.2138  5.79604e+21
-29.6272  6.01514e+21
-29.0405  6.50465e+21
-28.4538  6.64502e+21
-27.8672  6.47468e+21
-27.2805  6.76553e+21
-26.6938  6.92829e+21
-26.1072  7.20162e+21
-25.5205  7.76192e+21
-24.9338  8.25505e+21
-24.3471  8.18523e+21
-23.7605  8.43402e+21
-23.1738  9.03999e+21
-22.5871  9.29401e+21
-22.0005  9.86584e+21
-21.4138  1.09081e+22
-20.8271  1.10278e+22
-20.2404  1.12962e+22
-19.6538  1.23589e+22
-19.0671  1.25397e+22
-18.4804  1.30781e+22
-17.8938  1.46479e+22
-17.3071  1.5022e+22
-16.7204  1.53818e+22
-16.1338  1.67781e+22
-15.5471  1.68611e+22
-14.9604  1.73045e+22
-14.3737  1.91908e+22
-13.7871  1.98153e+22
-13.2004  2.02248e+22
-12.6137  2.1784e+22
-12.0271  2.17905e+22
-11.4404  2.19804e+22
-10.8537  2.38704e+22
-10.2671  2.46461e+22
-9.68039  2.49622e+22
-9.09372  2.6519e+22
-8.50705  2.65284e+22
-7.92038  2.63705e+22
-7.33371  2.80181e+22
-6.74704  2.87398e+22
-6.16037  2.88261e+22
-5.5737  3.02872e+22
-4.98703  3.03207e+22
-4.40036  2.97888e+22
-3.81369  3.10692e+22
-3.22702  3.14998e+22
-2.64035  3.12096e+22
-2.05368  3.24725e+22
-1.46701  3.24741e+22
-0.88034  3.15554e+22
-0.29367  3.23356e+22
0.293  3.22657e+22
0.87967  3.14771e+22
1.46634  3.24032e+22
2.05301  3.23253e+22
2.63968  3.10832e+22
3.22635  3.13644e+22
3.81302  3.08082e+22
4.39969  2.95285e+22
4.98636  3.00504e+22
5.57303  2.99592e+22
6.1597  2.85191e+22
6.74637  2.84331e+22
7.33304  2.76231e+22
7.91971  2.59829e+22
8.50638  2.6123e+22
9.09305  2.60765e+22
9.67972  2.4533e+22
10.2664  2.4231e+22
10.8531  2.34107e+22
11.4397  2.15306e+22
12.0264  2.13317e+22
12.6131  2.13011e+22
13.1997  1.9746e+22
13.7864  1.9368e+22
14.3731  1.87338e+22
14.9597  1.68647e+22
15.5464  1.64275e+22
16.1331  1.63309e+22
16.7198  1.49352e+22
17.3064  1.46206e+22
17.8931  1.42517e+22
18.4798  1.27143e+22
19.0664  1.21914e+22
19.6531  1.20048e+22
20.2398  1.09454e+22
20.8265  1.07232e+22
21.4131  1.06077e+22
21.9998  9.6073e+21
22.5865  9.05246e+21
23.1731  8.79806e+21
23.7598  8.20064e+21
24.3465  7.98695e+21
24.9331  8.05463e+21
25.5198  7.60063e+21
26.1065  7.05679e+21
26.6931  6.789e+21
27.2798  6.63896e+21
27.8665  6.36847e+21
28.4532  6.52985e+21
29.0398  6.41393e+21
29.6265  5.9409e+21
30.2132  5.73021e+21
30.7998  5.88786e+21
31.3865  5.59402e+21
31.9732  5.74003e+21
32.5599  5.67047e+21
33.1465  5.33707e+21
33.7332  5.19032e+21
34.3199  5.45663e+21
34.9065  5.23788e+21
35.4932  5.27032e+21
36.0799  5.07088e+21
36.6665  4.94185e+21
37.2532  4.83627e+21
37.8399  5.08842e+21
38.4265  4.99786e+21
39.0132  4.83287e+21
39.5999  4.47715e+21
40.1866  4.52863e+21
40.7732  4.4257e+21
41.3599  4.61064e+21
41.9466  4.60954e+21
42.5332  4.21651e+21
43.1199  3.77426e+21
43.7066  3.90087e+21
44.2933  3.78307e+21
44.8799  3.88871e+21
45.4666  3.89004e+21
46.0533  3.33029e+21
46.6399  2.92052e+21
47.2266  3.02525e+21
47.8133  2.93051e+21
48.3999  3.00706e+21
48.9866  2.99148e+21
49.5733  2.38127e+21
50.1599  2.0994e+21
50.7466  2.11766e+21
51.3333  2.06722e+21
51.92  2.14813e+21
52.5066  2.15082e+21
53.0933  1.60459e+21
53.68  1.4851e+21
54.2666  1.40039e+21
54.8533  1.38563e+21
55.44  1.45661e+21
56.0266  1.50191e+21
56.6133  1.10139e+21
57.2  1.11132e+21
57.7867  9.76499e+20
58.3733  9.74589e+20
58.96  9.9626e+20
59.5467  1.09499e+21
60.1333  8.8333e+20
60.72  9.23823e+20
61.3067  8.41349e+20
61.8933  8.32234e+20
62.48  7.69032e+20
63.0667  9.24509e+20
63.6534  8.80581e+20
64.24  8.43814e+20
64.8267  9.11636e+20
65.4134  8.64225e+20
66  7.23149e+20
66.5867  9.46014e+20
67.1734  9.75113e+20
67.7601  8.23031e+20
68.3467  1.06567e+21
68.9334  9.27975e+20
69.5201  7.65073e+20
70.1067  1.0371e+21
70.6934  1.03831e+21
71.2801  8.25615e+20
71.8667  1.1804e+21
72.4534  9.31942e+20
73.0401  7.93853e+20
73.6268  1.03908e+21
74.2134  9.54681e+20
74.8001  7.6911e+20
75.3868  1.11914e+21
75.9734  8.39883e+20
76.5601  7.40429e+20
77.1468  8.86906e+20
77.7334  7.4269e+20
78.3201  6.14852e+20
78.9068  8.71536e+20
79.4934  6.9671e+20
80.0801  6.154e+20
80.6668  6.56667e+20
81.2535  5.19972e+20
81.8401  4.15673e+20
82.4268  5.519e+20
83.0135  5.32368e+20
83.6001  4.65447e+20
84.1868  4.69336e+20
84.7735  3.67588e+20
85.3602  2.72538e+20
85.9468  3.07491e+20
86.5335  3.84481e+20
87.1202  3.35749e+20
87.7068  3.59854e+20
88.2935  3.02138e+20
88.8802  2.34972e+20
89.4668  1.96634e+20
90.0535  2.93336e+20
90.6402  2.56979e+20
91.2268  3.05244e+20
91.8135  3.1149e+20
92.4002  2.50204e+20
92.9869  1.8995e+20
93.5735  2.69719e+20
94.1602  2.30246e+20
94.7469  3.13805e+20
95.3335  3.98052e+20
95.9202  2.47966e+20
96.5069  2.34919e+20
97.0935  3.04099e+20
97.6802  2.43351e+20
98.2669  3.97688e+20
98.8536  5.58778e+20
99.4402  2.30798e+20
100.027  2.96242e+20
100.614  3.38737e+20
101.2  2.63976e+20
101.787  4.85716e+20
102.374  7.06677e+20
102.96  2.41032e+20
103.547  3.42456e+20
104.134  3.31146e+20
104.72  2.71957e+20
105.307  4.47635e+20
105.894  6.88814e+20
106.48  2.56084e+20
107.067  3.12411e+20
107.654  2.91747e+20
108.24  2.84813e+20
108.827  3.09631e+20
109.414  5.22654e+20
110  2.24967e+20
110.587  1.92072e+20
111.174  2.28737e+20
111.76  2.81584e+20
112.347  1.89426e+20
112.934  3.61003e+20
113.52  1.73877e+20
114.107  7.83973e+19
114.694  1.61841e+20
115.28  2.25341e+20
115.867  1.36315e+20
116.454  2.8022e+20
117.04  1.57898e+20
117.627  6.19404e+19
118.214  1.33559e+20
118.8  1.34907e+20
119.387  9.85971e+19
119.974  2.0221e+20
120.56  1.67098e+20
121.147  1.20678e+20
121.734  1.81906e+20
122.32  1.15829e+20
122.907  7.92173e+19
123.494  1.31164e+20
124.08  1.67146e+20
124.667  1.3995e+20
125.254  2.45119e+20
125.84  1.62474e+20
126.427  1.08885e+20
127.014  1.51601e+20
127.6  1.95498e+20
128.187  1.15481e+20
128.774  2.39814e+20
129.36  1.58957e+20
129.947  1.39408e+20
130.534  2.26187e+20
131.12  2.90308e+20
131.707  1.82117e+20
132.294  2.43429e+20
132.88  1.34413e+20
133.467  1.24993e+20
134.054  2.29115e+20
134.64  3.49402e+20
135.227  2.79854e+20
135.814  2.85061e+20
136.4  1.71925e+20
136.987  9.62127e+19
137.574  1.54072e+20
138.16  2.71008e+20
138.747  2.25309e+20
139.334  2.50298e+20
139.92  2.08186e+20
140.507  8.36491e+19
141.094  1.22804e+20
141.68  1.78594e+20
142.267  9.09305e+19
142.854  1.3827e+20
143.44  1.61227e+20
144.027  5.65455e+19
144.614  1.45956e+20
145.2  1.54803e+20
145.787  6.63755e+19
146.374  7.7121e+19
146.96  9.29163e+19
147.547  3.22145e+19
148.134  1.27968e+20
148.721  1.18243e+20
149.307  1.09353e+20
149.894  9.32187e+19
150.481  1.06846e+20
151.067  8.98729e+19
151.654  1.1572e+20
152.241  7.46036e+19
152.827  7.26183e+19
153.414  7.74664e+19
154.001  1.18947e+20
154.587  1.44925e+20
155.174  1.70972e+20
155.761  1.48336e+20
156.347  3.91457e+19
156.934  5.84583e+19
157.521  8.82874e+19
158.107  6.94793e+19
158.694  1.5549e+20
159.281  2.42272e+20
159.867  8.83789e+19
160.454  1.51929e+20
161.041  1.79375e+20
161.627  5.62306e+19
162.214  6.1151e+19
162.801  1.96456e+20
163.387  9.98358e+19
163.974  2.12567e+20
164.561  3.21844e+20
165.147  2.19598e+20
165.734  5.93133e+19
166.321  1.13764e+20
166.907  4.77957e+19
167.494  1.18082e+20
168.081  2.67391e+20
168.667  2.97666e+20
169.254  1.10211e+20
169.841  9.32755e+19
170.427  4.30337e+19
171.014  4.90305e+19
171.601  8.24705e+19
172.187  1.7918e+20
172.774  9.46028e+19
173.361  8.35999e+19
173.947  8.30318e+19
174.534  1.35114e+20
175.121  1.51394e+19
175.707  6.70134e+19
176.294  5.50289e+19
176.881  6.50782e+19
177.467  7.36732e+19
178.054  1.95233e+20
178.641  4.73514e+19
179.227  5.5279e+19
179.814  5.58322e+19
180.401  1.04094e+20
180.987  4.00988e+19
181.574  1.23441e+20
182.161  5.59279e+19
182.747  6.55632e+19
183.334  6.93853e+19
183.921  1.71951e+20
184.507  4.85026e+19
185.094  5.80008e+19
185.681  5.84368e+19
186.267  7.31516e+19
186.854  7.46381e+19
187.441  1.55179e+20
188.027  4.91275e+19
188.614  7.56082e+19
189.201  8.68937e+19
189.787  1.45765e+20
190.374  1.16045e+20
190.961  6.06237e+19
191.547  2.14705e+19
192.134  9.74072e+19
192.721  1.09693e+20
193.307  2.67575e+20
193.894  1.82582e+20
194.481  3.72185e+19
195.067  2.78038e+19
195.654  8.39493e+19
196.241  1.14615e+20
196.827  2.89465e+20
197.414  1.89559e+20
198.001  8.48743e+19
198.587  6.28746e+19
199.174  7.64266e+19
199.761  9.86167e+19
200.347  1.48538e+20
200.934  8.98485e+19
201.521  6.82156e+19
202.107  6.52935e+19
202.694  1.13413e+20
203.281  1.07676e+20
203.867  5.70876e+19
204.454  2.20766e+19
205.041  1.70428e+19
205.627  3.73442e+19
206.214  1.32835e+20
206.801  1.03602e+20
207.388  8.22493e+19
207.974  4.50176e+19
208.561  4.44016e+19
209.148  6.55627e+19
209.734  1.61665e+20
210.321  6.542e+19
210.908  5.96229e+19
211.494  4.24643e+19
212.081  5.5293e+19
212.668  1.05944e+20
213.254  2.33341e+20
213.841  9.88726e+19
214.428  4.28078e+19
215.014  4.45913e+19
215.601  2.66757e+19
216.188  5.62804e+19
216.774  1.73741e+20
217.361  1.21893e+20
217.948  7.5042e+19
218.534  1.09754e+20
219.121  1.30037e+20
219.708  6.12092e+19
220.294  3.77289e+19
220.881  5.00518e+19
221.468  4.26763e+19
222.054  9.96174e+19
222.641  2.56372e+20
223.228  1.66167e+20
223.814  5.38121e+19
224.401  2.65386e+19
224.988  3.42354e+19
225.574  5.44438e+19
226.161  2.02241e+20
226.748  1.82307e+20
227.334  1.14478e+20
227.921  4.07291e+19
228.508  9.17326e+19
229.094  8.75909e+19
229.681  8.68111e+19
230.268  1.0938e+20
230.854  8.47255e+19
231.441  1.80353e+19
232.028  1.01688e+20
232.614  1.00275e+20
233.201  6.64002e+19
233.788  7.94301e+19
234.374  2.4704e+19
