#S 1 spectral density
#N 2
#UFWHM 5.28003
#L  abscissas [um]  spectral density
-234.375  8.41698e+18
-233.788  1.84939e+18
-233.202  4.02425e+18
-232.615  7.02431e+18
-232.028  1.85219e+18
-231.442  1.75411e+19
-230.855  2.65543e+18
-230.268  6.02112e+18
-229.682  3.96133e+18
-229.095  4.42141e+18
-228.508  2.12251e+18
-227.922  2.57662e+19
-227.335  2.26969e+18
-226.748  1.40901e+19
-226.162  2.51978e+18
-225.575  3.13642e+18
-224.988  4.61404e+18
-224.402  1.91225e+19
-223.815  2.75433e+18
-223.228  1.57876e+19
-222.642  4.73435e+18
-222.055  4.4965e+18
-221.468  6.04457e+18
-220.882  8.99566e+18
-220.295  6.44329e+18
-219.708  1.18918e+19
-219.122  6.0933e+18
-218.535  4.51018e+18
-217.948  1.26452e+19
-217.362  6.96793e+18
-216.775  9.14209e+18
-216.188  5.53806e+18
-215.602  8.34064e+18
-215.015  5.2289e+18
-214.428  9.96933e+18
-213.842  1.18843e+19
-213.255  1.21936e+19
-212.668  7.8247e+18
-212.082  2.42268e+18
-211.495  5.02532e+18
-210.908  6.95277e+18
-210.322  1.53344e+19
-209.735  5.31442e+18
-209.148  1.47061e+19
-208.562  1.4301e+18
-207.975  3.87543e+18
-207.388  4.58422e+18
-206.802  1.71187e+19
-206.215  5.65393e+18
-205.628  1.72579e+19
-205.041  3.54145e+18
-204.455  4.6744e+18
-203.868  1.41609e+19
-203.281  8.23412e+18
-202.695  9.04004e+18
-202.108  1.32529e+19
-201.521  5.16346e+18
-200.935  6.97111e+18
-200.348  1.23176e+19
-199.761  1.27724e+19
-199.175  1.74048e+19
-198.588  4.34385e+18
-198.001  3.00345e+18
-197.415  7.9562e+18
-196.828  1.09888e+19
-196.241  1.31162e+19
-195.655  2.15188e+18
-195.068  1.21422e+19
-194.481  4.41879e+18
-193.895  2.92328e+18
-193.308  9.82342e+18
-192.721  2.46698e+19
-192.135  3.20951e+18
-191.548  8.89346e+18
-190.961  5.14807e+18
-190.375  7.67835e+18
-189.788  8.45863e+18
-189.201  1.01495e+18
-188.615  1.23741e+19
-188.028  7.13019e+18
-187.441  9.09013e+18
-186.855  6.5738e+18
-186.268  9.05581e+18
-185.681  1.22694e+19
-185.095  6.86056e+18
-184.508  2.04134e+18
-183.921  9.76688e+18
-183.335  8.42732e+18
-182.748  9.96107e+18
-182.161  4.11373e+18
-181.575  1.33478e+19
-180.988  1.71221e+19
-180.401  9.19212e+18
-179.815  4.74012e+18
-179.228  1.33583e+19
-178.641  2.09822e+19
-178.055  5.48061e+18
-177.468  2.50366e+18
-176.881  1.64357e+19
-176.295  7.93661e+18
-175.708  3.39579e+18
-175.121  1.25916e+19
-174.535  2.65257e+19
-173.948  1.93889e+19
-173.361  9.48177e+18
-172.775  2.24142e+19
-172.188  1.93334e+19
-171.601  2.06509e+19
-171.015  8.14088e+18
-170.428  1.08399e+19
-169.841  1.3873e+19
-169.255  1.08596e+19
-168.668  1.13156e+19
-168.081  1.36165e+19
-167.495  2.47409e+19
-166.908  1.86113e+19
-166.321  1.38018e+19
-165.735  2.12692e+19
-165.148  3.0704e+19
-164.561  1.50215e+19
-163.975  4.26085e+18
-163.388  1.76871e+19
-162.801  1.08268e+19
-162.215  9.30056e+18
-161.628  5.73594e+18
-161.041  1.56196e+19
-160.455  1.59197e+19
-159.868  2.21541e+18
-159.281  1.82617e+19
-158.695  1.41e+19
-158.108  1.31968e+19
-157.521  3.42792e+18
-156.935  8.40569e+18
-156.348  1.77995e+19
-155.761  1.82105e+18
-155.175  7.75277e+18
-154.588  9.4782e+18
-154.001  6.87751e+18
-153.415  7.8582e+18
-152.828  8.34422e+18
-152.241  2.42461e+19
-151.655  8.40799e+18
-151.068  9.54195e+18
-150.481  2.0097e+19
-149.895  1.34707e+19
-149.308  1.02116e+19
-148.721  9.78264e+18
-148.135  1.98037e+19
-147.548  1.19051e+19
-146.961  1.58143e+19
-146.375  1.93553e+19
-145.788  1.75666e+19
-145.201  1.41842e+19
-144.614  1.36556e+19
-144.028  1.65729e+19
-143.441  1.08381e+19
-142.854  2.02768e+19
-142.268  6.82121e+18
-141.681  9.50768e+18
-141.094  1.2148e+19
-140.508  6.20098e+18
-139.921  1.22723e+19
-139.334  6.97034e+18
-138.748  2.0816e+19
-138.161  1.12076e+19
-137.574  1.05313e+19
-136.988  2.63834e+19
-136.401  5.20108e+18
-135.814  1.9006e+19
-135.228  1.02398e+19
-134.641  2.45643e+19
-134.054  1.46208e+19
-133.468  9.74887e+18
-132.881  3.49921e+19
-132.294  7.6106e+18
-131.708  2.07381e+19
-131.121  1.79636e+19
-130.534  2.24796e+19
-129.948  8.52164e+18
-129.361  1.39496e+19
-128.774  2.38586e+19
-128.188  5.61333e+18
-127.601  9.92798e+18
-127.014  1.49642e+19
-126.428  2.06459e+19
-125.841  1.29414e+19
-125.254  2.58936e+19
-124.668  3.10394e+19
-124.081  6.81081e+18
-123.494  2.44714e+19
-122.908  1.64117e+19
-122.321  2.82255e+19
-121.734  4.9649e+18
-121.148  3.00031e+19
-120.561  2.75341e+19
-119.974  5.902e+18
-119.388  3.40501e+19
-118.801  1.02838e+19
-118.214  1.83265e+19
-117.628  4.03679e+18
-117.041  2.109e+19
-116.454  2.71803e+19
-115.868  3.74722e+18
-115.281  4.01954e+19
-114.694  1.73408e+19
-114.108  2.48418e+19
-113.521  2.04981e+19
-112.934  3.57643e+19
-112.348  2.38004e+19
-111.761  1.82948e+19
-111.174  3.06647e+19
-110.588  1.3018e+19
-110.001  1.26805e+19
-109.414  1.25929e+19
-108.828  2.38384e+19
-108.241  1.92097e+19
-107.654  2.02682e+19
-107.068  4.00497e+19
-106.481  1.5944e+19
-105.894  2.59338e+19
-105.308  2.07982e+19
-104.721  3.55913e+19
-104.134  9.76912e+18
-103.548  2.69797e+19
-102.961  3.00274e+19
-102.374  7.41432e+18
-101.788  3.10479e+19
-101.201  1.4448e+19
-100.614  2.26332e+19
-100.028  1.08921e+19
-99.4409  2.19983e+19
-98.8542  4.42828e+19
-98.2676  9.44265e+18
-97.6809  4.1982e+19
-97.0942  3.08222e+19
-96.5075  2.13777e+19
-95.9209  2.83304e+19
-95.3342  3.04055e+19
-94.7475  2.46223e+19
-94.1609  1.31606e+19
-93.5742  2.16004e+19
-92.9875  2.60669e+19
-92.4009  1.5904e+19
-91.8142  3.235e+19
-91.2275  4.36283e+19
-90.6409  3.42463e+19
-90.0542  4.33453e+19
-89.4675  5.26854e+19
-88.8808  2.75827e+19
-88.2942  3.22096e+19
-87.7075  2.00911e+19
-87.1208  2.35932e+19
-86.5342  1.98198e+19
-85.9475  2.45019e+19
-85.3608  5.25535e+19
-84.7741  3.10763e+19
-84.1875  6.05094e+19
-83.6008  6.90525e+19
-83.0141  4.14795e+19
-82.4275  5.09639e+19
-81.8408  3.12766e+19
-81.2541  3.30521e+19
-80.6675  2.07985e+19
-80.0808  2.52556e+19
-79.4941  5.43893e+19
-78.9074  3.13001e+19
-78.3208  7.45616e+19
-77.7341  7.28239e+19
-77.1474  7.37088e+19
-76.5608  5.97011e+19
-75.9741  5.23217e+19
-75.3874  4.64161e+19
-74.8008  2.788e+19
-74.2141  3.27977e+19
-73.6274  3.74421e+19
-73.0408  4.34105e+19
-72.4541  6.76829e+19
-71.8674  9.42071e+19
-71.2807  8.98464e+19
-70.6941  9.56352e+19
-70.1074  7.47876e+19
-69.5207  5.61252e+19
-68.9341  4.73171e+19
-68.3474  3.58461e+19
-67.7607  3.95258e+19
-67.174  5.04935e+19
-66.5874  6.54693e+19
-66.0007  1.12431e+20
-65.414  9.32132e+19
-64.8274  1.30819e+20
-64.2407  8.98438e+19
-63.654  9.20519e+19
-63.0674  6.70187e+19
-62.4807  4.41337e+19
-61.894  5.95275e+19
-61.3073  3.29742e+19
-60.7207  9.19065e+19
-60.134  9.34382e+19
-59.5473  1.39817e+20
-58.9607  1.4502e+20
-58.374  1.33331e+20
-57.7873  1.25911e+20
-57.2007  1.05002e+20
-56.614  6.32349e+19
-56.0273  6.63705e+19
-55.4407  4.69518e+19
-54.854  7.79502e+19
-54.2673  1.12365e+20
-53.6806  1.43805e+20
-53.094  1.86268e+20
-52.5073  1.67256e+20
-51.9206  1.7437e+20
-51.334  1.55351e+20
-50.7473  1.01158e+20
-50.1606  8.82627e+19
-49.5739  7.07839e+19
-48.9873  7.13447e+19
-48.4006  1.34792e+20
-47.8139  1.51454e+20
-47.2273  2.35628e+20
-46.6406  2.05614e+20
-46.0539  2.46066e+20
-45.4673  2.20717e+20
-44.8806  1.50523e+20
-44.2939  1.47707e+20
-43.7072  8.06642e+19
-43.1206  1.01918e+20
-42.5339  1.21098e+20
-41.9472  1.92025e+20
-41.3606  2.53961e+20
-40.7739  2.845e+20
-40.1872  3.24673e+20
-39.6006  3.36925e+20
-39.0139  2.3114e+20
-38.4272  2.30575e+20
-37.8406  1.41263e+20
-37.2539  1.09218e+20
-36.6672  1.69496e+20
-36.0805  1.97673e+20
-35.4939  3.30537e+20
-34.9072  3.48414e+20
-34.3205  4.52882e+20
-33.7339  4.76005e+20
-33.1472  3.74346e+20
-32.5605  3.63279e+20
-31.9738  2.50643e+20
-31.3872  1.64595e+20
-30.8005  2.19058e+20
-30.2138  2.40779e+20
-29.6272  3.91664e+20
-29.0405  4.83157e+20
-28.4538  6.3019e+20
-27.8672  7.15671e+20
-27.2805  6.17556e+20
-26.6938  6.17948e+20
-26.1072  4.27296e+20
-25.5205  3.05071e+20
-24.9338  3.10396e+20
-24.3471  3.42237e+20
-23.7605  4.96568e+20
-23.1738  6.88824e+20
-22.5871  9.42123e+20
-22.0005  1.11741e+21
-21.4138  1.06782e+21
-20.8271  1.11283e+21
-20.2404  8.51974e+20
-19.6538  5.92416e+20
-19.0671  5.94935e+20
-18.4804  5.1085e+20
-17.8938  7.8924e+20
-17.3071  1.08413e+21
-16.7204  1.61469e+21
-16.1338  2.00931e+21
-15.5471  2.13858e+21
-14.9604  2.28389e+21
-14.3737  1.90038e+21
-13.7871  1.49399e+21
-13.2004  1.29602e+21
-12.6137  1.18269e+21
-12.0271  1.54062e+21
-11.4404  2.42574e+21
-10.8537  3.62934e+21
-10.2671  4.95303e+21
-9.68039  5.92706e+21
-9.09372  6.64309e+21
-8.50705  6.22662e+21
-7.92038  5.48876e+21
-7.33371  5.10908e+21
-6.74704  5.23058e+21
-6.16037  7.90845e+21
-5.5737  1.4001e+22
-4.98703  2.4884e+22
-4.40036  4.04067e+22
-3.81369  6.15611e+22
-3.22702  8.65362e+22
-2.64035  1.12718e+23
-2.05368  1.39427e+23
-1.46701  1.6315e+23
-0.88034  1.79682e+23
-0.29367  1.90234e+23
0.293  1.90806e+23
0.87967  1.81229e+23
1.46634  1.65552e+23
2.05301  1.42392e+23
2.63968  1.15919e+23
3.22635  8.96353e+22
3.81302  6.43235e+22
4.39969  4.26015e+22
4.98636  2.64885e+22
5.57303  1.50064e+22
6.1597  8.42267e+21
6.74637  5.39923e+21
7.33304  5.07472e+21
7.91971  5.39635e+21
8.50638  6.16186e+21
9.09305  6.65561e+21
9.67972  6.01989e+21
10.2664  5.0984e+21
10.8531  3.782e+21
11.4397  2.55393e+21
12.0264  1.61678e+21
12.6131  1.20497e+21
13.1997  1.27056e+21
13.7864  1.4505e+21
14.3731  1.86117e+21
14.9597  2.26003e+21
15.5464  2.15273e+21
16.1331  2.04708e+21
16.7198  1.66575e+21
17.3064  1.13358e+21
17.8931  8.27899e+20
18.4798  5.26122e+20
19.0664  5.86704e+20
19.6531  5.73498e+20
20.2398  8.27207e+20
20.8265  1.0932e+21
21.4131  1.06482e+21
21.9998  1.12979e+21
22.5865  9.62024e+20
23.1731  7.16975e+20
23.7598  5.19621e+20
24.3465  3.55748e+20
24.9331  3.10544e+20
25.5198  2.96811e+20
26.1065  4.13169e+20
26.6931  6.021e+20
27.2798  6.1167e+20
27.8665  7.16832e+20
28.4532  6.39809e+20
29.0398  4.98998e+20
29.6265  4.07905e+20
30.2132  2.51794e+20
30.7998  2.22726e+20
31.3865  1.62677e+20
31.9732  2.41822e+20
32.5599  3.51716e+20
33.1465  3.67852e+20
33.7332  4.73445e+20
34.3199  4.55495e+20
34.9065  3.5791e+20
35.4932  3.42234e+20
36.0799  2.06555e+20
36.6665  1.74965e+20
37.2532  1.10137e+20
37.8399  1.36879e+20
38.4265  2.22381e+20
39.0132  2.25062e+20
39.5999  3.33195e+20
40.1866  3.23361e+20
40.7732  2.90464e+20
41.3599  2.60819e+20
41.9466  1.99854e+20
42.5332  1.26133e+20
43.1199  1.04781e+20
43.7066  7.8849e+19
44.2933  1.42394e+20
44.8799  1.45974e+20
45.4666  2.15747e+20
46.0533  2.44334e+20
46.6399  2.07153e+20
47.2266  2.41163e+20
47.8133  1.56282e+20
48.3999  1.40703e+20
48.9866  7.43242e+19
49.5733  7.07724e+19
50.1599  8.54869e+19
50.7466  9.74317e+19
51.3333  1.51307e+20
51.92  1.70983e+20
52.5066  1.68134e+20
53.0933  1.88241e+20
53.68  1.47868e+20
54.2666  1.1705e+20
54.8533  8.1297e+19
55.44  4.79804e+19
56.0266  6.49778e+19
56.6133  6.11946e+19
57.2  1.01803e+20
57.7867  1.22779e+20
58.3733  1.32877e+20
58.96  1.45624e+20
59.5467  1.42705e+20
60.1333  9.65584e+19
60.72  9.57643e+19
61.3067  3.42157e+19
61.8933  5.99281e+19
62.48  4.2683e+19
63.0667  6.45758e+19
63.6534  8.96104e+19
64.24  8.79403e+19
64.8267  1.3141e+20
65.4134  9.3817e+19
66  1.15447e+20
66.5867  6.77502e+19
67.1734  5.27374e+19
67.7601  4.04182e+19
68.3467  3.55918e+19
68.9334  4.55449e+19
69.5201  5.4076e+19
70.1067  7.33835e+19
70.6934  9.45229e+19
71.2801  9.00147e+19
71.8667  9.59483e+19
72.4534  6.9211e+19
73.0401  4.51715e+19
73.6268  3.87042e+19
74.2134  3.32572e+19
74.8001  2.69578e+19
75.3868  4.53832e+19
75.9734  5.10579e+19
76.5601  5.83648e+19
77.1468  7.33762e+19
77.7334  7.31862e+19
78.3201  7.58192e+19
78.9068  3.22428e+19
79.4934  5.63909e+19
80.0801  2.5758e+19
80.6668  2.07608e+19
81.2535  3.27798e+19
81.8401  3.02234e+19
82.4268  4.96755e+19
83.0135  4.07779e+19
83.6001  6.87954e+19
84.1868  6.07971e+19
84.7735  3.17903e+19
85.3602  5.39822e+19
85.9468  2.50956e+19
86.5335  2.02352e+19
87.1202  2.39169e+19
87.7068  1.96939e+19
88.2935  3.11464e+19
88.8802  2.70589e+19
89.4668  5.2329e+19
90.0535  4.27816e+19
90.6402  3.45324e+19
91.2268  4.44387e+19
91.8135  3.27605e+19
92.4002  1.62763e+19
92.9869  2.68142e+19
93.5735  2.16991e+19
94.1602  1.27201e+19
94.7469  2.47222e+19
95.3335  3.0005e+19
95.9202  2.77789e+19
96.5069  2.12851e+19
97.0935  3.09311e+19
97.6802  4.20004e+19
98.2669  9.41639e+18
98.8536  4.50357e+19
99.4402  2.21e+19
100.027  1.09699e+19
100.614  2.30291e+19
101.2  1.45043e+19
101.787  3.08314e+19
102.374  7.39764e+18
102.96  3.01835e+19
103.547  2.64712e+19
104.134  9.68582e+18
104.72  3.55118e+19
105.307  2.05638e+19
105.894  2.58786e+19
106.48  1.62119e+19
107.067  4.03364e+19
107.654  2.0156e+19
108.24  1.98096e+19
108.827  2.4134e+19
109.414  1.27015e+19
110  1.25001e+19
110.587  1.29941e+19
111.174  3.04798e+19
111.76  1.78696e+19
112.347  2.40575e+19
112.934  3.56277e+19
113.52  2.03515e+19
114.107  2.49303e+19
114.694  1.7639e+19
115.28  4.04333e+19
115.867  3.67607e+18
116.454  2.79347e+19
117.04  2.0984e+19
117.627  4.05422e+18
118.214  1.84396e+19
118.8  1.03757e+19
119.387  3.37461e+19
119.974  5.75514e+18
120.56  2.78291e+19
121.147  2.94652e+19
121.734  5.03885e+18
122.32  2.82581e+19
122.907  1.63058e+19
123.494  2.44033e+19
124.08  6.92492e+18
124.667  3.10943e+19
125.254  2.56041e+19
125.84  1.32728e+19
126.427  2.07373e+19
127.014  1.51782e+19
127.6  1.00078e+19
128.187  5.6945e+18
128.774  2.38405e+19
129.36  1.35401e+19
129.947  8.64036e+18
130.534  2.21759e+19
131.12  1.77876e+19
131.707  2.05679e+19
132.294  7.60995e+18
132.88  3.48762e+19
133.467  9.59737e+18
134.054  1.48872e+19
134.64  2.427e+19
135.227  1.02726e+19
135.814  1.89721e+19
136.4  5.21133e+18
136.987  2.64901e+19
137.574  1.05462e+19
138.16  1.13239e+19
138.747  2.07817e+19
139.334  7.16673e+18
139.92  1.22947e+19
140.507  6.26824e+18
141.094  1.20405e+19
141.68  9.3843e+18
142.267  6.71464e+18
142.854  1.99287e+19
143.44  1.09436e+19
144.027  1.6433e+19
144.614  1.36118e+19
145.2  1.42546e+19
145.787  1.75912e+19
146.374  1.91331e+19
146.96  1.55671e+19
147.547  1.20036e+19
148.134  1.93726e+19
148.721  9.74842e+18
149.307  1.03696e+19
149.894  1.35717e+19
150.481  2.0119e+19
151.067  9.62641e+18
151.654  8.70384e+18
152.241  2.39757e+19
152.827  8.36218e+18
153.414  8.00996e+18
154.001  6.79365e+18
154.587  9.50544e+18
155.174  7.92646e+18
155.761  1.8855e+18
156.347  1.76597e+19
156.934  8.47521e+18
157.521  3.48488e+18
158.107  1.28473e+19
158.694  1.3971e+19
159.281  1.81634e+19
159.867  2.15095e+18
160.454  1.57218e+19
161.041  1.58944e+19
161.627  5.67699e+18
162.214  9.13367e+18
162.801  1.0991e+19
163.387  1.74988e+19
163.974  4.17851e+18
164.561  1.47393e+19
165.147  3.06184e+19
165.734  2.08925e+19
166.321  1.35496e+19
166.907  1.89586e+19
167.494  2.48421e+19
168.081  1.36181e+19
168.667  1.1402e+19
169.254  1.10436e+19
169.841  1.35575e+19
170.427  1.08041e+19
171.014  8.28076e+18
171.601  2.02167e+19
172.187  1.9125e+19
172.774  2.22696e+19
173.361  9.76983e+18
173.947  1.93238e+19
174.534  2.69742e+19
175.121  1.28259e+19
175.707  3.39325e+18
176.294  8.09011e+18
176.881  1.65282e+19
177.467  2.47604e+18
178.054  5.32567e+18
178.641  2.08415e+19
179.227  1.33089e+19
179.814  4.59109e+18
180.401  9.5077e+18
180.987  1.75185e+19
181.574  1.35968e+19
182.161  4.19262e+18
182.747  1.01192e+19
183.334  8.35851e+18
183.921  9.75e+18
184.507  2.07261e+18
185.094  6.84826e+18
185.681  1.21889e+19
186.267  8.9405e+18
186.854  6.77474e+18
187.441  9.44368e+18
188.027  7.35886e+18
188.614  1.2864e+19
189.201  1.00376e+18
189.787  8.12642e+18
190.374  7.58755e+18
190.961  5.12416e+18
191.547  9.2232e+18
192.134  3.1278e+18
192.721  2.51594e+19
193.307  9.52363e+18
193.894  2.81395e+18
194.481  4.51565e+18
195.067  1.25692e+19
195.654  2.11979e+18
196.241  1.33169e+19
196.827  1.07203e+19
197.414  7.71814e+18
198.001  2.98847e+18
198.587  4.51281e+18
199.174  1.75317e+19
199.761  1.2869e+19
200.347  1.21902e+19
200.934  7.04306e+18
201.521  5.1884e+18
202.107  1.38401e+19
202.694  9.11977e+18
203.281  8.05614e+18
203.867  1.39057e+19
204.454  4.52731e+18
205.041  3.42127e+18
205.627  1.79963e+19
206.214  5.7114e+18
206.801  1.71786e+19
207.388  4.43326e+18
207.974  3.73999e+18
208.561  1.44379e+18
209.148  1.52362e+19
209.734  5.31563e+18
210.321  1.54242e+19
210.908  6.90214e+18
211.494  4.87099e+18
212.081  2.53651e+18
212.668  8.06342e+18
213.254  1.22906e+19
213.841  1.19214e+19
214.428  9.86139e+18
215.014  5.2553e+18
215.601  8.54431e+18
216.188  5.7697e+18
216.774  9.10895e+18
217.361  6.9099e+18
217.948  1.24119e+19
218.534  4.5966e+18
219.121  6.23498e+18
219.708  1.22335e+19
220.294  6.53156e+18
220.881  8.95496e+18
221.468  5.82567e+18
222.054  4.68031e+18
222.641  4.82492e+18
223.228  1.62527e+19
223.814  2.76501e+18
224.401  1.8909e+19
224.988  4.44162e+18
225.574  3.06657e+18
226.161  2.54469e+18
226.748  1.45333e+19
227.334  2.30955e+18
227.921  2.57071e+19
228.508  2.09556e+18
229.094  4.2548e+18
229.681  4.1128e+18
230.268  6.27982e+18
230.854  2.72303e+18
231.441  1.73836e+19
232.028  1.85398e+18
232.614  6.86292e+18
233.201  4.16632e+18
233.788  1.89441e+18
234.374  8.53446e+18
