#S 1 spectral density
#N 2
#UFWHM 6.45337
#L  abscissas [um]  spectral density
-234.375  5.2662e+20
-233.788  4.61933e+20
-233.202  2.5591e+20
-232.615  3.25111e+20
-232.028  6.05435e+20
-231.442  6.02345e+20
-230.855  4.13229e+20
-230.268  2.81095e+20
-229.682  3.59074e+20
-229.095  4.4978e+20
-228.508  6.0343e+20
-227.922  4.94291e+20
-227.335  3.18665e+20
-226.748  2.98112e+20
-226.162  4.94822e+20
-225.575  6.59624e+20
-224.988  4.9141e+20
-224.402  3.07718e+20
-223.815  3.18644e+20
-223.228  4.34229e+20
-222.642  6.03547e+20
-222.055  5.88102e+20
-221.468  4.3494e+20
-220.882  2.58936e+20
-220.295  4.08065e+20
-219.708  6.77997e+20
-219.122  5.35616e+20
-218.535  4.35429e+20
-217.948  3.13458e+20
-217.362  3.39684e+20
-216.775  5.28751e+20
-216.188  6.7397e+20
-215.602  5.42437e+20
-215.015  2.64508e+20
-214.428  3.13704e+20
-213.842  5.39178e+20
-213.255  5.20352e+20
-212.668  5.6482e+20
-212.082  3.65522e+20
-211.495  2.78924e+20
-210.908  3.87684e+20
-210.322  5.78387e+20
-209.735  5.81027e+20
-209.148  3.36512e+20
-208.562  3.07931e+20
-207.975  3.63652e+20
-207.388  4.49999e+20
-206.802  5.85525e+20
-206.215  4.14896e+20
-205.628  2.79456e+20
-205.041  3.21398e+20
-204.455  4.2624e+20
-203.868  5.61525e+20
-203.281  4.12783e+20
-202.695  3.15266e+20
-202.108  3.71667e+20
-201.521  4.19061e+20
-200.935  5.20371e+20
-200.348  4.84304e+20
-199.761  3.19077e+20
-199.175  3.62405e+20
-198.588  4.56773e+20
-198.001  5.32261e+20
-197.415  4.74094e+20
-196.828  4.14725e+20
-196.241  4.7694e+20
-195.655  4.67762e+20
-195.068  6.10679e+20
-194.481  4.97047e+20
-193.895  3.85663e+20
-193.308  5.81069e+20
-192.721  5.68257e+20
-192.135  6.22348e+20
-191.548  6.48642e+20
-190.961  4.27439e+20
-190.375  5.77623e+20
-189.788  6.49479e+20
-189.201  8.01686e+20
-188.615  6.27366e+20
-188.028  5.24562e+20
-187.441  6.80564e+20
-186.855  6.40093e+20
-186.268  8.79141e+20
-185.681  8.03161e+20
-185.095  4.63693e+20
-184.508  6.88182e+20
-183.921  7.07156e+20
-183.335  8.61143e+20
-182.748  8.36409e+20
-182.161  5.85057e+20
-181.575  6.50622e+20
-180.988  6.06216e+20
-180.401  9.01338e+20
-179.815  8.49552e+20
-179.228  5.23999e+20
-178.641  6.85234e+20
-178.055  6.25525e+20
-177.468  8.49605e+20
-176.881  7.99347e+20
-176.295  4.83574e+20
-175.708  5.64752e+20
-175.121  6.19812e+20
-174.535  8.83956e+20
-173.948  7.7271e+20
-173.361  4.31243e+20
-172.775  4.9118e+20
-172.188  5.60602e+20
-171.601  8.66076e+20
-171.015  7.63283e+20
-170.428  4.19569e+20
-169.841  4.36465e+20
-169.255  4.90276e+20
-168.668  7.91393e+20
-168.081  8.24348e+20
-167.495  4.2736e+20
-166.908  3.22338e+20
-166.321  3.63164e+20
-165.735  7.52181e+20
-165.148  8.23926e+20
-164.561  5.16786e+20
-163.975  3.09449e+20
-163.388  3.06397e+20
-162.801  6.01337e+20
-162.215  9.11693e+20
-161.628  6.76794e+20
-161.041  3.40819e+20
-160.455  2.94691e+20
-159.868  5.31024e+20
-159.281  8.11793e+20
-158.695  7.48137e+20
-158.108  4.47198e+20
-157.521  3.14391e+20
-156.935  4.99211e+20
-156.348  8.20822e+20
-155.761  8.01255e+20
-155.175  5.41835e+20
-154.588  4.09824e+20
-154.001  5.66549e+20
-153.415  8.26783e+20
-152.828  8.41317e+20
-152.241  5.783e+20
-151.655  4.84131e+20
-151.068  6.37725e+20
-150.481  8.46121e+20
-149.895  8.89374e+20
-149.308  6.18346e+20
-148.721  5.06519e+20
-148.135  7.7183e+20
-147.548  9.15914e+20
-146.961  9.12512e+20
-146.375  6.2622e+20
-145.788  6.03582e+20
-145.201  8.57762e+20
-144.614  1.05738e+21
-144.028  1.08451e+21
-143.441  7.09541e+20
-142.854  5.93729e+20
-142.268  1.05662e+21
-141.681  1.18822e+21
-141.094  1.3202e+21
-140.508  8.30898e+20
-139.921  7.17381e+20
-139.334  1.00518e+21
-138.748  1.27264e+21
-138.161  1.44614e+21
-137.574  1.03038e+21
-136.988  8.16978e+20
-136.401  1.24442e+21
-135.814  1.24647e+21
-135.228  1.4956e+21
-134.641  1.15143e+21
-134.054  1.06514e+21
-133.468  1.37929e+21
-132.881  1.42314e+21
-132.294  1.48096e+21
-131.708  1.16295e+21
-131.121  1.05429e+21
-130.534  1.64158e+21
-129.948  1.66785e+21
-129.361  1.64952e+21
-128.774  1.11371e+21
-128.188  1.01692e+21
-127.601  1.57144e+21
-127.014  1.96964e+21
-126.428  1.81138e+21
-125.841  1.19884e+21
-125.254  9.37982e+20
-124.668  1.4064e+21
-124.081  2.03999e+21
-123.494  2.07672e+21
-122.908  1.3644e+21
-122.321  1.10425e+21
-121.734  1.32201e+21
-121.148  1.86492e+21
-120.561  2.13099e+21
-119.974  1.63018e+21
-119.388  1.25384e+21
-118.801  1.39665e+21
-118.214  1.82268e+21
-117.628  1.85794e+21
-117.041  1.59393e+21
-116.454  1.60756e+21
-115.868  1.53553e+21
-115.281  2.02486e+21
-114.694  1.63794e+21
-114.108  1.33205e+21
-113.521  1.52749e+21
-112.934  1.86133e+21
-112.348  2.12586e+21
-111.761  1.69233e+21
-111.174  1.09991e+21
-110.588  1.33894e+21
-110.001  1.82209e+21
-109.414  2.46232e+21
-108.828  1.73177e+21
-108.241  1.19743e+21
-107.654  1.11764e+21
-107.068  1.54439e+21
-106.481  2.44115e+21
-105.894  1.86992e+21
-105.308  1.16417e+21
-104.721  1.28361e+21
-104.134  1.45427e+21
-103.548  2.06715e+21
-102.961  1.88247e+21
-102.374  1.29232e+21
-101.788  1.28997e+21
-101.201  1.68731e+21
-100.614  1.76374e+21
-100.028  1.45255e+21
-99.4409  1.18711e+21
-98.8542  1.40171e+21
-98.2676  1.89934e+21
-97.6809  1.81651e+21
-97.0942  1.22756e+21
-96.5075  9.26156e+20
-95.9209  1.20234e+21
-95.3342  2.01799e+21
-94.7475  1.98672e+21
-94.1609  1.19659e+21
-93.5742  7.34642e+20
-92.9875  9.40494e+20
-92.4009  1.88272e+21
-91.8142  1.98306e+21
-91.2275  1.39607e+21
-90.6409  8.40234e+20
-90.0542  9.23252e+20
-89.4675  1.64113e+21
-88.8808  1.73249e+21
-88.2942  1.39948e+21
-87.7075  1.05237e+21
-87.1208  1.06499e+21
-86.5342  1.5191e+21
-85.9475  1.33109e+21
-85.3608  1.1427e+21
-84.7741  1.16989e+21
-84.1875  1.30908e+21
-83.6008  1.70082e+21
-83.0141  1.16336e+21
-82.4275  6.78485e+20
-81.8408  8.42806e+20
-81.2541  1.38039e+21
-80.6675  1.79076e+21
-80.0808  1.19583e+21
-79.4941  5.25706e+20
-78.9074  4.64859e+20
-78.3208  1.19994e+21
-77.7341  1.82223e+21
-77.1474  1.33635e+21
-76.5608  5.59388e+20
-75.9741  4.14102e+20
-75.3874  8.61725e+20
-74.8008  1.49517e+21
-74.2141  1.27725e+21
-73.6274  7.27039e+20
-73.0408  6.08329e+20
-72.4541  9.41789e+20
-71.8674  1.0845e+21
-71.2807  1.14031e+21
-70.6941  6.38761e+20
-70.1074  8.54516e+20
-69.5207  1.23892e+21
-68.9341  9.07716e+20
-68.3474  6.94856e+20
-67.7607  4.63564e+20
-67.174  8.11232e+20
-66.5874  1.67674e+21
-66.0007  1.06767e+21
-65.414  5.93896e+20
-64.8274  2.50416e+20
-64.2407  6.18863e+20
-63.654  1.71034e+21
-63.0674  1.34679e+21
-62.4807  5.10634e+20
-61.894  3.35936e+20
-61.3073  4.13924e+20
-60.7207  1.46931e+21
-60.134  1.59869e+21
-59.5473  6.51958e+20
-58.9607  4.71775e+20
-58.374  6.37375e+20
-57.7873  1.08064e+21
-57.2007  1.46975e+21
-56.614  5.80352e+20
-56.0273  5.22716e+20
-55.4407  1.01181e+21
-54.854  9.84197e+20
-54.2673  1.19474e+21
-53.6806  5.59226e+20
-53.094  4.15588e+20
-52.5073  1.33173e+21
-51.9206  1.11304e+21
-51.334  9.72789e+20
-50.7473  4.20226e+20
-50.1606  2.11999e+20
-49.5739  1.25296e+21
-48.9873  1.3927e+21
-48.4006  8.40265e+20
-47.8139  4.18653e+20
-47.2273  1.8851e+20
-46.6406  1.12086e+21
-46.0539  1.46953e+21
-45.4673  7.76116e+20
-44.8806  3.81786e+20
-44.2939  3.97011e+20
-43.7072  8.28711e+20
-43.1206  1.3328e+21
-42.5339  6.8319e+20
-41.9472  3.22333e+20
-41.3606  6.9646e+20
-40.7739  1.03625e+21
-40.1872  1.18776e+21
-39.6006  5.68788e+20
-39.0139  1.83684e+20
-38.4272  8.55941e+20
-37.8406  1.11554e+21
-37.2539  1.05875e+21
-36.6672  4.18586e+20
-36.0805  1.01117e+20
-35.4939  9.11463e+20
-34.9072  1.49532e+21
-34.3205  1.13974e+21
-33.7339  3.52231e+20
-33.1472  1.30344e+20
-32.5605  8.53672e+20
-31.9738  1.36196e+21
-31.3872  1.06018e+21
-30.8005  3.31958e+20
-30.2138  3.85826e+20
-29.6272  1.01763e+21
-29.0405  1.515e+21
-28.4538  1.10879e+21
-27.8672  2.94162e+20
-27.2805  5.83976e+20
-26.6938  1.31227e+21
-26.1072  1.3917e+21
-25.5205  8.71659e+20
-24.9338  3.34752e+20
-24.3471  8.86847e+20
-23.7605  1.8329e+21
-23.1738  1.79369e+21
-22.5871  8.40712e+20
-22.0005  3.64292e+20
-21.4138  1.03023e+21
-20.8271  2.27268e+21
-20.2404  2.08404e+21
-19.6538  8.10218e+20
-19.0671  7.26776e+20
-18.4804  1.57356e+21
-17.8938  2.67079e+21
-17.3071  2.64232e+21
-16.7204  1.04708e+21
-16.1338  1.20282e+21
-15.5471  2.36357e+21
-14.9604  3.53511e+21
-14.3737  3.47018e+21
-13.7871  1.68454e+21
-13.2004  2.22325e+21
-12.6137  4.13281e+21
-12.0271  4.81767e+21
-11.4404  4.49425e+21
-10.8537  3.17442e+21
-10.2671  4.72414e+21
-9.68039  8.44048e+21
-9.09372  9.74446e+21
-8.50705  9.41393e+21
-7.92038  9.49299e+21
-7.33371  1.40138e+22
-6.74704  2.46291e+22
-6.16037  3.44672e+22
-5.5737  4.45691e+22
-4.98703  6.41035e+22
-4.40036  9.40143e+22
-3.81369  1.36991e+23
-3.22702  1.83292e+23
-2.64035  2.16184e+23
-2.05368  2.4806e+23
-1.46701  2.83586e+23
-0.88034  3.14992e+23
-0.29367  3.43747e+23
0.293  3.42755e+23
0.87967  3.11435e+23
1.46634  2.77475e+23
2.05301  2.4028e+23
2.63968  2.07258e+23
3.22635  1.7458e+23
3.81302  1.2966e+23
4.39969  8.80298e+22
4.98636  5.94402e+22
5.57303  4.11511e+22
6.1597  3.20334e+22
6.74637  2.31167e+22
7.33304  1.31832e+22
7.91971  8.9952e+21
8.50638  9.04792e+21
9.09305  9.41721e+21
9.67972  8.17077e+21
10.2664  4.55881e+21
10.8531  3.04783e+21
11.4397  4.4013e+21
12.0264  4.7481e+21
12.6131  4.08401e+21
13.1997  2.19532e+21
13.7864  1.64013e+21
14.3731  3.39694e+21
14.9597  3.46353e+21
15.5464  2.30586e+21
16.1331  1.17335e+21
16.7198  1.02794e+21
17.3064  2.6219e+21
17.8931  2.66869e+21
18.4798  1.56708e+21
19.0664  7.1547e+20
19.6531  7.88589e+20
20.2398  2.04479e+21
20.8265  2.24041e+21
21.4131  1.01737e+21
21.9998  3.57062e+20
22.5865  8.3319e+20
23.1731  1.78357e+21
23.7598  1.82928e+21
24.3465  8.85769e+20
24.9331  3.27909e+20
25.5198  8.59047e+20
26.1065  1.37355e+21
26.6931  1.29648e+21
27.2798  5.79822e+20
27.8665  2.88899e+20
28.4532  1.10123e+21
29.0398  1.50742e+21
29.6265  1.01361e+21
30.2132  3.83742e+20
30.7998  3.26127e+20
31.3865  1.05248e+21
31.9732  1.35455e+21
32.5599  8.50721e+20
33.1465  1.28994e+20
33.7332  3.46164e+20
34.3199  1.1261e+21
34.9065  1.48706e+21
35.4932  9.08526e+20
36.0799  1.01215e+20
36.6665  4.16081e+20
37.2532  1.05501e+21
37.8399  1.11107e+21
38.4265  8.56734e+20
39.0132  1.83896e+20
39.5999  5.59648e+20
40.1866  1.17552e+21
40.7732  1.02629e+21
41.3599  6.90523e+20
41.9466  3.21715e+20
42.5332  6.81809e+20
43.1199  1.33418e+21
43.7066  8.30732e+20
44.2933  3.95525e+20
44.8799  3.79757e+20
45.4666  7.66329e+20
46.0533  1.45442e+21
46.6399  1.11681e+21
47.2266  1.86978e+20
47.8133  4.15195e+20
48.3999  8.40541e+20
48.9866  1.38932e+21
49.5733  1.25902e+21
50.1599  2.15541e+20
50.7466  4.17725e+20
51.3333  9.63601e+20
51.92  1.09919e+21
52.5066  1.32208e+21
53.0933  4.17198e+20
53.68  5.58019e+20
54.2666  1.19888e+21
54.8533  9.86267e+20
55.44  1.00976e+21
56.0266  5.25925e+20
56.6133  5.79135e+20
57.2  1.46216e+21
57.7867  1.07387e+21
58.3733  6.3128e+20
58.96  4.69093e+20
59.5467  6.47918e+20
60.1333  1.59943e+21
60.72  1.48035e+21
61.3067  4.16741e+20
61.8933  3.37516e+20
62.48  5.0993e+20
63.0667  1.33569e+21
63.6534  1.70521e+21
64.24  6.21789e+20
64.8267  2.50399e+20
65.4134  5.94977e+20
66  1.06326e+21
66.5867  1.67996e+21
67.1734  8.16699e+20
67.7601  4.6727e+20
68.3467  6.99661e+20
68.9334  9.03072e+20
69.5201  1.23165e+21
70.1067  8.54606e+20
70.6934  6.36571e+20
71.2801  1.13885e+21
71.8667  1.09072e+21
72.4534  9.39042e+20
73.0401  6.08492e+20
73.6268  7.23564e+20
74.2134  1.27902e+21
74.8001  1.49497e+21
75.3868  8.64156e+20
75.9734  4.12809e+20
76.5601  5.5331e+20
77.1468  1.32271e+21
77.7334  1.82187e+21
78.3201  1.20233e+21
78.9068  4.66294e+20
79.4934  5.22177e+20
80.0801  1.19276e+21
80.6668  1.78651e+21
81.2535  1.38088e+21
81.8401  8.46598e+20
82.4268  6.76226e+20
83.0135  1.15031e+21
83.6001  1.69081e+21
84.1868  1.30787e+21
84.7735  1.16654e+21
85.3602  1.14713e+21
85.9468  1.33237e+21
86.5335  1.51817e+21
87.1202  1.06057e+21
87.7068  1.05257e+21
88.2935  1.39268e+21
88.8802  1.72734e+21
89.4668  1.63681e+21
90.0535  9.22656e+20
90.6402  8.33604e+20
91.2268  1.39416e+21
91.8135  1.98113e+21
92.4002  1.88525e+21
92.9869  9.40851e+20
93.5735  7.33894e+20
94.1602  1.18865e+21
94.7469  1.97475e+21
95.3335  2.01473e+21
95.9202  1.20335e+21
96.5069  9.19941e+20
97.0935  1.22266e+21
97.6802  1.81203e+21
98.2669  1.89e+21
98.8536  1.40092e+21
99.4402  1.18681e+21
100.027  1.44634e+21
100.614  1.75302e+21
101.2  1.68312e+21
101.787  1.28325e+21
102.374  1.28211e+21
102.96  1.87309e+21
103.547  2.06744e+21
104.134  1.44724e+21
104.72  1.2821e+21
105.307  1.16122e+21
105.894  1.85959e+21
106.48  2.43073e+21
107.067  1.54421e+21
107.654  1.11385e+21
108.24  1.18945e+21
108.827  1.71908e+21
109.414  2.45492e+21
110  1.81718e+21
110.587  1.33739e+21
111.174  1.09858e+21
111.76  1.68009e+21
112.347  2.11513e+21
112.934  1.85586e+21
113.52  1.52278e+21
114.107  1.32319e+21
114.694  1.62907e+21
115.28  2.00982e+21
115.867  1.52543e+21
116.454  1.59703e+21
117.04  1.59034e+21
117.627  1.84842e+21
118.214  1.81625e+21
118.8  1.39026e+21
119.387  1.24675e+21
119.974  1.61377e+21
120.56  2.11889e+21
121.147  1.85663e+21
121.734  1.31493e+21
122.32  1.09458e+21
122.907  1.35581e+21
123.494  2.06409e+21
124.08  2.03052e+21
124.667  1.40559e+21
125.254  9.31964e+20
125.84  1.18662e+21
126.427  1.79607e+21
127.014  1.96078e+21
127.6  1.56061e+21
128.187  1.01152e+21
128.774  1.10185e+21
129.36  1.63976e+21
129.947  1.65475e+21
130.534  1.63816e+21
131.12  1.04837e+21
131.707  1.15326e+21
132.294  1.46488e+21
132.88  1.41551e+21
133.467  1.3682e+21
134.054  1.05578e+21
134.64  1.13908e+21
135.227  1.48825e+21
135.814  1.23323e+21
136.4  1.23845e+21
136.987  8.11444e+20
137.574  1.01684e+21
138.16  1.43389e+21
138.747  1.26579e+21
139.334  9.96781e+20
139.92  7.09123e+20
140.507  8.20707e+20
141.094  1.30597e+21
141.68  1.17726e+21
142.267  1.04951e+21
142.854  5.90569e+20
143.44  6.99026e+20
144.027  1.07572e+21
144.614  1.05031e+21
145.2  8.51852e+20
145.787  5.97056e+20
146.374  6.2058e+20
146.96  9.03432e+20
147.547  9.06234e+20
148.134  7.65068e+20
148.721  5.03703e+20
149.307  6.10083e+20
149.894  8.82509e+20
150.481  8.42396e+20
151.067  6.31735e+20
151.654  4.79407e+20
152.241  5.72798e+20
152.827  8.35359e+20
153.414  8.1934e+20
154.001  5.63128e+20
154.587  4.04854e+20
155.174  5.35337e+20
155.761  7.93438e+20
156.347  8.19432e+20
156.934  4.96845e+20
157.521  3.12444e+20
158.107  4.404e+20
158.694  7.43609e+20
159.281  8.06068e+20
159.867  5.30048e+20
160.454  2.92679e+20
161.041  3.36258e+20
161.627  6.66807e+20
162.214  9.08606e+20
162.801  6.01972e+20
163.387  3.05898e+20
163.974  3.06313e+20
164.561  5.1143e+20
165.147  8.19518e+20
165.734  7.50935e+20
166.321  3.63525e+20
166.907  3.19906e+20
167.494  4.20938e+20
168.081  8.15944e+20
168.667  7.93125e+20
169.254  4.90197e+20
169.841  4.35738e+20
170.427  4.15843e+20
171.014  7.6011e+20
171.601  8.62868e+20
172.187  5.61381e+20
172.774  4.91714e+20
173.361  4.26661e+20
173.947  7.65757e+20
174.534  8.82481e+20
175.121  6.18853e+20
175.707  5.6316e+20
176.294  4.8191e+20
176.881  7.93916e+20
177.467  8.47938e+20
178.054  6.23384e+20
178.641  6.86892e+20
179.227  5.19214e+20
179.814  8.43429e+20
180.401  8.95775e+20
180.987  6.05316e+20
181.574  6.47301e+20
182.161  5.84429e+20
182.747  8.28843e+20
183.334  8.59173e+20
183.921  7.01448e+20
184.507  6.88173e+20
185.094  4.58892e+20
185.681  7.97206e+20
186.267  8.74472e+20
186.854  6.37672e+20
187.441  6.76683e+20
188.027  5.21858e+20
188.614  6.20095e+20
189.201  7.9714e+20
189.787  6.44095e+20
190.374  5.74797e+20
190.961  4.24897e+20
191.547  6.42658e+20
192.134  6.18361e+20
192.721  5.64256e+20
193.307  5.78133e+20
193.894  3.81739e+20
194.481  4.92695e+20
195.067  6.05607e+20
195.654  4.63074e+20
196.241  4.73028e+20
196.827  4.13933e+20
197.414  4.68313e+20
198.001  5.30117e+20
198.587  4.53956e+20
199.174  3.60648e+20
199.761  3.16467e+20
200.347  4.81832e+20
200.934  5.18694e+20
201.521  4.15606e+20
202.107  3.69541e+20
202.694  3.14794e+20
203.281  4.09205e+20
203.867  5.59067e+20
204.454  4.27107e+20
205.041  3.20601e+20
205.627  2.79833e+20
206.214  4.12814e+20
206.801  5.86289e+20
207.388  4.47626e+20
207.974  3.64257e+20
208.561  3.07606e+20
209.148  3.35018e+20
209.734  5.79032e+20
210.321  5.80265e+20
210.908  3.87329e+20
211.494  2.80278e+20
212.081  3.62757e+20
212.668  5.64632e+20
213.254  5.19516e+20
213.841  5.39574e+20
214.428  3.14639e+20
215.014  2.63576e+20
215.601  5.40073e+20
216.188  6.7199e+20
216.774  5.29524e+20
217.361  3.40196e+20
217.948  3.11576e+20
218.534  4.32855e+20
219.121  5.35811e+20
219.708  6.76521e+20
220.294  4.09178e+20
220.881  2.57592e+20
221.468  4.33624e+20
222.054  5.8359e+20
222.641  6.02858e+20
223.228  4.35047e+20
223.814  3.17753e+20
224.401  3.04515e+20
224.988  4.91263e+20
225.574  6.57882e+20
226.161  4.94631e+20
226.748  2.97907e+20
227.334  3.17516e+20
227.921  4.90639e+20
228.508  6.01075e+20
229.094  4.52178e+20
229.681  3.58466e+20
230.268  2.79899e+20
230.854  4.11883e+20
231.441  6.03007e+20
232.028  6.04245e+20
232.614  3.26422e+20
233.201  2.55358e+20
233.788  4.60758e+20
234.374  5.22947e+20
