#S 1 spectral density
#N 2
#UFWHM 132.587
#L  abscissas [um]  spectral density
-234.375  6.37496e+19
-233.788  8.33043e+19
-233.202  9.32881e+19
-232.615  7.00101e+19
-232.028  7.38942e+19
-231.442  1.07542e+20
-230.855  6.52159e+19
-230.268  6.7422e+19
-229.682  1.07968e+20
-229.095  9.34134e+19
-228.508  6.18406e+19
-227.922  9.16933e+19
-227.335  8.28905e+19
-226.748  8.72847e+19
-226.162  7.36651e+19
-225.575  6.9922e+19
-224.988  1.08125e+20
-224.402  8.951e+19
-223.815  5.65768e+19
-223.228  1.04808e+20
-222.642  9.68864e+19
-222.055  4.77751e+19
-221.468  8.41153e+19
-220.882  8.66343e+19
-220.295  8.10013e+19
-219.708  7.74541e+19
-219.122  7.62952e+19
-218.535  9.66022e+19
-217.948  9.27268e+19
-217.362  5.21225e+19
-216.775  9.99983e+19
-216.188  1.11131e+20
-215.602  5.71472e+19
-215.015  9.5242e+19
-214.428  1.13701e+20
-213.842  7.42576e+19
-213.255  6.79534e+19
-212.668  1.11429e+20
-212.082  8.57881e+19
-211.495  8.20349e+19
-210.908  9.77224e+19
-210.322  9.29735e+19
-209.735  8.3487e+19
-209.148  1.00792e+20
-208.562  6.53942e+19
-207.975  9.05467e+19
-207.388  1.12301e+20
-206.802  4.46014e+19
-206.215  8.5812e+19
-205.628  1.38587e+20
-205.041  5.04596e+19
-204.455  7.47008e+19
-203.868  1.58609e+20
-203.281  6.66441e+19
-202.695  8.15697e+19
-202.108  1.06113e+20
-201.521  9.66865e+19
-200.935  8.06292e+19
-200.348  7.23676e+19
-199.761  1.14602e+20
-199.175  1.20534e+20
-198.588  5.33724e+19
-198.001  1.11154e+20
-197.415  1.40483e+20
-196.828  5.99437e+19
-196.241  1.23947e+20
-195.655  1.24273e+20
-195.068  5.65933e+19
-194.481  1.15123e+20
-193.895  9.51779e+19
-193.308  5.33921e+19
-192.721  1.62098e+20
-192.135  8.48611e+19
-191.548  7.82131e+19
-190.961  1.54471e+20
-190.375  9.14438e+19
-189.788  7.12004e+19
-189.201  1.51681e+20
-188.615  1.04354e+20
-188.028  7.4112e+19
-187.441  1.36291e+20
-186.855  9.09663e+19
-186.268  9.49618e+19
-185.681  1.21365e+20
-185.095  9.61483e+19
-184.508  1.34471e+20
-183.921  1.24011e+20
-183.335  1.01177e+20
-182.748  1.30856e+20
-182.161  1.19399e+20
-181.575  8.24528e+19
-180.988  1.09177e+20
-180.401  1.34206e+20
-179.815  9.74487e+19
-179.228  1.05313e+20
-178.641  1.74745e+20
-178.055  1.15959e+20
-177.468  1.11228e+20
-176.881  1.58914e+20
-176.295  1.36129e+20
-175.708  1.07915e+20
-175.121  1.23394e+20
-174.535  1.36874e+20
-173.948  1.3733e+20
-173.361  1.10833e+20
-172.775  9.55493e+19
-172.188  1.91475e+20
-171.601  1.24486e+20
-171.015  9.10524e+19
-170.428  2.08437e+20
-169.841  1.39414e+20
-169.255  9.13016e+19
-168.668  1.71586e+20
-168.081  1.22053e+20
-167.495  1.27141e+20
-166.908  1.81527e+20
-166.321  1.09139e+20
-165.735  1.82822e+20
-165.148  1.88357e+20
-164.561  1.10069e+20
-163.975  1.76529e+20
-163.388  1.99724e+20
-162.801  9.92655e+19
-162.215  1.4977e+20
-161.628  1.91989e+20
-161.041  1.31992e+20
-160.455  1.44838e+20
-159.868  2.0473e+20
-159.281  1.7737e+20
-158.695  1.44636e+20
-158.108  2.03734e+20
-157.521  1.47037e+20
-156.935  1.78588e+20
-156.348  2.15441e+20
-155.761  1.35576e+20
-155.175  2.10165e+20
-154.588  2.26604e+20
-154.001  1.06602e+20
-153.415  1.88082e+20
-152.828  2.66555e+20
-152.241  1.16645e+20
-151.655  2.3511e+20
-151.068  2.69771e+20
-150.481  1.34675e+20
-149.895  1.96096e+20
-149.308  2.35941e+20
-148.721  1.5443e+20
-148.135  2.26598e+20
-147.548  2.50305e+20
-146.961  1.8968e+20
-146.375  2.558e+20
-145.788  2.57613e+20
-145.201  1.73384e+20
-144.614  2.70827e+20
-144.028  2.87019e+20
-143.441  1.51162e+20
-142.854  2.74205e+20
-142.268  3.34853e+20
-141.681  1.58629e+20
-141.094  2.79685e+20
-140.508  3.46664e+20
-139.921  1.86534e+20
-139.334  2.70977e+20
-138.748  3.54168e+20
-138.161  1.92322e+20
-137.574  3.04356e+20
-136.988  3.29025e+20
-136.401  2.52349e+20
-135.814  3.40893e+20
-135.228  3.52799e+20
-134.641  2.5094e+20
-134.054  3.60167e+20
-133.468  3.76901e+20
-132.881  2.57739e+20
-132.294  4.08897e+20
-131.708  4.06525e+20
-131.121  2.67894e+20
-130.534  3.67862e+20
-129.948  4.21161e+20
-129.361  3.20381e+20
-128.774  4.05546e+20
-128.188  5.0828e+20
-127.601  3.34982e+20
-127.014  4.3781e+20
-126.428  4.70846e+20
-125.841  3.39313e+20
-125.254  4.82648e+20
-124.668  5.34175e+20
-124.081  3.87483e+20
-123.494  5.42894e+20
-122.908  5.77262e+20
-122.321  3.961e+20
-121.734  6.08744e+20
-121.148  5.93334e+20
-120.561  4.62202e+20
-119.974  5.70464e+20
-119.388  6.37045e+20
-118.801  5.12386e+20
-118.214  6.12716e+20
-117.628  7.57346e+20
-117.041  5.97393e+20
-116.454  6.78006e+20
-115.868  7.71617e+20
-115.281  6.05583e+20
-114.694  7.14578e+20
-114.108  8.23828e+20
-113.521  7.01006e+20
-112.934  8.27272e+20
-112.348  8.9902e+20
-111.761  7.91215e+20
-111.174  8.8514e+20
-110.588  9.14156e+20
-110.001  8.80441e+20
-109.414  9.14549e+20
-108.828  1.02152e+21
-108.241  9.82678e+20
-107.654  9.80542e+20
-107.068  1.17529e+21
-106.481  1.10582e+21
-105.894  1.06595e+21
-105.308  1.26317e+21
-104.721  1.25421e+21
-104.134  1.19426e+21
-103.548  1.36076e+21
-102.961  1.41594e+21
-102.374  1.36522e+21
-101.788  1.48079e+21
-101.201  1.56018e+21
-100.614  1.52095e+21
-100.028  1.60008e+21
-99.4409  1.71963e+21
-98.8542  1.57806e+21
-98.2676  1.79921e+21
-97.6809  1.93816e+21
-97.0942  1.73097e+21
-96.5075  2.03268e+21
-95.9209  2.25264e+21
-95.3342  1.88194e+21
-94.7475  2.14782e+21
-94.1609  2.54194e+21
-93.5742  2.18172e+21
-92.9875  2.37223e+21
-92.4009  2.84646e+21
-91.8142  2.57222e+21
-91.2275  2.63467e+21
-90.6409  3.03689e+21
-90.0542  2.81047e+21
-89.4675  2.95935e+21
-88.8808  3.39576e+21
-88.2942  3.00409e+21
-87.7075  3.33252e+21
-87.1208  3.83311e+21
-86.5342  3.34934e+21
-85.9475  3.60246e+21
-85.3608  4.27854e+21
-84.7741  3.86066e+21
-84.1875  3.96164e+21
-83.6008  4.61346e+21
-83.0141  4.41319e+21
-82.4275  4.4317e+21
-81.8408  4.96883e+21
-81.2541  4.99647e+21
-80.6675  5.0877e+21
-80.0808  5.49655e+21
-79.4941  5.50393e+21
-78.9074  5.60669e+21
-78.3208  6.01738e+21
-77.7341  6.00326e+21
-77.1474  6.2263e+21
-76.5608  6.77379e+21
-75.9741  6.82141e+21
-75.3874  6.89518e+21
-74.8008  7.23501e+21
-74.2141  7.6166e+21
-73.6274  7.58017e+21
-73.0408  7.85543e+21
-72.4541  8.50348e+21
-71.8674  8.59723e+21
-71.2807  8.44837e+21
-70.6941  9.13527e+21
-70.1074  9.30544e+21
-69.5207  9.3482e+21
-68.9341  1.00631e+22
-68.3474  1.01702e+22
-67.7607  1.02573e+22
-67.174  1.10387e+22
-66.5874  1.08652e+22
-66.0007  1.09352e+22
-65.414  1.21982e+22
-64.8274  1.21207e+22
-64.2407  1.17539e+22
-63.654  1.31657e+22
-63.0674  1.30989e+22
-62.4807  1.26228e+22
-61.894  1.40253e+22
-61.3073  1.42505e+22
-60.7207  1.39126e+22
-60.134  1.4989e+22
-59.5473  1.50748e+22
-58.9607  1.47989e+22
-58.374  1.58974e+22
-57.7873  1.5949e+22
-57.2007  1.60496e+22
-56.614  1.7014e+22
-56.0273  1.70409e+22
-55.4407  1.68488e+22
-54.854  1.76513e+22
-54.2673  1.79144e+22
-53.6806  1.77009e+22
-53.094  1.82195e+22
-52.5073  1.8984e+22
-51.9206  1.87664e+22
-51.334  1.85848e+22
-50.7473  1.93611e+22
-50.1606  1.98481e+22
-49.5739  1.91548e+22
-48.9873  1.98044e+22
-48.4006  2.05728e+22
-47.8139  2.00673e+22
-47.2273  2.02282e+22
-46.6406  2.0831e+22
-46.0539  2.05222e+22
-45.4673  2.11261e+22
-44.8806  2.13728e+22
-44.2939  2.06601e+22
-43.7072  2.15026e+22
-43.1206  2.1938e+22
-42.5339  2.05416e+22
-41.9472  2.12522e+22
-41.3606  2.22751e+22
-40.7739  2.10957e+22
-40.1872  2.10238e+22
-39.6006  2.1869e+22
-39.0139  2.11275e+22
-38.4272  2.09674e+22
-37.8406  2.11363e+22
-37.2539  2.08735e+22
-36.6672  2.11709e+22
-36.0805  2.08674e+22
-35.4939  2.01917e+22
-34.9072  2.05761e+22
-34.3205  2.04996e+22
-33.7339  1.973e+22
-33.1472  1.98912e+22
-32.5605  2.01619e+22
-31.9738  1.962e+22
-31.3872  1.91916e+22
-30.8005  1.92716e+22
-30.2138  1.93547e+22
-29.6272  1.89069e+22
-29.0405  1.86534e+22
-28.4538  1.91482e+22
-27.8672  1.88051e+22
-27.2805  1.82718e+22
-26.6938  1.86615e+22
-26.1072  1.87684e+22
-25.5205  1.83637e+22
-24.9338  1.85975e+22
-24.3471  1.85839e+22
-23.7605  1.84713e+22
-23.1738  1.87388e+22
-22.5871  1.83814e+22
-22.0005  1.84578e+22
-21.4138  1.92645e+22
-20.8271  1.86594e+22
-20.2404  1.83531e+22
-19.6538  1.93306e+22
-19.0671  1.91106e+22
-18.4804  1.8571e+22
-17.8938  1.9297e+22
-17.3071  1.94215e+22
-16.7204  1.91742e+22
-16.1338  1.94605e+22
-15.5471  1.91721e+22
-14.9604  1.95202e+22
-14.3737  2.00838e+22
-13.7871  1.94265e+22
-13.2004  1.95368e+22
-12.6137  2.04652e+22
-12.0271  2.00509e+22
-11.4404  1.94972e+22
-10.8537  2.0157e+22
-10.2671  2.05877e+22
-9.68039  2.03022e+22
-9.09372  2.00901e+22
-8.50705  2.04425e+22
-7.92038  2.09491e+22
-7.33371  2.04861e+22
-6.74704  2.01675e+22
-6.16037  2.09666e+22
-5.5737  2.11267e+22
-4.98703  2.07345e+22
-4.40036  2.06688e+22
-3.81369  2.09256e+22
-3.22702  2.1363e+22
-2.64035  2.11509e+22
-2.05368  2.04545e+22
-1.46701  2.12933e+22
-0.88034  2.19715e+22
-0.29367  2.05096e+22
0.293  2.05435e+22
0.87967  2.19973e+22
1.46634  2.12723e+22
2.05301  2.04659e+22
2.63968  2.11947e+22
3.22635  2.14108e+22
3.81302  2.09413e+22
4.39969  2.06698e+22
4.98636  2.07987e+22
5.57303  2.11937e+22
6.1597  2.09545e+22
6.74637  2.02042e+22
7.33304  2.05802e+22
7.91971  2.09746e+22
8.50638  2.04543e+22
9.09305  2.01502e+22
9.67972  2.03581e+22
10.2664  2.06438e+22
10.8531  2.0199e+22
11.4397  1.95335e+22
12.0264  2.01358e+22
12.6131  2.05245e+22
13.1997  1.95433e+22
13.7864  1.9497e+22
14.3731  2.01765e+22
14.9597  1.95523e+22
15.5464  1.92114e+22
16.1331  1.95271e+22
16.7198  1.92302e+22
17.3064  1.94661e+22
17.8931  1.93331e+22
18.4798  1.86324e+22
19.0664  1.91792e+22
19.6531  1.93547e+22
20.2398  1.8385e+22
20.8265  1.87158e+22
21.4131  1.92966e+22
21.9998  1.84936e+22
22.5865  1.84187e+22
23.1731  1.87552e+22
23.7598  1.85015e+22
24.3465  1.85851e+22
24.9331  1.85733e+22
25.5198  1.83771e+22
26.1065  1.87585e+22
26.6931  1.86092e+22
27.2798  1.82539e+22
27.8665  1.87558e+22
28.4532  1.90589e+22
29.0398  1.86062e+22
29.6265  1.88372e+22
30.2132  1.92496e+22
30.7998  1.91991e+22
31.3865  1.90946e+22
31.9732  1.94973e+22
32.5599  2.00623e+22
33.1465  1.97768e+22
33.7332  1.96232e+22
34.3199  2.04131e+22
34.9065  2.04536e+22
35.4932  2.00723e+22
36.0799  2.07871e+22
36.6665  2.10696e+22
37.2532  2.07677e+22
37.8399  2.10748e+22
38.4265  2.09184e+22
39.0132  2.10634e+22
39.5999  2.18099e+22
40.1866  2.09895e+22
40.7732  2.10939e+22
41.3599  2.2268e+22
41.9466  2.12487e+22
42.5332  2.05764e+22
43.1199  2.19795e+22
43.7066  2.15315e+22
44.2933  2.07064e+22
44.8799  2.14388e+22
45.4666  2.12234e+22
46.0533  2.06099e+22
46.6399  2.08994e+22
47.2266  2.03359e+22
47.8133  2.01916e+22
48.3999  2.06583e+22
48.9866  1.99207e+22
49.5733  1.93065e+22
50.1599  1.99771e+22
50.7466  1.94864e+22
51.3333  1.8731e+22
51.92  1.89006e+22
52.5066  1.91443e+22
53.0933  1.83873e+22
53.68  1.78474e+22
54.2666  1.80863e+22
54.8533  1.78394e+22
55.44  1.69991e+22
56.0266  1.72199e+22
56.6133  1.72156e+22
57.2  1.62325e+22
57.7867  1.61454e+22
58.3733  1.61044e+22
58.96  1.49864e+22
59.5467  1.52777e+22
60.1333  1.52028e+22
60.72  1.41181e+22
61.3067  1.44621e+22
61.8933  1.42408e+22
62.48  1.28292e+22
63.0667  1.33068e+22
63.6534  1.33694e+22
64.24  1.19573e+22
64.8267  1.2332e+22
65.4134  1.24015e+22
66  1.11281e+22
66.5867  1.10565e+22
67.1734  1.12309e+22
67.7601  1.04441e+22
68.3467  1.03474e+22
68.9334  1.0243e+22
69.5201  9.53627e+21
70.1067  9.473e+21
70.6934  9.29488e+21
71.2801  8.61947e+21
71.8667  8.76257e+21
72.4534  8.65901e+21
73.0401  8.01648e+21
73.6268  7.72992e+21
74.2134  7.76741e+21
74.8001  7.38466e+21
75.3868  7.03406e+21
75.9734  6.95906e+21
76.5601  6.92497e+21
77.1468  6.35831e+21
77.7334  6.13087e+21
78.3201  6.15037e+21
78.9068  5.73032e+21
79.4934  5.62203e+21
80.0801  5.62375e+21
80.6668  5.19833e+21
81.2535  5.10593e+21
81.8401  5.08204e+21
82.4268  4.53144e+21
83.0135  4.50728e+21
83.6001  4.7156e+21
84.1868  4.05203e+21
84.7735  3.94666e+21
85.3602  4.36647e+21
85.9468  3.68204e+21
86.5335  3.42481e+21
87.1202  3.91393e+21
87.7068  3.4051e+21
88.2935  3.07278e+21
88.8802  3.46922e+21
89.4668  3.0278e+21
90.0535  2.87246e+21
90.6402  3.10154e+21
91.2268  2.69726e+21
91.8135  2.63308e+21
92.4002  2.90522e+21
92.9869  2.42816e+21
93.5735  2.23479e+21
94.1602  2.5963e+21
94.7469  2.19721e+21
95.3335  1.92807e+21
95.9202  2.299e+21
96.5069  2.07974e+21
97.0935  1.77029e+21
97.6802  1.97618e+21
98.2669  1.83879e+21
98.8536  1.61414e+21
99.4402  1.75381e+21
100.027  1.63448e+21
100.614  1.5518e+21
101.2  1.59068e+21
101.787  1.51285e+21
102.374  1.39262e+21
102.96  1.44187e+21
103.547  1.38992e+21
104.134  1.22001e+21
104.72  1.2785e+21
105.307  1.28791e+21
105.894  1.08956e+21
106.48  1.12755e+21
107.067  1.2001e+21
107.654  1.00096e+21
108.24  1.0016e+21
108.827  1.04206e+21
109.414  9.34876e+20
110  8.96151e+20
110.587  9.32248e+20
111.174  9.02652e+20
111.76  8.06344e+20
112.347  9.14174e+20
112.934  8.42638e+20
113.52  7.13621e+20
114.107  8.37401e+20
114.694  7.27692e+20
115.28  6.15536e+20
115.867  7.8357e+20
116.454  6.89941e+20
117.04  6.07062e+20
117.627  7.66992e+20
118.214  6.23883e+20
118.8  5.21579e+20
119.387  6.46648e+20
119.974  5.79769e+20
120.56  4.70686e+20
121.147  6.02284e+20
121.734  6.17557e+20
122.32  4.03032e+20
122.907  5.85451e+20
123.494  5.5081e+20
124.08  3.9533e+20
124.667  5.41537e+20
125.254  4.89761e+20
125.84  3.45247e+20
126.427  4.78082e+20
127.014  4.42981e+20
127.6  3.4041e+20
128.187  5.13716e+20
128.774  4.11757e+20
129.36  3.24599e+20
129.947  4.2739e+20
130.534  3.72252e+20
131.12  2.72485e+20
131.707  4.11199e+20
132.294  4.13672e+20
132.88  2.60542e+20
133.467  3.81448e+20
134.054  3.64815e+20
134.64  2.5373e+20
135.227  3.56907e+20
135.814  3.45298e+20
136.4  2.55473e+20
136.987  3.32629e+20
137.574  3.07501e+20
138.16  1.94266e+20
138.747  3.57431e+20
139.334  2.74592e+20
139.92  1.88668e+20
140.507  3.49214e+20
141.094  2.82865e+20
141.68  1.60137e+20
142.267  3.37494e+20
142.854  2.7708e+20
143.44  1.52965e+20
144.027  2.89641e+20
144.614  2.7288e+20
145.2  1.74832e+20
145.787  2.59934e+20
146.374  2.58299e+20
146.96  1.92372e+20
147.547  2.52559e+20
148.134  2.29029e+20
148.721  1.56172e+20
149.307  2.38247e+20
149.894  1.97269e+20
150.481  1.36163e+20
151.067  2.71598e+20
151.654  2.3705e+20
152.241  1.18008e+20
152.827  2.68044e+20
153.414  1.89275e+20
154.001  1.0788e+20
154.587  2.27567e+20
155.174  2.11033e+20
155.761  1.36548e+20
156.347  2.16601e+20
156.934  1.79558e+20
157.521  1.47886e+20
158.107  2.04477e+20
158.694  1.45681e+20
159.281  1.78742e+20
159.867  2.06219e+20
160.454  1.45517e+20
161.041  1.33155e+20
161.627  1.9304e+20
162.214  1.50784e+20
162.801  1.00076e+20
163.387  2.01001e+20
163.974  1.78149e+20
164.561  1.10703e+20
165.147  1.88956e+20
165.734  1.83792e+20
166.321  1.10174e+20
166.907  1.82094e+20
167.494  1.27703e+20
168.081  1.2228e+20
168.667  1.72185e+20
169.254  9.19989e+19
169.841  1.40596e+20
170.427  2.08657e+20
171.014  9.1866e+19
171.601  1.24723e+20
172.187  1.92763e+20
172.774  9.60345e+19
173.361  1.11174e+20
173.947  1.38256e+20
174.534  1.36886e+20
175.121  1.23562e+20
175.707  1.09017e+20
176.294  1.37201e+20
176.881  1.59268e+20
177.467  1.11785e+20
178.054  1.16207e+20
178.641  1.74972e+20
179.227  1.05916e+20
179.814  9.78442e+19
180.401  1.34184e+20
180.987  1.09746e+20
181.574  8.29841e+19
182.161  1.19577e+20
182.747  1.3138e+20
183.334  1.01463e+20
183.921  1.24146e+20
184.507  1.35075e+20
185.094  9.61748e+19
185.681  1.21664e+20
186.267  9.56584e+19
186.854  9.17016e+19
187.441  1.36667e+20
188.027  7.463e+19
188.614  1.05092e+20
189.201  1.51998e+20
189.787  7.15887e+19
190.374  9.20591e+19
190.961  1.54228e+20
191.547  7.88984e+19
192.134  8.52367e+19
192.721  1.62148e+20
193.307  5.35412e+19
193.894  9.59637e+19
194.481  1.15395e+20
195.067  5.65051e+19
195.654  1.24453e+20
196.241  1.2415e+20
196.827  6.00118e+19
197.414  1.40438e+20
198.001  1.11112e+20
198.587  5.3357e+19
199.174  1.21115e+20
199.761  1.15021e+20
200.347  7.22759e+19
200.934  8.08006e+19
201.521  9.68587e+19
202.107  1.06022e+20
202.694  8.17605e+19
203.281  6.69922e+19
203.867  1.59195e+20
204.454  7.52154e+19
205.041  5.07274e+19
205.627  1.3882e+20
206.214  8.63538e+19
206.801  4.49914e+19
207.388  1.11813e+20
207.974  9.05028e+19
208.561  6.55719e+19
209.148  1.01032e+20
209.734  8.36596e+19
210.321  9.34472e+19
210.908  9.76435e+19
211.494  8.20947e+19
212.081  8.59767e+19
212.668  1.11175e+20
213.254  6.8143e+19
213.841  7.45382e+19
214.428  1.13836e+20
215.014  9.51861e+19
215.601  5.72041e+19
216.188  1.11328e+20
216.774  1.00475e+20
217.361  5.23944e+19
217.948  9.276e+19
218.534  9.64661e+19
219.121  7.64202e+19
219.708  7.74054e+19
220.294  8.08597e+19
220.881  8.71193e+19
221.468  8.43026e+19
222.054  4.7892e+19
222.641  9.69422e+19
223.228  1.04689e+20
223.814  5.67242e+19
224.401  8.98489e+19
224.988  1.07922e+20
225.574  6.97222e+19
226.161  7.40166e+19
226.748  8.75087e+19
227.334  8.27304e+19
227.921  9.18055e+19
228.508  6.17038e+19
229.094  9.31573e+19
229.681  1.08266e+20
230.268  6.71549e+19
230.854  6.51963e+19
231.441  1.0803e+20
232.028  7.39303e+19
232.614  6.98313e+19
233.201  9.34869e+19
233.788  8.34741e+19
234.374  6.37118e+19
