#S 1 spectral density
#N 2
#UFWHM 5.8667
#L  abscissas [um]  spectral density
-234.375  7.92924e+20
-233.788  6.91788e+20
-233.202  3.76725e+20
-232.615  5.38509e+20
-232.028  8.38746e+20
-231.442  8.33195e+20
-230.855  6.7406e+20
-230.268  3.97887e+20
-229.682  5.23675e+20
-229.095  6.75676e+20
-228.508  8.82588e+20
-227.922  7.02665e+20
-227.335  3.99759e+20
-226.748  4.24762e+20
-226.162  6.5927e+20
-225.575  8.63671e+20
-224.988  7.43798e+20
-224.402  3.90972e+20
-223.815  3.95069e+20
-223.228  5.66954e+20
-222.642  8.08981e+20
-222.055  7.9035e+20
-221.468  4.9736e+20
-220.882  3.26646e+20
-220.295  4.73803e+20
-219.708  8.15605e+20
-219.122  7.72834e+20
-218.535  5.25205e+20
-217.948  3.61905e+20
-217.362  3.97439e+20
-216.775  6.41447e+20
-216.188  8.88871e+20
-215.602  6.69278e+20
-215.015  3.49251e+20
-214.428  3.38393e+20
-213.842  6.28083e+20
-213.255  7.68298e+20
-212.668  7.12158e+20
-212.082  4.62471e+20
-211.495  3.42306e+20
-210.908  4.58687e+20
-210.322  8.29983e+20
-209.735  8.39017e+20
-209.148  4.98553e+20
-208.562  3.5932e+20
-207.975  4.58033e+20
-207.388  7.01347e+20
-206.802  8.10229e+20
-206.215  6.4527e+20
-205.628  4.11012e+20
-205.041  4.09867e+20
-204.455  6.86315e+20
-203.868  9.0022e+20
-203.281  6.5887e+20
-202.695  4.54005e+20
-202.108  4.90657e+20
-201.521  6.60148e+20
-200.935  7.72354e+20
-200.348  8.18031e+20
-199.761  5.3326e+20
-199.175  4.60746e+20
-198.588  6.94877e+20
-198.001  8.38555e+20
-197.415  7.39669e+20
-196.828  6.52572e+20
-196.241  6.1766e+20
-195.655  6.66931e+20
-195.068  8.93174e+20
-194.481  8.52625e+20
-193.895  6.20199e+20
-193.308  6.60142e+20
-192.721  7.4771e+20
-192.135  8.89919e+20
-191.548  9.74457e+20
-190.961  7.11436e+20
-190.375  7.23321e+20
-189.788  7.68641e+20
-189.201  1.07762e+21
-188.615  9.59127e+20
-188.028  7.87698e+20
-187.441  8.09559e+20
-186.855  7.68289e+20
-186.268  1.06381e+21
-185.681  1.13906e+21
-185.095  7.7401e+20
-184.508  8.303e+20
-183.921  7.81037e+20
-183.335  1.03929e+21
-182.748  1.10997e+21
-182.161  8.89153e+20
-181.575  8.98472e+20
-180.988  7.16496e+20
-180.401  1.0205e+21
-179.815  1.08985e+21
-179.228  7.90923e+20
-178.641  8.60428e+20
-178.055  7.63086e+20
-177.468  1.00117e+21
-176.881  9.79391e+20
-176.295  7.50949e+20
-175.708  8.06521e+20
-175.121  7.08074e+20
-174.535  1.04589e+21
-173.948  9.79672e+20
-173.361  6.45453e+20
-172.775  7.33339e+20
-172.188  7.11299e+20
-171.601  9.73781e+20
-171.015  9.36274e+20
-170.428  5.98064e+20
-169.841  6.31193e+20
-169.255  5.97335e+20
-168.668  9.59888e+20
-168.081  1.02053e+21
-167.495  5.94351e+20
-166.908  5.44989e+20
-166.321  4.51422e+20
-165.735  8.66678e+20
-165.148  1.0643e+21
-164.561  7.24854e+20
-163.975  5.09811e+20
-163.388  4.3204e+20
-162.801  7.10662e+20
-162.215  1.11104e+21
-161.628  8.96353e+20
-161.041  5.83938e+20
-160.455  3.97093e+20
-159.868  7.1715e+20
-159.281  1.07009e+21
-158.695  9.63884e+20
-158.108  7.33497e+20
-157.521  4.74963e+20
-156.935  6.73509e+20
-156.348  1.17575e+21
-155.761  1.12992e+21
-155.175  8.3327e+20
-154.588  6.06963e+20
-154.001  7.90425e+20
-153.415  1.14838e+21
-152.828  1.17293e+21
-152.241  9.34086e+20
-151.655  6.75288e+20
-151.068  8.8529e+20
-150.481  1.23336e+21
-149.895  1.21957e+21
-149.308  9.69198e+20
-148.721  7.83415e+20
-148.135  1.01601e+21
-147.548  1.38627e+21
-146.961  1.36851e+21
-146.375  9.93258e+20
-145.788  8.69622e+20
-145.201  1.09934e+21
-144.614  1.4578e+21
-144.028  1.62556e+21
-143.441  1.17582e+21
-142.854  8.42252e+20
-142.268  1.23564e+21
-141.681  1.53708e+21
-141.094  1.80462e+21
-140.508  1.33502e+21
-139.921  1.1162e+21
-139.334  1.21413e+21
-138.748  1.53007e+21
-138.161  1.89799e+21
-137.574  1.52821e+21
-136.988  1.24997e+21
-136.401  1.6188e+21
-135.814  1.54052e+21
-135.228  1.90092e+21
-134.641  1.59954e+21
-134.054  1.46827e+21
-133.468  1.78121e+21
-132.881  1.81611e+21
-132.294  1.88651e+21
-131.708  1.52469e+21
-131.121  1.3698e+21
-130.534  1.97815e+21
-129.948  2.10216e+21
-129.361  2.15551e+21
-128.774  1.45729e+21
-128.188  1.32463e+21
-127.601  1.85008e+21
-127.014  2.34239e+21
-126.428  2.40654e+21
-125.841  1.61768e+21
-125.254  1.2303e+21
-124.668  1.70171e+21
-124.081  2.31047e+21
-123.494  2.57771e+21
-122.908  1.84048e+21
-122.321  1.40119e+21
-121.734  1.64802e+21
-121.148  2.10481e+21
-120.561  2.50628e+21
-119.974  1.97136e+21
-119.388  1.52112e+21
-118.801  1.67267e+21
-118.214  2.1467e+21
-117.628  2.14876e+21
-117.041  1.83371e+21
-116.454  1.75218e+21
-115.868  1.83313e+21
-115.281  2.33071e+21
-114.694  2.03638e+21
-114.108  1.59633e+21
-113.521  1.5749e+21
-112.934  2.04047e+21
-112.348  2.49914e+21
-111.761  2.06828e+21
-111.174  1.45724e+21
-110.588  1.45861e+21
-110.001  1.84687e+21
-109.414  2.76438e+21
-108.828  2.13045e+21
-108.241  1.54826e+21
-107.654  1.35428e+21
-107.068  1.55327e+21
-106.481  2.51169e+21
-105.894  2.14316e+21
-105.308  1.43995e+21
-104.721  1.52315e+21
-104.134  1.62552e+21
-103.548  2.08089e+21
-102.961  1.94189e+21
-102.374  1.45802e+21
-101.788  1.45706e+21
-101.201  1.89177e+21
-100.614  1.99393e+21
-100.028  1.43221e+21
-99.4409  1.18736e+21
-98.8542  1.46051e+21
-98.2676  2.03862e+21
-97.6809  2.16046e+21
-97.0942  1.39472e+21
-96.5075  8.71727e+20
-95.9209  1.19331e+21
-95.3342  2.02986e+21
-94.7475  2.33049e+21
-94.1609  1.50636e+21
-93.5742  7.87608e+20
-92.9875  8.90907e+20
-92.4009  1.8052e+21
-91.8142  2.10522e+21
-91.2275  1.77287e+21
-90.6409  1.00874e+21
-90.0542  9.71193e+20
-89.4675  1.52863e+21
-88.8808  1.71251e+21
-88.2942  1.54781e+21
-87.7075  1.23633e+21
-87.1208  1.13764e+21
-86.5342  1.55088e+21
-85.9475  1.23226e+21
-85.3608  1.15491e+21
-84.7741  1.17839e+21
-84.1875  1.35634e+21
-83.6008  1.7812e+21
-83.0141  1.15783e+21
-82.4275  6.24433e+20
-81.8408  7.33339e+20
-81.2541  1.29757e+21
-80.6675  1.89699e+21
-80.0808  1.2397e+21
-79.4941  5.46255e+20
-78.9074  3.99303e+20
-78.3208  1.01388e+21
-77.7341  1.86304e+21
-77.1474  1.46088e+21
-76.5608  5.99372e+20
-75.9741  4.82292e+20
-75.3874  7.62191e+20
-74.8008  1.46219e+21
-74.2141  1.35025e+21
-73.6274  7.55601e+20
-73.0408  7.02653e+20
-72.4541  1.01094e+21
-71.8674  1.1225e+21
-71.2807  1.25994e+21
-70.6941  6.16839e+20
-70.1074  8.39691e+20
-69.5207  1.33039e+21
-68.9341  1.05439e+21
-68.3474  8.29468e+20
-67.7607  4.43088e+20
-67.174  6.76004e+20
-66.5874  1.67642e+21
-66.0007  1.25249e+21
-65.414  8.45429e+20
-64.8274  3.07191e+20
-64.2407  4.48395e+20
-63.654  1.49586e+21
-63.0674  1.41204e+21
-62.4807  7.23417e+20
-61.894  4.49227e+20
-61.3073  3.58643e+20
-60.7207  1.23025e+21
-60.134  1.47235e+21
-59.5473  7.93004e+20
-58.9607  5.15787e+20
-58.374  6.55442e+20
-57.7873  9.3642e+20
-57.2007  1.21444e+21
-56.614  5.56017e+20
-56.0273  4.61948e+20
-55.4407  9.53768e+20
-54.854  1.02283e+21
-54.2673  1.01177e+21
-53.6806  4.39873e+20
-53.094  2.78282e+20
-52.5073  1.08808e+21
-51.9206  1.17231e+21
-51.334  9.17486e+20
-50.7473  3.04389e+20
-50.1606  1.13746e+20
-49.5739  8.97056e+20
-48.9873  1.28419e+21
-48.4006  9.17536e+20
-47.8139  3.31914e+20
-47.2273  1.88726e+20
-46.6406  7.96373e+20
-46.0539  1.1596e+21
-45.4673  8.278e+20
-44.8806  3.0466e+20
-44.2939  4.20558e+20
-43.7072  7.10174e+20
-43.1206  9.19848e+20
-42.5339  6.12337e+20
-41.9472  2.32009e+20
-41.3606  6.36538e+20
-40.7739  1.11966e+21
-40.1872  8.51172e+20
-39.6006  3.96037e+20
-39.0139  1.12298e+20
-38.4272  6.44515e+20
-37.8406  1.22808e+21
-37.2539  9.20234e+20
-36.6672  2.15981e+20
-36.0805  8.91861e+19
-35.4939  6.08549e+20
-34.9072  1.51034e+21
-34.3205  1.19381e+21
-33.7339  1.74363e+20
-33.1472  1.90522e+20
-32.5605  5.97392e+20
-31.9738  1.19091e+21
-31.3872  1.15676e+21
-30.8005  1.79629e+20
-30.2138  4.56431e+20
-29.6272  9.52856e+20
-29.0405  1.19704e+21
-28.4538  1.18304e+21
-27.8672  2.01755e+20
-27.2805  5.68645e+20
-26.6938  1.38706e+21
-26.1072  1.06205e+21
-25.5205  8.59256e+20
-24.9338  2.95018e+20
-24.3471  7.21441e+20
-23.7605  2.05097e+21
-23.1738  1.58997e+21
-22.5871  7.18266e+20
-22.0005  4.30851e+20
-21.4138  7.65838e+20
-20.8271  2.41508e+21
-20.2404  2.05526e+21
-19.6538  6.16102e+20
-19.0671  9.09212e+20
-18.4804  1.26952e+21
-17.8938  2.6554e+21
-17.3071  2.82303e+21
-16.7204  7.5415e+20
-16.1338  1.37966e+21
-15.5471  2.22897e+21
-14.9604  3.27899e+21
-14.3737  3.76994e+21
-13.7871  1.4538e+21
-13.2004  2.30387e+21
-12.6137  4.21445e+21
-12.0271  4.26222e+21
-11.4404  4.7737e+21
-10.8537  3.03311e+21
-10.2671  4.4672e+21
-9.68039  8.86437e+21
-9.09372  9.06882e+21
-8.50705  9.31044e+21
-7.92038  9.42602e+21
-7.33371  1.24227e+22
-6.74704  2.35695e+22
-6.16037  3.15757e+22
-5.5737  4.06209e+22
-4.98703  6.10086e+22
-4.40036  8.77486e+22
-3.81369  1.31279e+23
-3.22702  1.78378e+23
-2.64035  2.07461e+23
-2.05368  2.42789e+23
-1.46701  2.79537e+23
-0.88034  3.06741e+23
-0.29367  3.4012e+23
0.293  3.3928e+23
0.87967  3.03272e+23
1.46634  2.7346e+23
2.05301  2.35342e+23
2.63968  1.98828e+23
3.22635  1.69895e+23
3.81302  1.24349e+23
4.39969  8.20963e+22
4.98636  5.66335e+22
5.57303  3.75547e+22
6.1597  2.94005e+22
6.74637  2.2259e+22
7.33304  1.17367e+22
7.91971  8.98379e+21
8.50638  9.00183e+21
9.09305  8.76875e+21
9.67972  8.59761e+21
10.2664  4.32038e+21
10.8531  2.90719e+21
11.4397  4.69361e+21
12.0264  4.21233e+21
12.6131  4.16976e+21
13.1997  2.29286e+21
13.7864  1.40967e+21
14.3731  3.69432e+21
14.9597  3.21983e+21
15.5464  2.16769e+21
16.1331  1.35106e+21
16.7198  7.39574e+20
17.3064  2.80734e+21
17.8931  2.66849e+21
18.4798  1.2666e+21
19.0664  8.98418e+20
19.6531  6.00041e+20
20.2398  2.01209e+21
20.8265  2.38686e+21
21.4131  7.57274e+20
21.9998  4.22851e+20
22.5865  7.1901e+20
23.1731  1.58017e+21
23.7598  2.05388e+21
24.3465  7.29126e+20
24.9331  2.86217e+20
25.5198  8.49798e+20
26.1065  1.04621e+21
26.6931  1.37015e+21
27.2798  5.67974e+20
27.8665  1.96094e+20
28.4532  1.18189e+21
29.0398  1.19959e+21
29.6265  9.4757e+20
30.2132  4.59154e+20
30.7998  1.74259e+20
31.3865  1.1501e+21
31.9732  1.19037e+21
32.5599  5.95168e+20
33.1465  1.89319e+20
33.7332  1.69667e+20
34.3199  1.17945e+21
34.9065  1.51228e+21
35.4932  6.11803e+20
36.0799  8.87573e+19
36.6665  2.14283e+20
37.2532  9.1562e+20
37.8399  1.22727e+21
38.4265  6.48761e+20
39.0132  1.12078e+20
39.5999  3.9146e+20
40.1866  8.38688e+20
40.7732  1.11129e+21
41.3599  6.37541e+20
41.9466  2.31538e+20
42.5332  6.14564e+20
43.1199  9.23823e+20
43.7066  7.1242e+20
44.2933  4.20948e+20
44.8799  3.01695e+20
45.4666  8.18816e+20
46.0533  1.15293e+21
46.6399  7.93345e+20
47.2266  1.8846e+20
47.8133  3.27068e+20
48.3999  9.17063e+20
48.9866  1.28707e+21
49.5733  9.04745e+20
50.1599  1.16399e+20
50.7466  3.00808e+20
51.3333  9.04944e+20
51.92  1.16216e+21
52.5066  1.08639e+21
53.0933  2.80705e+20
53.68  4.37962e+20
54.2666  1.0112e+21
54.8533  1.02518e+21
55.44  9.54385e+20
56.0266  4.65834e+20
56.6133  5.55764e+20
57.2  1.20764e+21
57.7867  9.28307e+20
58.3733  6.51496e+20
58.96  5.13038e+20
59.5467  7.89108e+20
60.1333  1.47327e+21
60.72  1.24185e+21
61.3067  3.60769e+20
61.8933  4.50158e+20
62.48  7.22497e+20
63.0667  1.40361e+21
63.6534  1.49392e+21
64.24  4.5122e+20
64.8267  3.05514e+20
65.4134  8.437e+20
66  1.24988e+21
66.5867  1.68311e+21
67.1734  6.85235e+20
67.7601  4.47707e+20
68.3467  8.34574e+20
68.9334  1.04911e+21
69.5201  1.32586e+21
70.1067  8.41693e+20
70.6934  6.16172e+20
71.2801  1.26039e+21
71.8667  1.13161e+21
72.4534  1.00973e+21
73.0401  7.06547e+20
73.6268  7.55751e+20
74.2134  1.35562e+21
74.8001  1.46571e+21
75.3868  7.6468e+20
75.9734  4.81251e+20
76.5601  5.94941e+20
77.1468  1.45071e+21
77.7334  1.87128e+21
78.3201  1.0224e+21
78.9068  4.00869e+20
79.4934  5.45369e+20
80.0801  1.23772e+21
80.6668  1.8981e+21
81.2535  1.30222e+21
81.8401  7.39305e+20
82.4268  6.23128e+20
83.0135  1.14774e+21
83.6001  1.77482e+21
84.1868  1.36127e+21
84.7735  1.17549e+21
85.3602  1.16291e+21
85.9468  1.23568e+21
86.5335  1.5514e+21
87.1202  1.13656e+21
87.7068  1.23855e+21
88.2935  1.54191e+21
88.8802  1.71285e+21
89.4668  1.52623e+21
90.0535  9.71105e+20
90.6402  1.00063e+21
91.2268  1.77268e+21
91.8135  2.11183e+21
92.4002  1.81365e+21
92.9869  8.94979e+20
93.5735  7.88022e+20
94.1602  1.49688e+21
94.7469  2.32044e+21
95.3335  2.03404e+21
95.9202  1.19705e+21
96.5069  8.69477e+20
97.0935  1.39094e+21
97.6802  2.16228e+21
98.2669  2.03472e+21
98.8536  1.46574e+21
99.4402  1.19031e+21
100.027  1.42836e+21
100.614  1.98485e+21
101.2  1.89208e+21
101.787  1.45261e+21
102.374  1.45202e+21
102.96  1.93782e+21
103.547  2.08463e+21
104.134  1.62051e+21
104.72  1.52191e+21
105.307  1.43936e+21
105.894  2.13704e+21
106.48  2.50896e+21
107.067  1.55655e+21
107.654  1.35038e+21
108.24  1.53814e+21
108.827  2.12093e+21
109.414  2.761e+21
110  1.84863e+21
110.587  1.45904e+21
111.174  1.45819e+21
111.76  2.05681e+21
112.347  2.49343e+21
112.934  2.03824e+21
113.52  1.57259e+21
114.107  1.58791e+21
114.694  2.03116e+21
115.28  2.31918e+21
115.867  1.82706e+21
116.454  1.74365e+21
117.04  1.8321e+21
117.627  2.14238e+21
118.214  2.14161e+21
118.8  1.66954e+21
119.387  1.51432e+21
119.974  1.95439e+21
120.56  2.49741e+21
121.147  2.10053e+21
121.734  1.63989e+21
122.32  1.39256e+21
122.907  1.83046e+21
123.494  2.56995e+21
124.08  2.30453e+21
124.667  1.70609e+21
125.254  1.2237e+21
125.84  1.60389e+21
126.427  2.38876e+21
127.014  2.33749e+21
127.6  1.83995e+21
128.187  1.3227e+21
128.774  1.44349e+21
129.36  2.14734e+21
129.947  2.08718e+21
130.534  1.9762e+21
131.12  1.36389e+21
131.707  1.51565e+21
132.294  1.86954e+21
132.88  1.80932e+21
133.467  1.76616e+21
134.054  1.45689e+21
134.64  1.587e+21
135.227  1.89341e+21
135.814  1.5278e+21
136.4  1.61292e+21
136.987  1.24273e+21
137.574  1.51089e+21
138.16  1.88738e+21
138.747  1.5226e+21
139.334  1.20381e+21
139.92  1.10418e+21
140.507  1.32428e+21
141.094  1.7882e+21
141.68  1.5277e+21
142.267  1.22663e+21
142.854  8.36527e+20
143.44  1.16054e+21
144.027  1.61649e+21
144.614  1.45156e+21
145.2  1.09193e+21
145.787  8.58951e+20
146.374  9.84302e+20
146.96  1.35604e+21
147.547  1.37521e+21
148.134  1.01028e+21
148.721  7.77862e+20
149.307  9.5792e+20
149.894  1.20971e+21
150.481  1.22983e+21
151.067  8.7756e+20
151.654  6.67618e+20
152.241  9.2529e+20
152.827  1.16468e+21
153.414  1.13718e+21
154.001  7.86768e+20
154.587  5.9809e+20
155.174  8.24191e+20
155.761  1.11888e+21
156.347  1.17426e+21
156.934  6.70303e+20
157.521  4.70256e+20
158.107  7.22833e+20
158.694  9.56476e+20
159.281  1.06174e+21
159.867  7.15963e+20
160.454  3.93403e+20
161.041  5.76331e+20
161.627  8.82853e+20
162.214  1.106e+21
162.801  7.11709e+20
163.387  4.3019e+20
163.974  5.05616e+20
164.561  7.17295e+20
165.147  1.05843e+21
165.734  8.64961e+20
166.321  4.51046e+20
166.907  5.41037e+20
167.494  5.86987e+20
168.081  1.01116e+21
168.667  9.63799e+20
169.254  5.9609e+20
169.841  6.30024e+20
170.427  5.9398e+20
171.014  9.32268e+20
171.601  9.71234e+20
172.187  7.12106e+20
172.774  7.32495e+20
173.361  6.39644e+20
173.947  9.73157e+20
174.534  1.0445e+21
175.121  7.06242e+20
175.707  8.04445e+20
176.294  7.5072e+20
176.881  9.73669e+20
177.467  1.00096e+21
178.054  7.59972e+20
178.641  8.60823e+20
179.227  7.84822e+20
179.814  1.08566e+21
180.401  1.01548e+21
180.987  7.1495e+20
181.574  8.92449e+20
182.161  8.88729e+20
182.747  1.10246e+21
183.334  1.03918e+21
183.921  7.75323e+20
184.507  8.29574e+20
185.094  7.6692e+20
185.681  1.13339e+21
186.267  1.06061e+21
186.854  7.65508e+20
187.441  8.02883e+20
188.027  7.82866e+20
188.614  9.51577e+20
189.201  1.07341e+21
189.787  7.64579e+20
190.374  7.19264e+20
190.961  7.07099e+20
191.547  9.66181e+20
192.134  8.87148e+20
192.721  7.43971e+20
193.307  6.55889e+20
193.894  6.13352e+20
194.481  8.48942e+20
195.067  8.87121e+20
195.654  6.62673e+20
196.241  6.12472e+20
196.827  6.50301e+20
197.414  7.31214e+20
198.001  8.37286e+20
198.587  6.9364e+20
199.174  4.5839e+20
199.761  5.26878e+20
200.347  8.14918e+20
200.934  7.69593e+20
201.521  6.56284e+20
202.107  4.88708e+20
202.694  4.51369e+20
203.281  6.52753e+20
203.867  8.96741e+20
204.454  6.89369e+20
205.041  4.08873e+20
205.627  4.0879e+20
206.214  6.39938e+20
206.801  8.09472e+20
207.388  6.98188e+20
207.974  4.59719e+20
208.561  3.57169e+20
209.148  4.95349e+20
209.734  8.33426e+20
210.321  8.32809e+20
210.908  4.59365e+20
211.494  3.42968e+20
212.081  4.57291e+20
212.668  7.10207e+20
213.254  7.6705e+20
213.841  6.29728e+20
214.428  3.39158e+20
215.014  3.47311e+20
215.601  6.63514e+20
216.188  8.85922e+20
216.774  6.45057e+20
217.361  3.98282e+20
217.948  3.59777e+20
218.534  5.20963e+20
219.121  7.73656e+20
219.708  8.15583e+20
220.294  4.76141e+20
220.881  3.25607e+20
221.468  4.94502e+20
222.054  7.8398e+20
222.641  8.11034e+20
223.228  5.6961e+20
223.814  3.95146e+20
224.401  3.8652e+20
224.988  7.43773e+20
225.574  8.63793e+20
226.161  6.60235e+20
226.748  4.27205e+20
227.334  3.98102e+20
227.921  6.97875e+20
228.508  8.8075e+20
229.094  6.80464e+20
229.681  5.23995e+20
230.268  3.9659e+20
230.854  6.71124e+20
231.441  8.35439e+20
232.028  8.3714e+20
232.614  5.43173e+20
233.201  3.75968e+20
233.788  6.89692e+20
234.374  7.88026e+20
