#S 1 spectral density
#N 2
#UFWHM 6.45337
#L  abscissas [um]  spectral density
-234.375  4.78984e+20
-233.788  4.2399e+20
-233.202  2.41381e+20
-232.615  2.93019e+20
-232.028  5.61931e+20
-231.442  5.58564e+20
-230.855  3.70027e+20
-230.268  2.66355e+20
-229.682  3.35481e+20
-229.095  4.11608e+20
-228.508  5.52315e+20
-227.922  4.5707e+20
-227.335  3.08136e+20
-226.748  2.80907e+20
-226.162  4.65535e+20
-225.575  6.19506e+20
-224.988  4.47001e+20
-224.402  2.96458e+20
-223.815  3.114e+20
-223.228  4.1282e+20
-222.642  5.64293e+20
-222.055  5.49488e+20
-221.468  4.22751e+20
-220.882  2.5011e+20
-220.295  3.97984e+20
-219.708  6.49287e+20
-219.122  4.92313e+20
-218.535  4.21961e+20
-217.948  3.09876e+20
-217.362  3.31834e+20
-216.775  5.0725e+20
-216.188  6.30768e+20
-215.602  5.14551e+20
-215.015  2.53541e+20
-214.428  3.13387e+20
-213.842  5.21824e+20
-213.255  4.77754e+20
-212.668  5.40337e+20
-212.082  3.50766e+20
-211.495  2.7067e+20
-210.908  3.77233e+20
-210.322  5.29978e+20
-209.735  5.31121e+20
-209.148  3.14483e+20
-208.562  3.04304e+20
-207.975  3.48944e+20
-207.388  4.11372e+20
-206.802  5.45175e+20
-206.215  3.75301e+20
-205.628  2.62584e+20
-205.041  3.10723e+20
-204.455  3.81582e+20
-203.868  5.03806e+20
-203.281  3.7636e+20
-202.695  2.95351e+20
-202.108  3.53831e+20
-201.521  3.8179e+20
-200.935  4.73408e+20
-200.348  4.2676e+20
-199.761  2.90856e+20
-199.175  3.51148e+20
-198.588  4.19998e+20
-198.001  4.82865e+20
-197.415  4.30285e+20
-196.828  3.73489e+20
-196.241  4.5227e+20
-195.655  4.35571e+20
-195.068  5.58425e+20
-194.481  4.38843e+20
-193.895  3.51553e+20
-193.308  5.67204e+20
-192.721  5.36913e+20
-192.135  5.75804e+20
-191.548  5.90679e+20
-190.961  3.77841e+20
-190.375  5.5192e+20
-189.788  6.31009e+20
-189.201  7.4774e+20
-188.615  5.70007e+20
-188.028  4.79863e+20
-187.441  6.46919e+20
-186.855  6.12863e+20
-186.268  8.4203e+20
-185.681  7.40015e+20
-185.095  4.14104e+20
-184.508  6.64416e+20
-183.921  6.88589e+20
-183.335  8.21642e+20
-182.748  7.8513e+20
-182.161  5.28031e+20
-181.575  6.01501e+20
-180.988  5.88002e+20
-180.401  8.71509e+20
-179.815  8.00027e+20
-179.228  4.81783e+20
-178.641  6.46211e+20
-178.055  5.93293e+20
-177.468  8.19074e+20
-176.881  7.6495e+20
-176.295  4.40854e+20
-175.708  5.29368e+20
-175.121  6.03224e+20
-174.535  8.42536e+20
-173.948  7.31235e+20
-173.361  3.97337e+20
-172.775  4.47148e+20
-172.188  5.37116e+20
-171.601  8.42901e+20
-171.015  7.2601e+20
-170.428  3.91557e+20
-169.841  4.05217e+20
-169.255  4.69946e+20
-168.668  7.58979e+20
-168.081  7.91376e+20
-167.495  4.0664e+20
-166.908  2.92011e+20
-166.321  3.54135e+20
-165.735  7.24593e+20
-165.148  7.71485e+20
-164.561  4.86496e+20
-163.975  2.81204e+20
-163.388  2.89089e+20
-162.801  5.84484e+20
-162.215  8.66251e+20
-161.628  6.30512e+20
-161.041  3.07405e+20
-160.455  2.83175e+20
-159.868  5.00687e+20
-159.281  7.70317e+20
-158.695  7.11495e+20
-158.108  3.99651e+20
-157.521  2.96162e+20
-156.935  4.68796e+20
-156.348  7.51152e+20
-155.761  7.46366e+20
-155.175  4.96268e+20
-154.588  3.76432e+20
-154.001  5.31395e+20
-153.415  7.61183e+20
-152.828  7.70966e+20
-152.241  5.22185e+20
-151.655  4.58268e+20
-151.068  5.97801e+20
-150.481  7.82573e+20
-149.895  8.26278e+20
-149.308  5.53209e+20
-148.721  4.64945e+20
-148.135  7.32637e+20
-147.548  8.36829e+20
-146.961  8.36634e+20
-146.375  5.64312e+20
-145.788  5.4899e+20
-145.201  8.10582e+20
-144.614  9.80673e+20
-144.028  9.83847e+20
-143.441  6.34407e+20
-142.854  5.51793e+20
-142.268  1.01035e+21
-141.681  1.11775e+21
-141.094  1.22411e+21
-140.508  7.43632e+20
-139.921  6.55442e+20
-139.334  9.69798e+20
-138.748  1.217e+21
-138.161  1.35507e+21
-137.574  9.38689e+20
-136.988  7.35452e+20
-136.401  1.17569e+21
-135.814  1.19377e+21
-135.228  1.40785e+21
-134.641  1.06421e+21
-134.054  9.80611e+20
-133.468  1.28398e+21
-132.881  1.34546e+21
-132.294  1.39971e+21
-131.708  1.08935e+21
-131.121  9.93173e+20
-130.534  1.55463e+21
-129.948  1.56687e+21
-129.361  1.55194e+21
-128.774  1.05087e+21
-128.188  9.63107e+20
-127.601  1.51298e+21
-127.014  1.8771e+21
-126.428  1.68628e+21
-125.841  1.12246e+21
-125.254  8.86209e+20
-124.668  1.34817e+21
-124.081  1.97305e+21
-123.494  1.95815e+21
-122.908  1.26187e+21
-122.321  1.04461e+21
-121.734  1.25062e+21
-121.148  1.80253e+21
-120.561  2.03898e+21
-119.974  1.54123e+21
-119.388  1.18723e+21
-118.801  1.33461e+21
-118.214  1.74572e+21
-117.628  1.78947e+21
-117.041  1.53562e+21
-116.454  1.55647e+21
-115.868  1.46662e+21
-115.281  1.95356e+21
-114.694  1.55722e+21
-114.108  1.2812e+21
-113.521  1.50846e+21
-112.934  1.80272e+21
-112.348  2.03573e+21
-111.761  1.61004e+21
-111.174  1.02827e+21
-110.588  1.31368e+21
-110.001  1.79849e+21
-109.414  2.36758e+21
-108.828  1.63937e+21
-108.241  1.11481e+21
-107.654  1.06058e+21
-107.068  1.53307e+21
-106.481  2.39061e+21
-105.894  1.79142e+21
-105.308  1.09641e+21
-104.721  1.21483e+21
-104.134  1.41002e+21
-103.548  2.04568e+21
-102.961  1.84312e+21
-102.374  1.24596e+21
-101.788  1.2399e+21
-101.201  1.63101e+21
-100.614  1.71504e+21
-100.028  1.44922e+21
-99.4409  1.17653e+21
-98.8542  1.37507e+21
-98.2676  1.84974e+21
-97.6809  1.73913e+21
-97.0942  1.19979e+21
-96.5075  9.40054e+20
-95.9209  1.19283e+21
-95.3342  1.98947e+21
-94.7475  1.89372e+21
-94.1609  1.12812e+21
-93.5742  7.31088e+20
-92.9875  9.45035e+20
-92.4009  1.87157e+21
-91.8142  1.9284e+21
-91.2275  1.29725e+21
-90.6409  8.0211e+20
-90.0542  9.0801e+20
-89.4675  1.6387e+21
-88.8808  1.70897e+21
-88.2942  1.33685e+21
-87.7075  9.93328e+20
-87.1208  1.04369e+21
-86.5342  1.49769e+21
-85.9475  1.33288e+21
-85.3608  1.11653e+21
-84.7741  1.13708e+21
-84.1875  1.28351e+21
-83.6008  1.67303e+21
-83.0141  1.15953e+21
-82.4275  6.84515e+20
-81.8408  8.48434e+20
-81.2541  1.37689e+21
-80.6675  1.75387e+21
-80.0808  1.18629e+21
-79.4941  5.25999e+20
-78.9074  4.787e+20
-78.3208  1.22646e+21
-77.7341  1.79747e+21
-77.1474  1.31038e+21
-76.5608  5.59807e+20
-75.9741  4.02997e+20
-75.3874  8.81197e+20
-74.8008  1.4851e+21
-74.2141  1.25539e+21
-73.6274  7.24447e+20
-73.0408  5.85177e+20
-72.4541  9.24738e+20
-71.8674  1.0732e+21
-71.2807  1.10434e+21
-70.6941  6.42977e+20
-70.1074  8.42063e+20
-69.5207  1.20042e+21
-68.9341  8.72559e+20
-68.3474  6.61017e+20
-67.7607  4.65561e+20
-67.174  8.24832e+20
-66.5874  1.63783e+21
-66.0007  1.01528e+21
-65.414  5.35793e+20
-64.8274  2.35018e+20
-64.2407  6.46535e+20
-63.654  1.71276e+21
-63.0674  1.29971e+21
-62.4807  4.59044e+20
-61.894  3.0425e+20
-61.3073  4.25407e+20
-60.7207  1.48878e+21
-60.134  1.57681e+21
-59.5473  6.06081e+20
-58.9607  4.50721e+20
-58.374  6.29213e+20
-57.7873  1.10034e+21
-57.2007  1.47881e+21
-56.614  5.65069e+20
-56.0273  5.23822e+20
-55.4407  1.00774e+21
-54.854  9.73015e+20
-54.2673  1.20416e+21
-53.6806  5.61264e+20
-53.094  4.38743e+20
-52.5073  1.36104e+21
-51.9206  1.09752e+21
-51.334  9.69684e+20
-50.7473  4.28381e+20
-50.1606  2.35801e+20
-49.5739  1.31155e+21
-48.9873  1.39951e+21
-48.4006  8.17682e+20
-47.8139  4.25866e+20
-47.2273  1.97415e+20
-46.6406  1.18423e+21
-46.0539  1.51963e+21
-45.4673  7.6052e+20
-44.8806  3.91482e+20
-44.2939  3.96022e+20
-43.7072  8.61738e+20
-43.1206  1.40738e+21
-42.5339  6.92389e+20
-41.9472  3.38827e+20
-41.3606  7.08613e+20
-40.7739  1.02779e+21
-40.1872  1.25632e+21
-39.6006  6.02412e+20
-39.0139  2.01485e+20
-38.4272  8.95659e+20
-37.8406  1.09724e+21
-37.2539  1.08981e+21
-36.6672  4.61524e+20
-36.0805  1.11843e+20
-35.4939  9.74831e+20
-34.9072  1.49112e+21
-34.3205  1.13194e+21
-33.7339  3.93189e+20
-33.1472  1.27563e+20
-32.5605  9.11053e+20
-31.9738  1.39842e+21
-31.3872  1.04168e+21
-30.8005  3.67751e+20
-30.2138  3.78478e+20
-29.6272  1.03969e+21
-29.0405  1.58509e+21
-28.4538  1.09437e+21
-27.8672  3.18746e+20
-27.2805  5.92175e+20
-26.6938  1.29823e+21
-26.1072  1.46827e+21
-25.5205  8.8141e+20
-24.9338  3.48785e+20
-24.3471  9.26094e+20
-23.7605  1.78628e+21
-23.1738  1.83884e+21
-22.5871  8.75987e+20
-22.0005  3.58033e+20
-21.4138  1.09515e+21
-20.8271  2.23807e+21
-20.2404  2.0884e+21
-19.6538  8.67468e+20
-19.0671  6.97717e+20
-18.4804  1.64567e+21
-17.8938  2.6776e+21
-17.3071  2.59794e+21
-16.7204  1.12223e+21
-16.1338  1.17773e+21
-15.5471  2.40282e+21
-14.9604  3.59872e+21
-14.3737  3.40148e+21
-13.7871  1.75062e+21
-13.2004  2.23012e+21
-12.6137  4.11984e+21
-12.0271  4.95379e+21
-11.4404  4.45012e+21
-10.8537  3.22829e+21
-10.2671  4.82544e+21
-9.68039  8.37456e+21
-9.09372  9.93142e+21
-8.50705  9.5094e+21
-7.92038  9.59365e+21
-7.33371  1.44883e+22
-6.74704  2.4964e+22
-6.16037  3.51664e+22
-5.5737  4.55566e+22
-4.98703  6.48674e+22
-4.40036  9.54164e+22
-3.81369  1.3825e+23
-3.22702  1.84234e+23
-2.64035  2.17915e+23
-2.05368  2.49096e+23
-1.46701  2.8425e+23
-0.88034  3.1647e+23
-0.29367  3.44213e+23
0.293  3.43187e+23
0.87967  3.12899e+23
1.46634  2.78142e+23
2.05301  2.41257e+23
2.63968  2.08942e+23
3.22635  1.75486e+23
3.81302  1.30842e+23
4.39969  8.93658e+22
4.98636  6.01437e+22
5.57303  4.20639e+22
6.1597  3.26777e+22
6.74637  2.34053e+22
7.33304  1.36221e+22
7.91971  9.07886e+21
8.50638  9.127e+21
9.09305  9.59588e+21
9.67972  8.1026e+21
10.2664  4.65457e+21
10.8531  3.10064e+21
11.4397  4.3536e+21
12.0264  4.87936e+21
12.6131  4.06946e+21
13.1997  2.1981e+21
13.7864  1.70583e+21
14.3731  3.3287e+21
14.9597  3.5246e+21
15.5464  2.34561e+21
16.1331  1.14776e+21
16.7198  1.10216e+21
17.3064  2.57679e+21
17.8931  2.67221e+21
18.4798  1.63821e+21
19.0664  6.86233e+20
19.6531  8.44823e+20
20.2398  2.05013e+21
20.8265  2.20497e+21
21.4131  1.08103e+21
21.9998  3.50882e+20
22.5865  8.66986e+20
23.1731  1.82873e+21
23.7598  1.78137e+21
24.3465  9.23195e+20
24.9331  3.42225e+20
25.5198  8.68325e+20
26.1065  1.44965e+21
26.6931  1.28249e+21
27.2798  5.87288e+20
27.8665  3.13701e+20
28.4532  1.08576e+21
29.0398  1.57569e+21
29.6265  1.03587e+21
30.2132  3.75393e+20
30.7998  3.61859e+20
31.3865  1.03393e+21
31.9732  1.38963e+21
32.5599  9.07776e+20
33.1465  1.26231e+20
33.7332  3.87046e+20
34.3199  1.11862e+21
34.9065  1.48117e+21
35.4932  9.70596e+20
36.0799  1.11886e+20
36.6665  4.59035e+20
37.2532  1.08633e+21
37.8399  1.09215e+21
38.4265  8.95594e+20
39.0132  2.01776e+20
39.5999  5.92812e+20
40.1866  1.24438e+21
40.7732  1.01776e+21
41.3599  7.01678e+20
41.9466  3.38156e+20
42.5332  6.90623e+20
43.1199  1.40841e+21
43.7066  8.63487e+20
44.2933  3.94318e+20
44.8799  3.89761e+20
45.4666  7.50939e+20
46.0533  1.50345e+21
46.6399  1.17996e+21
47.2266  1.95661e+20
47.8133  4.22802e+20
48.3999  8.18365e+20
48.9866  1.3955e+21
49.5733  1.31712e+21
50.1599  2.39428e+20
50.7466  4.26299e+20
51.3333  9.61361e+20
51.92  1.08352e+21
52.5066  1.35033e+21
53.0933  4.402e+20
53.68  5.60341e+20
54.2666  1.20915e+21
54.8533  9.75192e+20
55.44  1.00536e+21
56.0266  5.26797e+20
56.6133  5.63839e+20
57.2  1.47133e+21
57.7867  1.09397e+21
58.3733  6.2312e+20
58.96  4.48166e+20
59.5467  6.02115e+20
60.1333  1.57763e+21
60.72  1.49927e+21
61.3067  4.28229e+20
61.8933  3.05793e+20
62.48  4.58399e+20
63.0667  1.28864e+21
63.6534  1.70719e+21
64.24  6.4951e+20
64.8267  2.35172e+20
65.4134  5.36936e+20
66  1.01059e+21
66.5867  1.64024e+21
67.1734  8.29295e+20
67.7601  4.68802e+20
68.3467  6.65485e+20
68.9334  8.68057e+20
69.5201  1.19298e+21
70.1067  8.41824e+20
70.6934  6.40508e+20
71.2801  1.10204e+21
71.8667  1.0782e+21
72.4534  9.21677e+20
73.0401  5.84632e+20
73.6268  7.20591e+20
74.2134  1.25649e+21
74.8001  1.48409e+21
75.3868  8.83371e+20
75.9734  4.01697e+20
76.5601  5.53655e+20
77.1468  1.29642e+21
77.7334  1.79531e+21
78.3201  1.2276e+21
78.9068  4.80183e+20
79.4934  5.22383e+20
80.0801  1.18332e+21
80.6668  1.74879e+21
81.2535  1.37648e+21
81.8401  8.51671e+20
82.4268  6.82188e+20
83.0135  1.14655e+21
83.6001  1.66275e+21
84.1868  1.28147e+21
84.7735  1.13376e+21
85.3602  1.12028e+21
85.9468  1.33372e+21
86.5335  1.4964e+21
87.1202  1.0387e+21
87.7068  9.93111e+20
88.2935  1.33012e+21
88.8802  1.70307e+21
89.4668  1.63434e+21
90.0535  9.07284e+20
90.6402  7.95693e+20
91.2268  1.29484e+21
91.8135  1.92483e+21
92.4002  1.87284e+21
92.9869  9.4473e+20
93.5735  7.30217e+20
94.1602  1.12049e+21
94.7469  1.88153e+21
95.3335  1.98477e+21
95.9202  1.19323e+21
96.5069  9.33189e+20
97.0935  1.19468e+21
97.6802  1.73376e+21
98.2669  1.83978e+21
98.8536  1.37347e+21
99.4402  1.17585e+21
100.027  1.44267e+21
100.614  1.7039e+21
101.2  1.62599e+21
101.787  1.23297e+21
102.374  1.23556e+21
102.96  1.83341e+21
103.547  2.04538e+21
104.134  1.40281e+21
104.72  1.2131e+21
105.307  1.09312e+21
105.894  1.78066e+21
106.48  2.37917e+21
107.067  1.5323e+21
107.654  1.05684e+21
108.24  1.10721e+21
108.827  1.62639e+21
109.414  2.35947e+21
110  1.79234e+21
110.587  1.3116e+21
111.174  1.02656e+21
111.76  1.59796e+21
112.347  2.02456e+21
112.934  1.79696e+21
113.52  1.50349e+21
114.107  1.27213e+21
114.694  1.54777e+21
115.28  1.93827e+21
115.867  1.45624e+21
116.454  1.54623e+21
117.04  1.53192e+21
117.627  1.77948e+21
118.214  1.73894e+21
118.8  1.32769e+21
119.387  1.18031e+21
119.974  1.52557e+21
120.56  2.02673e+21
121.147  1.79383e+21
121.734  1.24364e+21
122.32  1.03486e+21
122.907  1.25356e+21
123.494  1.94502e+21
124.08  1.9632e+21
124.667  1.34658e+21
125.254  8.80368e+20
125.84  1.11073e+21
126.427  1.67156e+21
127.014  1.8677e+21
127.6  1.50223e+21
128.187  9.57332e+20
128.774  1.03974e+21
129.36  1.54223e+21
129.947  1.55447e+21
130.534  1.5511e+21
131.12  9.874e+20
131.707  1.07976e+21
132.294  1.38419e+21
132.88  1.33788e+21
133.467  1.27379e+21
134.054  9.71757e+20
134.64  1.05217e+21
135.227  1.40049e+21
135.814  1.18065e+21
136.4  1.16971e+21
136.987  7.30307e+20
137.574  9.26098e+20
138.16  1.3429e+21
138.747  1.21043e+21
139.334  9.61894e+20
139.92  6.47877e+20
140.507  7.33849e+20
141.094  1.21066e+21
141.68  1.10697e+21
142.267  1.00388e+21
142.854  5.4913e+20
143.44  6.24801e+20
144.027  9.75207e+20
144.614  9.73529e+20
145.2  8.05108e+20
145.787  5.43267e+20
146.374  5.5929e+20
146.96  8.28244e+20
147.547  8.27401e+20
148.134  7.25766e+20
148.721  4.62608e+20
149.307  5.4565e+20
149.894  8.20106e+20
150.481  7.79021e+20
151.067  5.92187e+20
151.654  4.54115e+20
152.241  5.17303e+20
152.827  7.65495e+20
153.414  7.54497e+20
154.001  5.28161e+20
154.587  3.72138e+20
155.174  4.90337e+20
155.761  7.39118e+20
156.347  7.49671e+20
156.934  4.66475e+20
157.521  2.94647e+20
158.107  3.93614e+20
158.694  7.07613e+20
159.281  7.65068e+20
159.867  4.99659e+20
160.454  2.81369e+20
161.041  3.03405e+20
161.627  6.21438e+20
162.214  8.63584e+20
162.801  5.85029e+20
163.387  2.88766e+20
163.974  2.78232e+20
164.561  4.81526e+20
165.147  7.67389e+20
165.734  7.2337e+20
166.321  3.54599e+20
166.907  2.89827e+20
167.494  4.00518e+20
168.081  7.8325e+20
168.667  7.60224e+20
169.254  4.6995e+20
169.841  4.04625e+20
170.427  3.88045e+20
171.014  7.23057e+20
171.601  8.39569e+20
172.187  5.37808e+20
172.774  4.47736e+20
173.361  3.92988e+20
173.947  7.2438e+20
174.534  8.41031e+20
175.121  6.02372e+20
175.707  5.27853e+20
176.294  4.38999e+20
176.881  7.5969e+20
177.467  8.17209e+20
178.054  5.91274e+20
178.641  6.47994e+20
179.227  4.77319e+20
179.814  7.93823e+20
180.401  8.66008e+20
180.987  5.87206e+20
181.574  5.98514e+20
182.161  5.27315e+20
182.747  7.77742e+20
183.334  8.19402e+20
183.921  6.83071e+20
184.507  6.64559e+20
185.094  4.09711e+20
185.681  7.34128e+20
186.267  8.37212e+20
186.854  6.10582e+20
187.441  6.4363e+20
188.027  4.77616e+20
188.614  5.63043e+20
189.201  7.43244e+20
189.787  6.2554e+20
190.374  5.49286e+20
190.961  3.75604e+20
191.547  5.85179e+20
192.134  5.71798e+20
192.721  5.33027e+20
193.307  5.64641e+20
193.894  3.48172e+20
194.481  4.34576e+20
195.067  5.53582e+20
195.654  4.30955e+20
196.241  4.48636e+20
196.827  3.72939e+20
197.414  4.25026e+20
198.001  4.80669e+20
198.587  4.16997e+20
199.174  3.49522e+20
199.761  2.88838e+20
200.347  4.24416e+20
200.934  4.71895e+20
201.521  3.78501e+20
202.107  3.5175e+20
202.694  2.95217e+20
203.281  3.73294e+20
203.867  5.01509e+20
204.454  3.82052e+20
205.041  3.09918e+20
205.627  2.63325e+20
206.214  3.73754e+20
206.801  5.46209e+20
207.388  4.09121e+20
207.974  3.49375e+20
208.561  3.04184e+20
209.148  3.1331e+20
209.734  5.29628e+20
210.321  5.31636e+20
210.908  3.76666e+20
211.494  2.72092e+20
212.081  3.48457e+20
212.668  5.40473e+20
213.254  4.76958e+20
213.841  5.21966e+20
214.428  3.14257e+20
215.014  2.52766e+20
215.601  5.12783e+20
216.188  6.28985e+20
216.774  5.07576e+20
217.361  3.32281e+20
217.948  3.08124e+20
218.534  4.19695e+20
219.121  4.92406e+20
219.708  6.47601e+20
220.294  3.98874e+20
220.881  2.48763e+20
221.468  4.21817e+20
222.054  5.45413e+20
222.641  5.63255e+20
223.228  4.13296e+20
223.814  3.10422e+20
224.401  2.93536e+20
224.988  4.46876e+20
225.574  6.17494e+20
226.161  4.65172e+20
226.748  2.80336e+20
227.334  3.07139e+20
227.921  4.53732e+20
228.508  5.49961e+20
229.094  4.13555e+20
229.681  3.34689e+20
230.268  2.65256e+20
230.854  3.68912e+20
231.441  5.5896e+20
232.028  5.60795e+20
232.614  2.93822e+20
233.201  2.40846e+20
233.788  4.23074e+20
234.374  4.75595e+20
