#S 1 spectral density
#N 2
#UFWHM 8.80005
#L  abscissas [um]  spectral density
-234.375  2.22308e+19
-233.788  5.93666e+19
-233.202  4.81777e+19
-232.615  2.93564e+19
-232.028  6.37171e+19
-231.442  5.01308e+19
-230.855  2.70173e+19
-230.268  6.63918e+19
-229.682  5.27793e+19
-229.095  4.06892e+19
-228.508  3.51173e+19
-227.922  4.16668e+19
-227.335  5.01001e+19
-226.748  3.59524e+19
-226.162  5.15363e+19
-225.575  6.22761e+19
-224.988  3.11698e+19
-224.402  5.20895e+19
-223.815  5.37617e+19
-223.228  5.00149e+19
-222.642  4.26886e+19
-222.055  4.69613e+19
-221.468  5.43459e+19
-220.882  3.43281e+19
-220.295  1.9537e+19
-219.708  8.64858e+19
-219.122  1.47091e+19
-218.535  2.87863e+19
-217.948  7.19223e+19
-217.362  2.63782e+19
-216.775  3.57896e+19
-216.188  9.05557e+19
-215.602  3.75508e+19
-215.015  4.50431e+19
-214.428  3.01193e+19
-213.842  3.85112e+19
-213.255  2.38969e+19
-212.668  1.99164e+19
-212.082  6.88937e+19
-211.495  4.73594e+19
-210.908  2.55811e+19
-210.322  8.34269e+19
-209.735  3.99694e+19
-209.148  2.6416e+19
-208.562  4.50676e+19
-207.975  4.29755e+19
-207.388  2.05688e+19
-206.802  5.09472e+19
-206.215  4.56495e+19
-205.628  5.89913e+19
-205.041  3.35787e+19
-204.455  2.79797e+19
-203.868  4.25103e+19
-203.281  2.82599e+19
-202.695  2.94077e+19
-202.108  8.26013e+19
-201.521  4.12285e+19
-200.935  4.43952e+19
-200.348  5.15193e+19
-199.761  2.92873e+19
-199.175  2.81117e+19
-198.588  3.95854e+19
-198.001  2.58877e+19
-197.415  4.71633e+19
-196.828  5.88699e+19
-196.241  4.82399e+19
-195.655  4.44658e+19
-195.068  7.23773e+19
-194.481  1.79466e+19
-193.895  3.06523e+19
-193.308  8.16529e+19
-192.721  2.81946e+19
-192.135  3.9659e+19
-191.548  8.13009e+19
-190.961  4.6473e+19
-190.375  4.59291e+19
-189.788  3.84831e+19
-189.201  6.11978e+19
-188.615  3.25059e+19
-188.028  2.11599e+19
-187.441  6.08466e+19
-186.855  4.38133e+19
-186.268  1.98374e+19
-185.681  8.44642e+19
-185.095  5.71937e+19
-184.508  5.92253e+19
-183.921  6.34695e+19
-183.335  1.96295e+19
-182.748  3.46557e+19
-182.161  3.27898e+19
-181.575  2.54494e+19
-180.988  5.85729e+19
-180.401  6.702e+19
-179.815  6.29688e+19
-179.228  3.59405e+19
-178.641  7.62432e+19
-178.055  4.42299e+19
-177.468  1.80786e+19
-176.881  7.0584e+19
-176.295  3.55088e+19
-175.708  2.52096e+19
-175.121  7.20944e+19
-174.535  4.46443e+19
-173.948  6.91396e+19
-173.361  5.52896e+19
-172.775  3.55342e+19
-172.188  4.00947e+19
-171.601  3.84153e+19
-171.015  2.79087e+19
-170.428  4.55703e+19
-169.841  3.90995e+19
-169.255  5.1817e+19
-168.668  5.07532e+19
-168.081  9.36375e+19
-167.495  6.88827e+19
-166.908  6.95742e+19
-166.321  3.2099e+19
-165.735  3.24993e+19
-165.148  4.48043e+19
-164.561  3.10548e+19
-163.975  5.30562e+19
-163.388  8.15571e+19
-162.801  2.04996e+19
-162.215  5.70098e+19
-161.628  5.94334e+19
-161.041  4.36187e+19
-160.455  4.8142e+19
-159.868  7.00894e+19
-159.281  2.4487e+19
-158.695  4.33352e+19
-158.108  4.89134e+19
-157.521  4.43611e+19
-156.935  7.32452e+19
-156.348  7.95999e+19
-155.761  2.98583e+19
-155.175  6.58007e+19
-154.588  5.68375e+19
-154.001  3.04419e+19
-153.415  3.40205e+19
-152.828  6.53815e+19
-152.241  1.94045e+19
-151.655  6.18992e+19
-151.068  8.2749e+19
-150.481  4.72436e+19
-149.895  5.70664e+19
-149.308  6.737e+19
-148.721  1.67866e+19
-148.135  6.55146e+19
-147.548  7.65241e+19
-146.961  3.06617e+19
-146.375  5.70372e+19
-145.788  9.08162e+19
-145.201  1.96018e+19
-144.614  6.12863e+19
-144.028  8.25252e+19
-143.441  3.61795e+19
-142.854  5.80915e+19
-142.268  6.55328e+19
-141.681  1.74249e+19
-141.094  5.1713e+19
-140.508  6.53763e+19
-139.921  4.8956e+19
-139.334  8.54453e+19
-138.748  8.40409e+19
-138.161  2.07963e+19
-137.574  6.44564e+19
-136.988  8.56552e+19
-136.401  3.82812e+19
-135.814  6.51969e+19
-135.228  7.75942e+19
-134.641  1.54078e+19
-134.054  6.45371e+19
-133.468  7.48264e+19
-132.881  4.80866e+19
-132.294  8.82495e+19
-131.708  7.52652e+19
-131.121  2.07386e+19
-130.534  4.91703e+19
-129.948  6.12706e+19
-129.361  3.98361e+19
-128.774  7.75669e+19
-128.188  1.0866e+20
-127.601  1.81694e+19
-127.014  7.04126e+19
-126.428  8.3126e+19
-125.841  5.49015e+19
-125.254  1.02577e+20
-124.668  8.39248e+19
-124.081  2.58686e+19
-123.494  6.10742e+19
-122.908  5.93968e+19
-122.321  6.14751e+19
-121.734  6.76713e+19
-121.148  1.00677e+20
-120.561  2.48735e+19
-119.974  7.12273e+19
-119.388  7.44092e+19
-118.801  5.38428e+19
-118.214  7.94243e+19
-117.628  7.42044e+19
-117.041  4.40503e+19
-116.454  7.71968e+19
-115.868  5.44807e+19
-115.281  9.51602e+19
-114.694  7.78689e+19
-114.108  1.11217e+20
-113.521  7.37228e+19
-112.934  6.55978e+19
-112.348  6.23201e+19
-111.761  1.01001e+20
-111.174  7.1155e+19
-110.588  6.23002e+19
-110.001  7.659e+19
-109.414  4.58758e+19
-108.828  3.23616e+19
-108.241  1.19823e+20
-107.654  4.71681e+19
-107.068  9.16748e+19
-106.481  7.70877e+19
-105.894  4.12258e+19
-105.308  6.18796e+19
-104.721  9.31149e+19
-104.134  5.19725e+19
-103.548  7.97478e+19
-102.961  1.09238e+20
-102.374  7.07136e+19
-101.788  4.81723e+19
-101.201  1.40419e+20
-100.614  5.15327e+19
-100.028  1.18602e+20
-99.4409  1.03197e+20
-98.8542  4.79576e+19
-98.2676  7.14482e+19
-97.6809  8.68293e+19
-97.0942  6.08206e+19
-96.5075  1.24151e+20
-95.9209  7.03408e+19
-95.3342  8.56141e+19
-94.7475  6.35733e+19
-94.1609  9.20258e+19
-93.5742  7.24929e+19
-92.9875  1.17376e+20
-92.4009  3.73253e+19
-91.8142  6.90577e+19
-91.2275  1.03327e+20
-90.6409  5.02829e+19
-90.0542  9.01341e+19
-89.4675  1.54589e+20
-88.8808  2.27508e+19
-88.2942  1.48172e+20
-87.7075  9.80269e+19
-87.1208  5.99142e+19
-86.5342  1.27313e+20
-85.9475  1.38734e+20
-85.3608  5.01611e+19
-84.7741  1.11949e+20
-84.1875  8.55877e+19
-83.6008  8.73356e+19
-83.0141  7.44404e+19
-82.4275  1.63185e+20
-81.8408  8.78802e+19
-81.2541  9.16552e+19
-80.6675  5.59467e+19
-80.0808  1.1989e+20
-79.4941  6.18297e+19
-78.9074  8.59313e+19
-78.3208  1.13044e+20
-77.7341  4.81021e+19
-77.1474  6.30713e+19
-76.5608  1.53585e+20
-75.9741  3.01033e+19
-75.3874  1.43299e+20
-74.8008  1.17678e+20
-74.2141  5.19492e+19
-73.6274  9.81789e+19
-73.0408  1.30927e+20
-72.4541  7.05757e+19
-71.8674  1.22296e+20
-71.2807  1.38862e+20
-70.6941  9.21749e+19
-70.1074  1.03282e+20
-69.5207  1.2535e+20
-68.9341  1.10126e+20
-68.3474  2.07202e+20
-67.7607  5.07224e+19
-67.174  1.29974e+20
-66.5874  1.34525e+20
-66.0007  3.72469e+19
-65.414  1.61438e+20
-64.8274  1.43952e+20
-64.2407  6.24012e+19
-63.654  1.66238e+20
-63.0674  6.78288e+19
-62.4807  1.31236e+20
-61.894  1.20134e+20
-61.3073  1.21494e+20
-60.7207  8.23158e+19
-60.134  6.98064e+19
-59.5473  1.18713e+20
-58.9607  1.61412e+20
-58.374  5.69935e+19
-57.7873  1.37479e+20
-57.2007  1.72367e+20
-56.614  7.03567e+19
-56.0273  9.15734e+19
-55.4407  2.48155e+20
-54.854  7.79809e+19
-54.2673  1.403e+20
-53.6806  1.59263e+20
-53.094  1.15516e+20
-52.5073  1.79211e+20
-51.9206  1.48631e+20
-51.334  1.67589e+20
-50.7473  2.52885e+20
-50.1606  8.23277e+19
-49.5739  2.72632e+20
-48.9873  2.0784e+20
-48.4006  1.07913e+20
-47.8139  2.49792e+20
-47.2273  1.46879e+20
-46.6406  1.51375e+20
-46.0539  2.64811e+20
-45.4673  1.92826e+20
-44.8806  2.3364e+20
-44.2939  1.65696e+20
-43.7072  2.41332e+20
-43.1206  2.43329e+20
-42.5339  1.17843e+20
-41.9472  2.3932e+20
-41.3606  2.50344e+20
-40.7739  1.26315e+20
-40.1872  2.03171e+20
-39.6006  3.21117e+20
-39.0139  2.04854e+20
-38.4272  1.87483e+20
-37.8406  2.89296e+20
-37.2539  2.57808e+20
-36.6672  2.88135e+20
-36.0805  2.24604e+20
-35.4939  2.9852e+20
-34.9072  3.78337e+20
-34.3205  1.60356e+20
-33.7339  3.79193e+20
-33.1472  4.0653e+20
-32.5605  2.43982e+20
-31.9738  5.35103e+20
-31.3872  3.4176e+20
-30.8005  4.39656e+20
-30.2138  5.3032e+20
-29.6272  3.55734e+20
-29.0405  6.58994e+20
-28.4538  4.41839e+20
-27.8672  4.98167e+20
-27.2805  7.74367e+20
-26.6938  4.28039e+20
-26.1072  8.90067e+20
-25.5205  7.6078e+20
-24.9338  6.08376e+20
-24.3471  9.53605e+20
-23.7605  7.24915e+20
-23.1738  1.05691e+21
-22.5871  9.00558e+20
-22.0005  8.59726e+20
-21.4138  1.42089e+21
-20.8271  9.8774e+20
-20.2404  1.31766e+21
-19.6538  1.60787e+21
-19.0671  1.34225e+21
-18.4804  1.62008e+21
-17.8938  1.57653e+21
-17.3071  2.07499e+21
-16.7204  2.18506e+21
-16.1338  1.92672e+21
-15.5471  2.85982e+21
-14.9604  3.0397e+21
-14.3737  3.18939e+21
-13.7871  3.90431e+21
-13.2004  4.51378e+21
-12.6137  5.31394e+21
-12.0271  6.08013e+21
-11.4404  8.0889e+21
-10.8537  1.04623e+22
-10.2671  1.25239e+22
-9.68039  1.61835e+22
-9.09372  2.21572e+22
-8.50705  2.88555e+22
-7.92038  3.6371e+22
-7.33371  4.84921e+22
-6.74704  6.23715e+22
-6.16037  7.75144e+22
-5.5737  9.74242e+22
-4.98703  1.196e+23
-4.40036  1.41883e+23
-3.81369  1.64637e+23
-3.22702  1.88426e+23
-2.64035  2.12763e+23
-2.05368  2.29922e+23
-1.46701  2.46691e+23
-0.88034  2.62273e+23
-0.29367  2.64186e+23
0.293  2.6508e+23
0.87967  2.64898e+23
1.46634  2.50958e+23
2.05301  2.35428e+23
2.63968  2.19126e+23
3.22635  1.95555e+23
3.81302  1.72035e+23
4.39969  1.49094e+23
4.98636  1.26596e+23
5.57303  1.03787e+23
6.1597  8.30283e+22
6.74637  6.71706e+22
7.33304  5.24638e+22
7.91971  3.95169e+22
8.50638  3.13653e+22
9.09305  2.40737e+22
9.67972  1.75972e+22
10.2664  1.357e+22
10.8531  1.12416e+22
11.4397  8.66179e+21
12.0264  6.49188e+21
12.6131  5.62992e+21
13.1997  4.7584e+21
13.7864  4.09262e+21
14.3731  3.33715e+21
14.9597  3.15799e+21
15.5464  2.95751e+21
16.1331  1.99856e+21
16.7198  2.24686e+21
17.3064  2.13107e+21
17.8931  1.61987e+21
18.4798  1.66208e+21
19.0664  1.37775e+21
19.6531  1.6433e+21
20.2398  1.34861e+21
20.8265  1.01146e+21
21.4131  1.44335e+21
21.9998  8.7822e+20
22.5865  9.1507e+20
23.1731  1.07288e+21
23.7598  7.36813e+20
24.3465  9.67215e+20
24.9331  6.19598e+20
25.5198  7.7124e+20
26.1065  9.03657e+20
26.6931  4.35321e+20
27.2798  7.83666e+20
27.8665  5.05217e+20
28.4532  4.48091e+20
29.0398  6.64315e+20
29.6265  3.60745e+20
30.2132  5.35459e+20
30.7998  4.45445e+20
31.3865  3.4616e+20
31.9732  5.40812e+20
32.5599  2.48096e+20
33.1465  4.11088e+20
33.7332  3.83227e+20
34.3199  1.6283e+20
34.9065  3.82305e+20
35.4932  3.00718e+20
36.0799  2.27478e+20
36.6665  2.90144e+20
37.2532  2.61195e+20
37.8399  2.91185e+20
38.4265  1.90016e+20
39.0132  2.0746e+20
39.5999  3.24112e+20
40.1866  2.05153e+20
40.7732  1.28548e+20
41.3599  2.51686e+20
41.9466  2.41148e+20
42.5332  1.19413e+20
43.1199  2.44415e+20
43.7066  2.42825e+20
44.2933  1.66765e+20
44.8799  2.35633e+20
45.4666  1.93818e+20
46.0533  2.66948e+20
46.6399  1.52875e+20
47.2266  1.47886e+20
47.8133  2.50376e+20
48.3999  1.09185e+20
48.9866  2.0804e+20
49.5733  2.73526e+20
50.1599  8.25231e+19
50.7466  2.54546e+20
51.3333  1.67779e+20
51.92  1.49318e+20
52.5066  1.79915e+20
53.0933  1.16139e+20
53.68  1.59727e+20
54.2666  1.40884e+20
54.8533  7.87525e+19
55.44  2.484e+20
56.0266  9.18962e+19
56.6133  7.05493e+19
57.2  1.72966e+20
57.7867  1.38126e+20
58.3733  5.75528e+19
58.96  1.61508e+20
59.5467  1.19765e+20
60.1333  6.94989e+19
60.72  8.31664e+19
61.3067  1.22344e+20
61.8933  1.20422e+20
62.48  1.31968e+20
63.0667  6.83507e+19
63.6534  1.6632e+20
64.24  6.29827e+19
64.8267  1.44912e+20
65.4134  1.61862e+20
66  3.75353e+19
66.5867  1.35529e+20
67.1734  1.30198e+20
67.7601  5.08122e+19
68.3467  2.08598e+20
68.9334  1.1057e+20
69.5201  1.25918e+20
70.1067  1.03681e+20
70.6934  9.28329e+19
71.2801  1.38696e+20
71.8667  1.22959e+20
72.4534  7.09197e+19
73.0401  1.31116e+20
73.6268  9.86243e+19
74.2134  5.29895e+19
74.8001  1.1742e+20
75.3868  1.44141e+20
75.9734  2.98514e+19
76.5601  1.54285e+20
77.1468  6.34752e+19
77.7334  4.84809e+19
78.3201  1.13213e+20
78.9068  8.61191e+19
79.4934  6.16072e+19
80.0801  1.20345e+20
80.6668  5.60587e+19
81.2535  9.17932e+19
81.8401  8.7776e+19
82.4268  1.64016e+20
83.0135  7.39907e+19
83.6001  8.74539e+19
84.1868  8.61929e+19
84.7735  1.11851e+20
85.3602  5.0074e+19
85.9468  1.39541e+20
86.5335  1.2671e+20
87.1202  6.00413e+19
87.7068  9.89345e+19
88.2935  1.48197e+20
88.8802  2.27352e+19
89.4668  1.55662e+20
90.0535  9.05994e+19
90.6402  5.04766e+19
91.2268  1.04542e+20
91.8135  6.92186e+19
92.4002  3.7372e+19
92.9869  1.18112e+20
93.5735  7.31839e+19
94.1602  9.25111e+19
94.7469  6.36846e+19
95.3335  8.59546e+19
95.9202  7.05983e+19
96.5069  1.24705e+20
97.0935  6.12426e+19
97.6802  8.69026e+19
98.2669  7.10843e+19
98.8536  4.76451e+19
99.4402  1.03216e+20
100.027  1.18864e+20
100.614  5.19221e+19
101.2  1.40765e+20
101.787  4.82604e+19
102.374  7.03737e+19
102.96  1.09422e+20
103.547  7.98932e+19
104.134  5.18144e+19
104.72  9.33489e+19
105.307  6.21089e+19
105.894  4.11382e+19
106.48  7.77855e+19
107.067  9.2766e+19
107.654  4.73484e+19
108.24  1.20702e+20
108.827  3.27692e+19
109.414  4.6044e+19
110  7.69218e+19
110.587  6.25617e+19
111.174  7.13409e+19
111.76  1.01007e+20
112.347  6.33876e+19
112.934  6.59769e+19
113.52  7.40726e+19
114.107  1.11038e+20
114.694  7.77426e+19
115.28  9.47522e+19
115.867  5.47104e+19
116.454  7.74112e+19
117.04  4.38094e+19
117.627  7.40048e+19
118.214  7.95908e+19
118.8  5.36828e+19
119.387  7.48975e+19
119.974  7.16174e+19
120.56  2.44789e+19
121.147  1.00385e+20
121.734  6.77737e+19
122.32  6.12857e+19
122.907  5.96257e+19
123.494  6.16483e+19
124.08  2.63129e+19
124.667  8.38574e+19
125.254  1.04088e+20
125.84  5.50758e+19
126.427  8.37516e+19
127.014  7.06308e+19
127.6  1.81942e+19
128.187  1.08695e+20
128.774  7.86987e+19
129.36  4.03916e+19
129.947  6.18692e+19
130.534  4.97335e+19
131.12  2.07701e+19
131.707  7.50997e+19
132.294  8.89024e+19
132.88  4.83208e+19
133.467  7.41303e+19
134.054  6.46814e+19
134.64  1.52523e+19
135.227  7.7637e+19
135.814  6.54721e+19
136.4  3.86361e+19
136.987  8.5069e+19
137.574  6.42756e+19
138.16  2.08147e+19
138.747  8.35593e+19
139.334  8.56667e+19
139.92  4.92791e+19
140.507  6.51078e+19
141.094  5.18852e+19
141.68  1.79165e+19
142.267  6.55448e+19
142.854  5.8338e+19
143.44  3.68517e+19
144.027  8.21475e+19
144.614  6.13526e+19
145.2  1.99415e+19
145.787  9.08662e+19
146.374  5.683e+19
146.96  3.20253e+19
147.547  7.61501e+19
148.134  6.60922e+19
148.721  1.72485e+19
149.307  6.71944e+19
149.894  5.65125e+19
150.481  4.78846e+19
151.067  8.23594e+19
151.654  6.17436e+19
152.241  2.00064e+19
152.827  6.56316e+19
153.414  3.3978e+19
154.001  3.0705e+19
154.587  5.64557e+19
155.174  6.50816e+19
155.761  3.01169e+19
156.347  7.93251e+19
156.934  7.32288e+19
157.521  4.4718e+19
158.107  4.85756e+19
158.694  4.28886e+19
159.281  2.50758e+19
159.867  7.00049e+19
160.454  4.77563e+19
161.041  4.41176e+19
161.627  5.89284e+19
162.214  5.68069e+19
162.801  2.10231e+19
163.387  8.16545e+19
163.974  5.28704e+19
164.561  3.14921e+19
165.147  4.43297e+19
165.734  3.25081e+19
166.321  3.25993e+19
166.907  6.91969e+19
167.494  6.87961e+19
168.081  9.35904e+19
168.667  5.00807e+19
169.254  5.19491e+19
169.841  3.99248e+19
170.427  4.51379e+19
171.014  2.80601e+19
171.601  3.85398e+19
172.187  3.98138e+19
172.774  3.53556e+19
173.361  5.58131e+19
173.947  6.85951e+19
174.534  4.4575e+19
175.121  7.22671e+19
175.707  2.51415e+19
176.294  3.554e+19
176.881  7.08059e+19
177.467  1.75929e+19
178.054  4.38123e+19
178.641  7.63457e+19
179.227  3.57427e+19
179.814  6.30058e+19
180.401  6.72211e+19
180.987  5.84587e+19
181.574  2.53862e+19
182.161  3.30557e+19
182.747  3.4397e+19
183.334  1.97446e+19
183.921  6.3123e+19
184.507  5.87028e+19
185.094  5.76968e+19
185.681  8.48223e+19
186.267  1.95098e+19
186.854  4.44703e+19
187.441  6.07932e+19
188.027  2.08367e+19
188.614  3.25273e+19
189.201  6.16202e+19
189.787  3.81794e+19
190.374  4.64473e+19
190.961  4.65208e+19
191.547  8.13973e+19
192.134  3.98337e+19
192.721  2.7983e+19
193.307  8.0905e+19
193.894  3.10319e+19
194.481  1.75469e+19
195.067  7.23468e+19
195.654  4.50116e+19
196.241  4.80027e+19
196.827  5.87383e+19
197.414  4.72947e+19
198.001  2.54575e+19
198.587  3.93615e+19
199.174  2.85977e+19
199.761  2.89589e+19
200.347  5.18438e+19
200.934  4.47226e+19
201.521  4.10029e+19
202.107  8.24414e+19
202.694  2.94897e+19
203.281  2.78819e+19
203.867  4.27528e+19
204.454  2.80926e+19
205.041  3.3762e+19
205.627  5.92661e+19
206.214  4.59611e+19
206.801  5.09338e+19
207.388  2.03818e+19
207.974  4.26731e+19
208.561  4.47887e+19
209.148  2.65829e+19
209.734  4.02939e+19
210.321  8.35706e+19
210.908  2.58493e+19
211.494  4.72482e+19
212.081  6.84968e+19
212.668  1.99284e+19
213.254  2.34184e+19
213.841  3.82548e+19
214.428  3.01941e+19
215.014  4.51162e+19
215.601  3.756e+19
216.188  9.13102e+19
216.774  3.56109e+19
217.361  2.61623e+19
217.948  7.1722e+19
218.534  2.82548e+19
219.121  1.45832e+19
219.708  8.69576e+19
220.294  1.96555e+19
220.881  3.49855e+19
221.468  5.43338e+19
222.054  4.6883e+19
222.641  4.27578e+19
223.228  4.96299e+19
223.814  5.3394e+19
224.401  5.24822e+19
224.988  3.07702e+19
225.574  6.27302e+19
226.161  5.21552e+19
226.748  3.57331e+19
227.334  5.00396e+19
227.921  4.16947e+19
228.508  3.42268e+19
229.094  4.06837e+19
229.681  5.29642e+19
230.268  6.60933e+19
230.854  2.76478e+19
231.441  5.04688e+19
232.028  6.3616e+19
232.614  2.93728e+19
233.201  4.75123e+19
233.788  5.88402e+19
234.374  2.2357e+19
