#S 1 spectral density
#N 2
#UFWHM 4.10669
#L  abscissas [um]  spectral density
-234.375  1.05804e+21
-233.788  1.80371e+21
-233.202  1.15477e+21
-232.615  8.65503e+20
-232.028  1.51976e+21
-231.442  1.71796e+21
-230.855  1.05392e+21
-230.268  1.84907e+21
-229.682  9.03837e+20
-229.095  1.09282e+21
-228.508  1.53611e+21
-227.922  2.29275e+21
-227.335  1.37507e+21
-226.748  1.50514e+21
-226.162  7.96017e+20
-225.575  9.64205e+20
-224.988  1.62001e+21
-224.402  2.49038e+21
-223.815  1.41046e+21
-223.228  1.33632e+21
-222.642  6.00233e+20
-222.055  1.37231e+21
-221.468  1.33215e+21
-220.882  2.45381e+21
-220.295  1.73398e+21
-219.708  1.67772e+21
-219.122  6.87911e+20
-218.535  1.17648e+21
-217.948  1.12355e+21
-217.362  2.81174e+21
-216.775  2.02104e+21
-216.188  2.35101e+21
-215.602  6.61046e+20
-215.015  1.18667e+21
-214.428  8.40616e+20
-213.842  2.9963e+21
-213.255  2.62645e+21
-212.668  2.4149e+21
-212.082  6.72772e+20
-211.495  1.01153e+21
-210.908  8.71642e+20
-210.322  2.75409e+21
-209.735  3.08999e+21
-209.148  2.47381e+21
-208.562  7.54734e+20
-207.975  1.33432e+21
-207.388  6.95795e+20
-206.802  2.45059e+21
-206.215  3.19278e+21
-205.628  2.67788e+21
-205.041  1.16682e+21
-204.455  1.57773e+21
-203.868  7.87936e+20
-203.281  2.04039e+21
-202.695  3.24699e+21
-202.108  3.53065e+21
-201.521  1.15869e+21
-200.935  1.50546e+21
-200.348  9.34671e+20
-199.761  1.82892e+21
-199.175  2.87149e+21
-198.588  4.06013e+21
-198.001  1.24666e+21
-197.415  1.151e+21
-196.828  1.22463e+21
-196.241  1.60471e+21
-195.655  3.00182e+21
-195.068  3.32213e+21
-194.481  1.50603e+21
-193.895  1.28794e+21
-193.308  1.45284e+21
-192.721  1.77387e+21
-192.135  2.37805e+21
-191.548  3.05505e+21
-190.961  2.10845e+21
-190.375  1.01608e+21
-189.788  1.68633e+21
-189.201  1.80089e+21
-188.615  2.2544e+21
-188.028  2.66167e+21
-187.441  2.27008e+21
-186.855  9.3224e+20
-186.268  1.71955e+21
-185.681  1.71465e+21
-185.095  1.86448e+21
-184.508  2.94342e+21
-183.921  1.62301e+21
-183.335  5.94933e+20
-182.748  1.92742e+21
-182.161  1.90768e+21
-181.575  2.12535e+21
-180.988  1.93424e+21
-180.401  1.79314e+21
-179.815  6.3469e+20
-179.228  1.26898e+21
-178.641  2.76569e+21
-178.055  2.13222e+21
-177.468  1.4359e+21
-176.881  1.75481e+21
-176.295  3.97209e+20
-175.708  1.28254e+21
-175.121  3.05193e+21
-174.535  2.27535e+21
-173.948  1.01398e+21
-173.361  1.60053e+21
-172.775  2.54999e+20
-172.188  1.24208e+21
-171.601  2.67599e+21
-171.015  2.487e+21
-170.428  9.49191e+20
-169.841  1.28446e+21
-169.255  3.63415e+20
-168.668  1.03969e+21
-168.081  2.24091e+21
-167.495  3.30736e+21
-166.908  7.71346e+20
-166.321  8.82475e+20
-165.735  6.08478e+20
-165.148  6.22349e+20
-164.561  2.28598e+21
-163.975  3.78083e+21
-163.388  8.63e+20
-162.801  8.7122e+20
-162.215  4.42264e+20
-161.628  6.93327e+20
-161.041  2.58096e+21
-160.455  3.11482e+21
-159.868  1.02615e+21
-159.281  5.16919e+20
-158.695  6.9432e+20
-158.108  8.27294e+20
-157.521  1.79472e+21
-156.935  3.14637e+21
-156.348  1.04734e+21
-155.761  4.23563e+20
-155.175  8.54339e+20
-154.588  8.4998e+20
-154.001  1.46009e+21
-153.415  2.77647e+21
-152.828  1.11623e+21
-152.241  3.53132e+20
-151.655  1.00455e+21
-151.068  1.21183e+21
-150.481  1.20943e+21
-149.895  2.75265e+21
-149.308  1.12749e+21
-148.721  3.76299e+20
-148.135  1.06887e+21
-147.548  1.2752e+21
-146.961  1.10532e+21
-146.375  1.99297e+21
-145.788  1.23936e+21
-145.201  2.59812e+20
-144.614  9.95192e+20
-144.028  1.70153e+21
-143.441  8.33099e+20
-142.854  2.00204e+21
-142.268  6.30743e+20
-141.681  1.90776e+20
-141.094  1.14943e+21
-140.508  1.60559e+21
-139.921  1.03043e+21
-139.334  1.4107e+21
-138.748  4.99129e+20
-138.161  3.39292e+20
-137.574  8.12252e+20
-136.988  2.57071e+21
-136.401  8.26291e+20
-135.814  7.10065e+20
-135.228  9.40122e+20
-134.641  3.4271e+20
-134.054  9.00919e+20
-133.468  2.55779e+21
-132.881  1.09608e+21
-132.294  6.1884e+20
-131.708  7.88811e+20
-131.121  8.82129e+20
-130.534  1.01612e+21
-129.948  2.38996e+21
-129.361  1.48107e+21
-128.774  5.02657e+20
-128.188  6.84602e+20
-127.601  1.25947e+21
-127.014  7.95243e+20
-126.428  2.06543e+21
-125.841  1.81661e+21
-125.254  4.65364e+20
-124.668  9.09704e+20
-124.081  1.32721e+21
-123.494  6.38448e+20
-122.908  2.12123e+21
-122.321  1.94762e+21
-121.734  3.22404e+20
-121.148  8.3186e+20
-120.561  1.47253e+21
-119.974  8.59531e+20
-119.388  2.27739e+21
-118.801  1.65527e+21
-118.214  5.77892e+20
-117.628  6.45324e+20
-117.041  2.05313e+21
-116.454  1.10926e+21
-115.868  1.54942e+21
-115.281  2.03373e+21
-114.694  4.75481e+20
-114.108  4.73641e+20
-113.521  2.69491e+21
-112.934  9.76386e+20
-112.348  1.06226e+21
-111.761  1.41518e+21
-111.174  9.83013e+20
-110.588  6.11994e+20
-110.001  1.71177e+21
-109.414  1.57192e+21
-108.828  7.70488e+20
-108.241  9.58345e+20
-107.654  1.30738e+21
-107.068  4.26561e+20
-106.481  1.71079e+21
-105.894  1.34848e+21
-105.308  6.3815e+20
-104.721  9.91336e+20
-104.134  1.16855e+21
-103.548  5.50573e+20
-102.961  1.65934e+21
-102.374  1.18079e+21
-101.788  9.22283e+20
-101.201  8.07155e+20
-100.614  1.37439e+21
-100.028  6.32106e+20
-99.4409  9.04466e+20
-98.8542  1.89869e+21
-98.2676  6.25884e+20
-97.6809  4.78329e+20
-97.0942  1.61229e+21
-96.5075  6.61983e+20
-95.9209  9.14115e+20
-95.3342  1.67323e+21
-94.7475  8.47759e+20
-94.1609  5.29231e+20
-93.5742  1.43799e+21
-92.9875  8.95072e+20
-92.4009  7.15342e+20
-91.8142  1.51601e+21
-91.2275  1.14915e+21
-90.6409  4.94664e+20
-90.0542  1.28698e+21
-89.4675  1.39716e+21
-88.8808  7.31761e+20
-88.2942  1.39891e+21
-87.7075  1.54074e+21
-87.1208  2.76936e+20
-86.5342  1.43934e+21
-85.9475  1.56507e+21
-85.3608  5.23638e+20
-84.7741  1.34062e+21
-84.1875  1.27693e+21
-83.6008  4.25939e+20
-83.0141  1.83583e+21
-82.4275  1.26105e+21
-81.8408  6.686e+20
-81.2541  1.1896e+21
-80.6675  1.46032e+21
-80.0808  4.90528e+20
-79.4941  1.15857e+21
-78.9074  1.56962e+21
-78.3208  5.69203e+20
-77.7341  5.60225e+20
-77.1474  2.26975e+21
-76.5608  3.96808e+20
-75.9741  6.43855e+20
-75.3874  1.64114e+21
-74.8008  7.96903e+20
-74.2141  7.68115e+20
-73.6274  1.29427e+21
-73.0408  9.84812e+20
-72.4541  9.05011e+20
-71.8674  9.09975e+20
-71.2807  1.9123e+21
-70.6941  4.80956e+20
-70.1074  1.14917e+21
-69.5207  1.29175e+21
-68.9341  5.06261e+20
-68.3474  1.75394e+21
-67.7607  1.45849e+21
-67.174  3.62173e+20
-66.5874  1.7711e+21
-66.0007  7.97061e+20
-65.414  1.09915e+21
-64.8274  1.82627e+21
-64.2407  1.50323e+21
-63.654  4.79315e+20
-63.0674  5.83931e+20
-62.4807  2.03412e+21
-61.894  7.31041e+20
-61.3073  7.65792e+20
-60.7207  2.35485e+21
-60.134  3.00533e+20
-59.5473  5.4937e+20
-58.9607  1.75706e+21
-58.374  8.02576e+20
-57.7873  1.07723e+21
-57.2007  1.2619e+21
-56.614  7.26617e+20
-56.0273  7.53233e+20
-55.4407  1.19157e+21
-54.854  1.40702e+21
-54.2673  8.02109e+20
-53.6806  1.07425e+21
-53.094  1.03601e+21
-52.5073  4.6927e+20
-51.9206  2.09124e+21
-51.334  8.74332e+20
-50.7473  4.02056e+20
-50.1606  1.72654e+21
-49.5739  8.87472e+20
-48.9873  6.96791e+20
-48.4006  1.64801e+21
-47.8139  1.24239e+21
-47.2273  3.86708e+20
-46.6406  1.16756e+21
-46.0539  1.8708e+21
-45.4673  7.01297e+20
-44.8806  1.23822e+21
-44.2939  1.71182e+21
-43.7072  3.65515e+20
-43.1206  9.17169e+20
-42.5339  1.85151e+21
-41.9472  6.29631e+20
-41.3606  1.16579e+21
-40.7739  1.67374e+21
-40.1872  9.75296e+20
-39.6006  1.15957e+21
-39.0139  1.56606e+21
-38.4272  9.82582e+20
-37.8406  9.08734e+20
-37.2539  1.61762e+21
-36.6672  9.18233e+20
-36.0805  6.8855e+20
-35.4939  1.63681e+21
-34.9072  1.64426e+21
-34.3205  1.04312e+21
-33.7339  1.5142e+21
-33.1472  1.28276e+21
-32.5605  5.18275e+20
-31.9738  1.7608e+21
-31.3872  1.23754e+21
-30.8005  4.58157e+20
-30.2138  2.08786e+21
-29.6272  1.34776e+21
-29.0405  9.85978e+20
-28.4538  2.24033e+21
-27.8672  1.35278e+21
-27.2805  6.25103e+20
-26.6938  9.4641e+20
-26.1072  1.80653e+21
-25.5205  7.40956e+20
-24.9338  9.40247e+20
-24.3471  2.49167e+21
-23.7605  9.68467e+20
-23.1738  1.14395e+21
-22.5871  2.39812e+21
-22.0005  5.37514e+20
-21.4138  1.17636e+21
-20.8271  1.21525e+21
-20.2404  1.18649e+21
-19.6538  1.49627e+21
-19.0671  1.31284e+21
-18.4804  2.40552e+21
-17.8938  1.7624e+21
-17.3071  1.74329e+21
-16.7204  1.81563e+21
-16.1338  3.1808e+20
-15.5471  2.79181e+21
-14.9604  1.24224e+21
-14.3737  1.36258e+21
-13.7871  4.50821e+21
-13.2004  1.49658e+21
-12.6137  2.23115e+21
-12.0271  4.0879e+21
-11.4404  1.26234e+21
-10.8537  1.37663e+21
-10.2671  9.7231e+20
-9.68039  5.02907e+21
-9.09372  4.29574e+21
-8.50705  2.86783e+21
-7.92038  9.22849e+21
-7.33371  5.06748e+21
-6.74704  4.22804e+21
-6.16037  5.79281e+21
-5.5737  1.97721e+21
-4.98703  9.22162e+21
-4.40036  8.5382e+21
-3.81369  2.77997e+22
-3.22702  5.66755e+22
-2.64035  5.68056e+22
-2.05368  9.9363e+22
-1.46701  1.31612e+23
-0.88034  1.21959e+23
-0.29367  1.65192e+23
0.293  1.6494e+23
0.87967  1.2293e+23
1.46634  1.33598e+23
2.05301  1.00674e+23
2.63968  5.85051e+22
3.22635  5.86379e+22
3.81302  2.86621e+22
4.39969  9.1431e+21
4.98636  9.73866e+21
5.57303  1.96303e+21
6.1597  5.59886e+21
6.74637  4.18548e+21
7.33304  5.07527e+21
7.91971  9.18341e+21
8.50638  2.93568e+21
9.09305  4.48383e+21
9.67972  5.10264e+21
10.2664  9.98347e+20
10.8531  1.39097e+21
11.4397  1.22793e+21
12.0264  4.05399e+21
12.6131  2.17611e+21
13.1997  1.49553e+21
13.7864  4.58241e+21
14.3731  1.37898e+21
14.9597  1.25341e+21
15.5464  2.85144e+21
16.1331  3.25525e+20
16.7198  1.74818e+21
17.3064  1.74062e+21
17.8931  1.78854e+21
18.4798  2.34829e+21
19.0664  1.31131e+21
19.6531  1.56354e+21
20.2398  1.17097e+21
20.8265  1.21257e+21
21.4131  1.22513e+21
21.9998  5.18237e+20
22.5865  2.36467e+21
23.1731  1.15045e+21
23.7598  9.69846e+20
24.3465  2.47034e+21
24.9331  9.70022e+20
25.5198  7.50144e+20
26.1065  1.79353e+21
26.6931  9.68564e+20
27.2798  6.20366e+20
27.8665  1.32438e+21
28.4532  2.26743e+21
29.0398  9.79509e+20
29.6265  1.31801e+21
30.2132  2.13078e+21
30.7998  4.62396e+20
31.3865  1.20121e+21
31.9732  1.78993e+21
32.5599  5.26176e+20
33.1465  1.24074e+21
33.7332  1.5324e+21
34.3199  1.07308e+21
34.9065  1.59723e+21
35.4932  1.65152e+21
36.0799  7.18385e+20
36.6665  8.83517e+20
37.2532  1.63025e+21
37.8399  9.43163e+20
38.4265  9.38587e+20
39.0132  1.55677e+21
39.5999  1.19858e+21
40.1866  9.48296e+20
40.7732  1.67424e+21
41.3599  1.21101e+21
41.9466  6.08741e+20
42.5332  1.82122e+21
43.1199  9.44051e+20
43.7066  3.57097e+20
44.2933  1.69452e+21
44.8799  1.27665e+21
45.4666  6.99734e+20
46.0533  1.84516e+21
46.6399  1.18978e+21
47.2266  3.87924e+20
47.8133  1.22507e+21
48.3999  1.67791e+21
48.9866  6.87145e+20
49.5733  8.60993e+20
50.1599  1.74147e+21
50.7466  4.09845e+20
51.3333  8.48704e+20
51.92  2.12735e+21
52.5066  4.80824e+20
53.0933  1.00025e+21
53.68  1.08489e+21
54.2666  8.26031e+20
54.8533  1.35778e+21
55.44  1.1945e+21
56.0266  7.84664e+20
56.6133  6.99999e+20
57.2  1.2593e+21
57.7867  1.12194e+21
58.3733  7.72932e+20
58.96  1.73453e+21
59.5467  5.66059e+20
60.1333  2.97022e+20
60.72  2.3364e+21
61.3067  7.98497e+20
61.8933  7.15519e+20
62.48  2.01158e+21
63.0667  5.94725e+20
63.6534  4.72591e+20
64.24  1.49627e+21
64.8267  1.88353e+21
65.4134  1.05442e+21
66  7.72169e+20
66.5867  1.7906e+21
67.1734  3.52619e+20
67.7601  1.42612e+21
68.3467  1.81752e+21
68.9334  5.01276e+20
69.5201  1.2403e+21
70.1067  1.16538e+21
70.6934  5.04357e+20
71.2801  1.86618e+21
71.8667  9.33959e+20
72.4534  9.40478e+20
73.0401  9.45892e+20
73.6268  1.28941e+21
74.2134  8.00471e+20
74.8001  7.71466e+20
75.3868  1.64073e+21
75.9734  6.65476e+20
76.5601  3.8579e+20
77.1468  2.27246e+21
77.7334  5.78979e+20
78.3201  5.53334e+20
78.9068  1.56189e+21
79.4934  1.17863e+21
80.0801  4.75674e+20
80.6668  1.4628e+21
81.2535  1.23332e+21
81.8401  6.42023e+20
82.4268  1.23673e+21
83.0135  1.86467e+21
83.6001  4.13074e+20
84.1868  1.26381e+21
84.7735  1.38675e+21
85.3602  5.22443e+20
85.9468  1.51717e+21
86.5335  1.45729e+21
87.1202  2.82444e+20
87.7068  1.52416e+21
88.2935  1.43262e+21
88.8802  7.54695e+20
89.4668  1.35025e+21
90.0535  1.2909e+21
90.6402  5.0157e+20
91.2268  1.12469e+21
91.8135  1.53828e+21
92.4002  7.43613e+20
92.9869  8.58956e+20
93.5735  1.43657e+21
94.1602  5.45695e+20
94.7469  8.26631e+20
95.3335  1.68241e+21
95.9202  9.49798e+20
96.5069  6.40449e+20
97.0935  1.58981e+21
97.6802  5.00269e+20
98.2669  6.04403e+20
98.8536  1.89462e+21
99.4402  9.36045e+20
100.027  6.22952e+20
100.614  1.36058e+21
101.2  8.39497e+20
101.787  8.96581e+20
102.374  1.16168e+21
102.96  1.69433e+21
103.547  5.32799e+20
104.134  1.15343e+21
104.72  1.02986e+21
105.307  6.33505e+20
105.894  1.3049e+21
106.48  1.73863e+21
107.067  4.35742e+20
107.654  1.28071e+21
108.24  9.88404e+20
108.827  8.03257e+20
109.414  1.51168e+21
110  1.71379e+21
110.587  6.33658e+20
111.174  9.62137e+20
111.76  1.43578e+21
112.347  1.10315e+21
112.934  9.39748e+20
113.52  2.68123e+21
114.107  4.84412e+20
114.694  4.61969e+20
115.28  2.05028e+21
115.867  1.60179e+21
116.454  1.07118e+21
117.04  2.02766e+21
117.627  6.6144e+20
118.214  5.60161e+20
118.8  1.65095e+21
119.387  2.35014e+21
119.974  8.28569e+20
120.56  1.4311e+21
121.147  8.54444e+20
121.734  3.1316e+20
122.32  1.92221e+21
122.907  2.18594e+21
123.494  6.33422e+20
124.08  1.28436e+21
124.667  9.22618e+20
125.254  4.69887e+20
125.84  1.78158e+21
126.427  2.10582e+21
127.014  8.16546e+20
127.6  1.2111e+21
128.187  6.9535e+20
128.774  5.17604e+20
129.36  1.44418e+21
129.947  2.40267e+21
130.534  1.05215e+21
131.12  8.45227e+20
131.707  7.95052e+20
132.294  6.43762e+20
132.88  1.06374e+21
133.467  2.53922e+21
134.054  9.28408e+20
134.64  3.31411e+20
135.227  9.41604e+20
135.814  7.40423e+20
136.4  8.08007e+20
136.987  2.53957e+21
137.574  8.29096e+20
138.16  3.32642e+20
138.747  4.99888e+20
139.334  1.45936e+21
139.92  1.00238e+21
140.507  1.56452e+21
141.094  1.16607e+21
141.68  1.91426e+20
142.267  6.22873e+20
142.854  2.06744e+21
143.44  8.27288e+20
144.027  1.64116e+21
144.614  9.98431e+20
145.2  2.68965e+20
145.787  1.2242e+21
146.374  2.04354e+21
146.96  1.1301e+21
147.547  1.22126e+21
148.134  1.05649e+21
148.721  3.913e+20
149.307  1.1147e+21
149.894  2.79575e+21
150.481  1.24879e+21
151.067  1.16073e+21
151.654  9.84078e+20
152.241  3.63078e+20
152.827  1.09421e+21
153.414  2.80504e+21
154.001  1.51113e+21
154.587  8.17424e+20
155.174  8.30928e+20
155.761  4.37894e+20
156.347  1.0232e+21
156.934  3.16265e+21
157.521  1.84573e+21
158.107  8.04653e+20
158.694  6.77503e+20
159.281  5.292e+20
159.867  9.9673e+20
160.454  3.1173e+21
161.041  2.64243e+21
161.627  6.71461e+20
162.214  4.30069e+20
162.801  8.95002e+20
163.387  8.43248e+20
163.974  3.73976e+21
164.561  2.33866e+21
165.147  6.2344e+20
165.734  5.88913e+20
166.321  9.16514e+20
166.907  7.7601e+20
167.494  3.24476e+21
168.081  2.26572e+21
168.667  1.06086e+21
169.254  3.50727e+20
169.841  1.31354e+21
170.427  9.69727e+20
171.014  2.43584e+21
171.601  2.66335e+21
172.187  1.26569e+21
172.774  2.49601e+20
173.361  1.63391e+21
173.947  1.04955e+21
174.534  2.22939e+21
175.121  3.02666e+21
175.707  1.28895e+21
176.294  4.02843e+20
176.881  1.7816e+21
177.467  1.497e+21
178.054  2.08645e+21
178.641  2.72301e+21
179.227  1.26456e+21
179.814  6.46667e+20
180.401  1.80404e+21
180.987  2.01792e+21
181.574  2.09857e+21
182.161  1.86421e+21
182.747  1.90661e+21
183.334  6.0763e+20
183.921  1.61661e+21
184.507  3.03994e+21
185.094  1.86215e+21
185.681  1.6734e+21
186.267  1.68492e+21
186.854  9.50303e+20
187.441  2.24968e+21
188.027  2.73813e+21
188.614  2.29798e+21
189.201  1.76152e+21
189.787  1.63868e+21
190.374  1.03012e+21
190.961  2.07918e+21
191.547  3.10947e+21
192.134  2.43032e+21
192.721  1.75927e+21
193.307  1.40193e+21
193.894  1.28838e+21
194.481  1.47584e+21
195.067  3.35371e+21
195.654  3.06291e+21
196.241  1.61324e+21
196.827  1.17506e+21
197.414  1.14581e+21
198.001  1.21329e+21
198.587  4.07247e+21
199.174  2.91046e+21
199.761  1.87345e+21
200.347  8.95154e+20
200.934  1.49772e+21
201.521  1.12393e+21
202.107  3.52793e+21
202.694  3.27093e+21
203.281  2.08034e+21
203.867  7.66632e+20
204.454  1.58009e+21
205.041  1.13094e+21
205.627  2.65941e+21
206.214  3.1996e+21
206.801  2.49098e+21
207.388  6.88172e+20
207.974  1.3345e+21
208.561  7.39962e+20
209.148  2.43764e+21
209.734  3.07783e+21
210.321  2.78179e+21
210.908  8.87043e+20
211.494  1.01038e+21
212.081  6.7404e+20
212.668  2.37872e+21
213.254  2.5954e+21
213.841  3.01184e+21
214.428  8.63497e+20
215.014  1.18718e+21
215.601  6.82524e+20
216.188  2.32544e+21
216.774  1.97677e+21
217.361  2.80572e+21
217.948  1.15517e+21
218.534  1.17348e+21
219.121  7.10754e+20
219.708  1.67763e+21
220.294  1.69307e+21
220.881  2.41804e+21
221.468  1.36188e+21
222.054  1.37714e+21
222.641  6.23574e+20
223.228  1.33934e+21
223.814  1.39671e+21
224.401  2.43623e+21
224.988  1.63641e+21
225.574  9.64525e+20
226.161  8.29302e+20
226.748  1.52018e+21
227.334  1.38158e+21
227.921  2.2319e+21
228.508  1.53886e+21
229.094  1.08525e+21
229.681  9.33774e+20
230.268  1.86428e+21
230.854  1.08189e+21
231.441  1.66348e+21
232.028  1.50651e+21
232.614  8.48397e+20
233.201  1.18544e+21
233.788  1.81956e+21
234.374  1.09469e+21
