#S 1 spectral density
#N 2
#UFWHM 5.8667
#L  abscissas [um]  spectral density
-234.375  1.23579e+21
-233.788  1.16465e+21
-233.202  7.93066e+20
-232.615  1.06151e+21
-232.028  1.23556e+21
-231.442  1.19947e+21
-230.855  1.19785e+21
-230.268  7.81518e+20
-229.682  9.60083e+20
-229.095  1.1065e+21
-228.508  1.33448e+21
-227.922  1.08356e+21
-227.335  7.08755e+20
-226.748  8.38703e+20
-226.162  1.00593e+21
-225.575  1.16706e+21
-224.988  1.19788e+21
-224.402  6.57877e+20
-223.815  7.15475e+20
-223.228  8.94451e+20
-222.642  1.14617e+21
-222.055  1.12334e+21
-221.468  7.01956e+20
-220.882  6.18841e+20
-220.295  7.03642e+20
-219.708  1.02724e+21
-219.122  1.16032e+21
-218.535  7.69384e+20
-217.948  6.15112e+20
-217.362  6.36504e+20
-216.775  8.774e+20
-216.188  1.21739e+21
-215.602  8.88568e+20
-215.015  6.571e+20
-214.428  5.41936e+20
-213.842  8.25033e+20
-213.255  1.20056e+21
-212.668  1.03173e+21
-212.082  7.74179e+20
-211.495  6.06968e+20
-210.908  6.98453e+20
-210.322  1.23948e+21
-209.735  1.22294e+21
-209.148  9.41901e+20
-208.562  6.56553e+20
-207.975  7.32145e+20
-207.388  1.24496e+21
-206.802  1.24258e+21
-206.215  1.13776e+21
-205.628  8.14502e+20
-205.041  7.35938e+20
-204.455  1.16819e+21
-203.868  1.47222e+21
-203.281  1.22445e+21
-202.695  8.88869e+20
-202.108  8.47946e+20
-201.521  1.24993e+21
-200.935  1.22324e+21
-200.348  1.42807e+21
-199.761  1.08635e+21
-199.175  8.05226e+20
-198.588  1.20929e+21
-198.001  1.44101e+21
-197.415  1.29928e+21
-196.828  1.14954e+21
-196.241  9.54959e+20
-195.655  1.13219e+21
-195.068  1.3561e+21
-194.481  1.54726e+21
-193.895  1.17267e+21
-193.308  8.96901e+20
-192.721  1.15585e+21
-192.135  1.40182e+21
-191.548  1.55925e+21
-190.961  1.23218e+21
-190.375  9.71637e+20
-189.788  1.04317e+21
-189.201  1.47795e+21
-188.615  1.56972e+21
-188.028  1.33976e+21
-187.441  9.78261e+20
-186.855  9.91092e+20
-186.268  1.32164e+21
-185.681  1.65824e+21
-185.095  1.35338e+21
-184.508  1.10455e+21
-183.921  9.20719e+20
-183.335  1.24069e+21
-182.748  1.52927e+21
-182.161  1.39801e+21
-181.575  1.19624e+21
-180.988  9.22997e+20
-180.401  1.14588e+21
-179.815  1.42661e+21
-179.228  1.37564e+21
-178.641  1.15968e+21
-178.055  9.39897e+20
-177.468  1.18566e+21
-176.881  1.27471e+21
-176.295  1.25142e+21
-175.708  1.30339e+21
-175.121  9.37276e+20
-174.535  1.1687e+21
-173.948  1.28657e+21
-173.361  1.15411e+21
-172.775  1.1196e+21
-172.188  1.02292e+21
-171.601  1.15095e+21
-171.015  1.22288e+21
-170.428  1.09311e+21
-169.841  1.13092e+21
-169.255  8.36553e+20
-168.668  1.18248e+21
-168.081  1.35338e+21
-167.495  1.08338e+21
-166.908  1.10497e+21
-166.321  7.88094e+20
-165.735  1.02808e+21
-165.148  1.34676e+21
-164.561  1.20793e+21
-163.975  1.02891e+21
-163.388  8.02848e+20
-162.801  9.936e+20
-162.215  1.40765e+21
-161.628  1.31463e+21
-161.041  1.23938e+21
-160.455  7.76892e+20
-159.868  1.06681e+21
-159.281  1.48436e+21
-158.695  1.42447e+21
-158.108  1.3527e+21
-157.521  9.76787e+20
-156.935  1.0538e+21
-156.348  1.59834e+21
-155.761  1.61902e+21
-155.175  1.47142e+21
-154.588  1.08299e+21
-154.001  1.33207e+21
-153.415  1.6991e+21
-152.828  1.60353e+21
-152.241  1.60385e+21
-151.655  1.18898e+21
-151.068  1.40063e+21
-150.481  1.97094e+21
-149.895  1.82664e+21
-149.308  1.5602e+21
-148.721  1.32108e+21
-148.135  1.46398e+21
-147.548  2.1213e+21
-146.961  2.13571e+21
-146.375  1.76564e+21
-145.788  1.2837e+21
-145.201  1.4931e+21
-144.614  2.0218e+21
-144.028  2.39816e+21
-143.441  2.06139e+21
-142.854  1.40888e+21
-142.268  1.47999e+21
-141.681  2.08637e+21
-141.094  2.45421e+21
-140.508  2.19968e+21
-139.921  1.81989e+21
-139.334  1.60605e+21
-138.748  1.88192e+21
-138.161  2.44862e+21
-137.574  2.28955e+21
-136.988  1.83528e+21
-136.401  2.02278e+21
-135.814  1.98225e+21
-135.228  2.34089e+21
-134.641  2.21286e+21
-134.054  1.99949e+21
-133.468  2.07383e+21
-132.881  2.27116e+21
-132.294  2.45708e+21
-131.708  2.03958e+21
-131.121  1.83867e+21
-130.534  2.22321e+21
-129.948  2.46124e+21
-129.361  2.80856e+21
-128.774  2.02628e+21
-128.188  1.79205e+21
-127.601  2.11523e+21
-127.014  2.54383e+21
-126.428  2.96708e+21
-125.841  2.2049e+21
-125.254  1.6459e+21
-124.668  1.95086e+21
-124.081  2.39612e+21
-123.494  2.91207e+21
-122.908  2.31481e+21
-122.321  1.77519e+21
-121.734  1.91467e+21
-121.148  2.19236e+21
-120.561  2.74526e+21
-119.974  2.19325e+21
-119.388  1.78771e+21
-118.801  1.94481e+21
-118.214  2.37847e+21
-117.628  2.3469e+21
-117.041  1.98446e+21
-116.454  1.74935e+21
-115.868  2.10937e+21
-115.281  2.51945e+21
-114.694  2.46769e+21
-114.108  1.78986e+21
-113.521  1.46169e+21
-112.934  1.92985e+21
-112.348  2.65778e+21
-111.761  2.4012e+21
-111.174  1.76431e+21
-110.588  1.40287e+21
-110.001  1.58044e+21
-109.414  2.56923e+21
-108.828  2.43199e+21
-108.241  1.80301e+21
-107.654  1.40943e+21
-107.068  1.41835e+21
-106.481  2.13191e+21
-105.894  2.17883e+21
-105.308  1.68783e+21
-104.721  1.54023e+21
-104.134  1.67811e+21
-103.548  1.8989e+21
-102.961  1.73116e+21
-102.374  1.59861e+21
-101.788  1.47321e+21
-101.201  1.87406e+21
-100.614  2.14037e+21
-100.028  1.30793e+21
-99.4409  1.11078e+21
-98.8542  1.33865e+21
-98.2676  1.83544e+21
-97.6809  2.32479e+21
-97.0942  1.52746e+21
-96.5075  8.19423e+20
-95.9209  9.9767e+20
-95.3342  1.61541e+21
-94.7475  2.27839e+21
-94.1609  1.6181e+21
-93.5742  8.39999e+20
-92.9875  7.6857e+20
-92.4009  1.3488e+21
-91.8142  1.79432e+21
-91.2275  1.77208e+21
-90.6409  1.02463e+21
-90.0542  9.45317e+20
-89.4675  1.19432e+21
-88.8808  1.43516e+21
-88.2942  1.30705e+21
-87.7075  1.09632e+21
-87.1208  1.0751e+21
-86.5342  1.44383e+21
-85.9475  1.07094e+21
-85.3608  9.85729e+20
-84.7741  8.11882e+20
-84.1875  1.1569e+21
-83.6008  1.67232e+21
-83.0141  1.24637e+21
-82.4275  6.88237e+20
-81.8408  4.52811e+20
-81.2541  9.00898e+20
-80.6675  1.65834e+21
-80.0808  1.26986e+21
-79.4941  7.8796e+20
-78.9074  3.91479e+20
-78.3208  6.52351e+20
-77.7341  1.5132e+21
-77.1474  1.39631e+21
-76.5608  7.83864e+20
-75.9741  5.90967e+20
-75.3874  6.32849e+20
-74.8008  1.11034e+21
-74.2141  1.10604e+21
-73.6274  7.28339e+20
-73.0408  7.12468e+20
-72.4541  9.75306e+20
-71.8674  1.06869e+21
-71.2807  1.02992e+21
-70.6941  4.49724e+20
-70.1074  5.83347e+20
-69.5207  1.12953e+21
-68.9341  1.1241e+21
-68.3474  8.00509e+20
-67.7607  2.89276e+20
-67.174  3.40034e+20
-66.5874  1.1345e+21
-66.0007  1.25088e+21
-65.414  9.8231e+20
-64.8274  2.88254e+20
-64.2407  2.22359e+20
-63.654  8.01511e+20
-63.0674  1.09298e+21
-62.4807  8.32074e+20
-61.894  4.57754e+20
-61.3073  3.69667e+20
-60.7207  6.9662e+20
-60.134  8.32462e+20
-59.5473  7.44372e+20
-58.9607  4.16466e+20
-58.374  6.80662e+20
-57.7873  7.76968e+20
-57.2007  5.55898e+20
-56.614  3.46281e+20
-56.0273  2.59109e+20
-55.4407  7.24188e+20
-54.854  1.09465e+21
-54.2673  6.19143e+20
-53.6806  1.57812e+20
-53.094  9.43272e+19
-52.5073  6.02785e+20
-51.9206  1.24806e+21
-51.334  7.83079e+20
-50.7473  1.07647e+20
-50.1606  9.61954e+19
-49.5739  3.74621e+20
-48.9873  1.01848e+21
-48.4006  9.6431e+20
-47.8139  1.89233e+20
-47.2273  3.25839e+20
-46.6406  4.47377e+20
-46.0539  7.43249e+20
-45.4673  8.54817e+20
-44.8806  1.81738e+20
-44.2939  4.76721e+20
-43.7072  6.91976e+20
-43.1206  4.4565e+20
-42.5339  5.24108e+20
-41.9472  1.24379e+20
-41.3606  5.45637e+20
-40.7739  1.23636e+21
-40.1872  5.77917e+20
-39.6006  2.76223e+20
-39.0139  8.18058e+19
-38.4272  3.62577e+20
-37.8406  1.28162e+21
-37.2539  8.09035e+20
-36.6672  1.00158e+20
-36.0805  1.73397e+20
-35.4939  3.42349e+20
-34.9072  1.40813e+21
-34.3205  1.22607e+21
-33.7339  1.13553e+20
-33.1472  3.28304e+20
-32.5605  4.10412e+20
-31.9738  9.92096e+20
-31.3872  1.17247e+21
-30.8005  1.17893e+20
-30.2138  5.54891e+20
-29.6272  9.66561e+20
-29.0405  9.80639e+20
-28.4538  1.18966e+21
-27.8672  1.98521e+20
-27.2805  5.56901e+20
-26.6938  1.36213e+21
-26.1072  9.04648e+20
-25.5205  8.8968e+20
-24.9338  3.25708e+20
-24.3471  6.23319e+20
-23.7605  2.05621e+21
-23.1738  1.46299e+21
-22.5871  7.48693e+20
-22.0005  5.46547e+20
-21.4138  6.73578e+20
-20.8271  2.26524e+21
-20.2404  1.95353e+21
-19.6538  7.0831e+20
-19.0671  1.08548e+21
-18.4804  1.16719e+21
-17.8938  2.55756e+21
-17.3071  2.76539e+21
-16.7204  7.5424e+20
-16.1338  1.50651e+21
-15.5471  2.23719e+21
-14.9604  3.11426e+21
-14.3737  3.74969e+21
-13.7871  1.61901e+21
-13.2004  2.47766e+21
-12.6137  4.13684e+21
-12.0271  4.04322e+21
-11.4404  4.84111e+21
-10.8537  3.24495e+21
-10.2671  4.52504e+21
-9.68039  8.84975e+21
-9.09372  9.06247e+21
-8.50705  9.50121e+21
-7.92038  9.95426e+21
-7.33371  1.20192e+22
-6.74704  2.14905e+22
-6.16037  2.88631e+22
-5.5737  3.71345e+22
-4.98703  5.61808e+22
-4.40036  8.20348e+22
-3.81369  1.23028e+23
-3.22702  1.67893e+23
-2.64035  1.98464e+23
-2.05368  2.34845e+23
-1.46701  2.7135e+23
-0.88034  2.98491e+23
-0.29367  3.30111e+23
0.293  3.29201e+23
0.87967  2.95091e+23
1.46634  2.65569e+23
2.05301  2.27728e+23
2.63968  1.90342e+23
3.22635  1.59998e+23
3.81302  1.16528e+23
4.39969  7.68098e+22
4.98636  5.22695e+22
5.57303  3.44577e+22
6.1597  2.7047e+22
6.74637  2.04577e+22
7.33304  1.14607e+22
7.91971  9.56378e+21
8.50638  9.22691e+21
9.09305  8.76536e+21
9.67972  8.58623e+21
10.2664  4.37306e+21
10.8531  3.11738e+21
11.4397  4.77741e+21
12.0264  4.0091e+21
12.6131  4.09924e+21
13.1997  2.47635e+21
13.7864  1.57223e+21
14.3731  3.67294e+21
14.9597  3.06061e+21
15.5464  2.17251e+21
16.1331  1.47756e+21
16.7198  7.45154e+20
17.3064  2.76137e+21
17.8931  2.58131e+21
18.4798  1.16551e+21
19.0664  1.07512e+21
19.6531  6.95746e+20
20.2398  1.91069e+21
20.8265  2.2403e+21
21.4131  6.62553e+20
21.9998  5.37842e+20
22.5865  7.58465e+20
23.1731  1.45811e+21
23.7598  2.06568e+21
24.3465  6.36231e+20
24.9331  3.14774e+20
25.5198  8.83991e+20
26.1065  8.90508e+20
26.6931  1.34437e+21
27.2798  5.58035e+20
27.8665  1.94195e+20
28.4532  1.19576e+21
29.0398  9.93689e+20
29.6265  9.60759e+20
30.2132  5.61083e+20
30.7998  1.13672e+20
31.3865  1.16933e+21
31.9732  9.96273e+20
32.5599  4.05676e+20
33.1465  3.28138e+20
33.7332  1.12805e+20
34.3199  1.21375e+21
34.9065  1.42188e+21
35.4932  3.4882e+20
36.0799  1.69938e+20
36.6665  1.01608e+20
37.2532  8.05417e+20
37.8399  1.28647e+21
38.4265  3.68527e+20
39.0132  8.05052e+19
39.5999  2.79911e+20
40.1866  5.6784e+20
40.7732  1.231e+21
41.3599  5.56257e+20
41.9466  1.23477e+20
42.5332  5.33737e+20
43.1199  4.53351e+20
43.7066  6.91782e+20
44.2933  4.80992e+20
44.8799  1.79522e+20
45.4666  8.50201e+20
46.0533  7.50155e+20
46.6399  4.4324e+20
47.2266  3.26344e+20
47.8133  1.85446e+20
48.3999  9.67449e+20
48.9866  1.03528e+21
49.5733  3.81074e+20
50.1599  9.6966e+19
50.7466  1.0544e+20
51.3333  7.69851e+20
51.92  1.2473e+21
52.5066  6.13315e+20
53.0933  9.58913e+19
53.68  1.58691e+20
54.2666  6.13578e+20
54.8533  1.10132e+21
55.44  7.31514e+20
56.0266  2.62563e+20
56.6133  3.5023e+20
57.2  5.52918e+20
57.7867  7.67252e+20
58.3733  6.83799e+20
58.96  4.15154e+20
59.5467  7.45861e+20
60.1333  8.3919e+20
60.72  7.0239e+20
61.3067  3.71542e+20
61.8933  4.56644e+20
62.48  8.333e+20
63.0667  1.09601e+21
63.6534  8.05332e+20
64.24  2.23539e+20
64.8267  2.83889e+20
65.4134  9.73301e+20
66  1.25689e+21
66.5867  1.1454e+21
67.1734  3.48798e+20
67.7601  2.91287e+20
68.3467  8.01496e+20
68.9334  1.12009e+21
69.5201  1.13464e+21
70.1067  5.88145e+20
70.6934  4.51207e+20
71.2801  1.02535e+21
71.8667  1.07236e+21
72.4534  9.77926e+20
73.0401  7.19581e+20
73.6268  7.35846e+20
74.2134  1.11483e+21
74.8001  1.11553e+21
75.3868  6.32922e+20
75.9734  5.91972e+20
76.5601  7.82261e+20
77.1468  1.39438e+21
77.7334  1.52438e+21
78.3201  6.63846e+20
78.9068  3.91777e+20
79.4934  7.95075e+20
80.0801  1.27383e+21
80.6668  1.66918e+21
81.2535  9.08258e+20
81.8401  4.59121e+20
82.4268  6.86444e+20
83.0135  1.24461e+21
83.6001  1.67464e+21
84.1868  1.17113e+21
84.7735  8.12688e+20
85.3602  9.99622e+20
85.9468  1.07733e+21
86.5335  1.44665e+21
87.1202  1.07989e+21
87.7068  1.1019e+21
88.2935  1.30625e+21
88.8802  1.44393e+21
89.4668  1.19898e+21
90.0535  9.46848e+20
90.6402  1.01921e+21
91.2268  1.77486e+21
91.8135  1.8128e+21
92.4002  1.35929e+21
92.9869  7.7599e+20
93.5735  8.42093e+20
94.1602  1.61128e+21
94.7469  2.27645e+21
95.3335  1.63089e+21
95.9202  1.0026e+21
96.5069  8.20507e+20
97.0935  1.52396e+21
97.6802  2.3359e+21
98.2669  1.84368e+21
98.8536  1.35384e+21
99.4402  1.12046e+21
100.027  1.30702e+21
100.614  2.13346e+21
101.2  1.87996e+21
101.787  1.47436e+21
102.374  1.60395e+21
102.96  1.74122e+21
103.547  1.9063e+21
104.134  1.6814e+21
104.72  1.54083e+21
105.307  1.69562e+21
105.894  2.18153e+21
106.48  2.14207e+21
107.067  1.42358e+21
107.654  1.40744e+21
108.24  1.79362e+21
108.827  2.43759e+21
109.414  2.57553e+21
110  1.59083e+21
110.587  1.40241e+21
111.174  1.76771e+21
111.76  2.39631e+21
112.347  2.6672e+21
112.934  1.93838e+21
113.52  1.46477e+21
114.107  1.77934e+21
114.694  2.46627e+21
115.28  2.51821e+21
115.867  2.11387e+21
116.454  1.7535e+21
117.04  1.98918e+21
117.627  2.34799e+21
118.214  2.37576e+21
118.8  1.95077e+21
119.387  1.7857e+21
119.974  2.18559e+21
120.56  2.74513e+21
121.147  2.19876e+21
121.734  1.90606e+21
122.32  1.77596e+21
122.907  2.30696e+21
123.494  2.91775e+21
124.08  2.39655e+21
124.667  1.96186e+21
125.254  1.63993e+21
125.84  2.19672e+21
126.427  2.95284e+21
127.014  2.54958e+21
127.6  2.10673e+21
128.187  1.79505e+21
128.774  2.01526e+21
129.36  2.80816e+21
129.947  2.4542e+21
130.534  2.22854e+21
131.12  1.83542e+21
131.707  2.03207e+21
132.294  2.44509e+21
132.88  2.26817e+21
133.467  2.06032e+21
134.054  1.99063e+21
134.64  2.20908e+21
135.227  2.33296e+21
135.814  1.97514e+21
136.4  2.01787e+21
136.987  1.82853e+21
137.574  2.27295e+21
138.16  2.44944e+21
138.747  1.87711e+21
139.334  1.59534e+21
139.92  1.80225e+21
140.507  2.19268e+21
141.094  2.44117e+21
141.68  2.08716e+21
142.267  1.47524e+21
142.854  1.40088e+21
143.44  2.04162e+21
144.027  2.39147e+21
144.614  2.02029e+21
145.2  1.48743e+21
145.787  1.27017e+21
146.374  1.75405e+21
146.96  2.1217e+21
147.547  2.10852e+21
148.134  1.46343e+21
148.721  1.31151e+21
149.307  1.54837e+21
149.894  1.81476e+21
150.481  1.97091e+21
151.067  1.39062e+21
151.654  1.17893e+21
152.241  1.59027e+21
152.827  1.59457e+21
153.414  1.68392e+21
154.001  1.33094e+21
154.587  1.0688e+21
155.174  1.46199e+21
155.761  1.60462e+21
156.347  1.59613e+21
156.934  1.04803e+21
157.521  9.68642e+20
158.107  1.33887e+21
158.694  1.41551e+21
159.281  1.47221e+21
159.867  1.0636e+21
160.454  7.69335e+20
161.041  1.22812e+21
161.627  1.30324e+21
162.214  1.402e+21
162.801  9.94947e+20
163.387  7.96637e+20
163.974  1.02367e+21
164.561  1.19826e+21
165.147  1.34148e+21
165.734  1.02448e+21
166.321  7.86809e+20
166.907  1.09611e+21
167.494  1.07673e+21
168.081  1.34457e+21
168.667  1.1873e+21
169.254  8.30943e+20
169.841  1.13093e+21
170.427  1.09061e+21
171.014  1.21902e+21
171.601  1.14894e+21
172.187  1.02246e+21
172.774  1.11391e+21
173.361  1.14795e+21
173.947  1.28523e+21
174.534  1.16753e+21
175.121  9.33248e+20
175.707  1.29858e+21
176.294  1.25386e+21
176.881  1.27005e+21
177.467  1.18865e+21
178.054  9.34752e+20
178.641  1.15706e+21
179.227  1.36675e+21
179.814  1.42925e+21
180.401  1.14338e+21
180.987  9.2074e+20
181.574  1.18459e+21
182.161  1.39859e+21
182.747  1.52533e+21
183.334  1.24394e+21
183.921  9.17218e+20
184.507  1.10172e+21
185.094  1.34244e+21
185.681  1.65523e+21
186.267  1.32344e+21
186.854  9.89276e+20
187.441  9.69869e+20
188.027  1.33281e+21
188.614  1.56784e+21
189.201  1.47548e+21
189.787  1.04475e+21
190.374  9.65795e+20
190.961  1.22608e+21
191.547  1.54881e+21
192.134  1.40502e+21
192.721  1.15389e+21
193.307  8.93086e+20
193.894  1.16036e+21
194.481  1.54776e+21
195.067  1.34887e+21
195.654  1.13244e+21
196.241  9.49458e+20
196.827  1.14548e+21
197.414  1.28748e+21
198.001  1.44172e+21
198.587  1.21081e+21
199.174  8.02121e+20
199.761  1.07291e+21
200.347  1.42382e+21
200.934  1.2185e+21
201.521  1.24596e+21
202.107  8.47278e+20
202.694  8.81292e+20
203.281  1.216e+21
203.867  1.46546e+21
204.454  1.1741e+21
205.041  7.32857e+20
205.627  8.07582e+20
206.214  1.12683e+21
206.801  1.23968e+21
207.388  1.23859e+21
207.974  7.35224e+20
208.561  6.48353e+20
209.148  9.3699e+20
209.734  1.21036e+21
210.321  1.24296e+21
210.908  6.99266e+20
211.494  6.05642e+20
212.081  7.65684e+20
212.668  1.02656e+21
213.254  1.19721e+21
213.841  8.27348e+20
214.428  5.40308e+20
215.014  6.5326e+20
215.601  8.78723e+20
216.188  1.21303e+21
216.774  8.85436e+20
217.361  6.36652e+20
217.948  6.14215e+20
218.534  7.62459e+20
219.121  1.16234e+21
219.708  1.0289e+21
220.294  7.07484e+20
220.881  6.18692e+20
221.468  6.99111e+20
222.054  1.11557e+21
222.641  1.1538e+21
223.228  8.9806e+20
223.814  7.18474e+20
224.401  6.53044e+20
224.988  1.19913e+21
225.574  1.17085e+21
226.161  1.00874e+21
226.748  8.46232e+20
227.334  7.07431e+20
227.921  1.07932e+21
228.508  1.33446e+21
229.094  1.11342e+21
229.681  9.61021e+20
230.268  7.82512e+20
230.854  1.19214e+21
231.441  1.20483e+21
232.028  1.23236e+21
232.614  1.07233e+21
233.201  7.90739e+20
233.788  1.16397e+21
234.374  1.23012e+21
