#S 1 spectral density
#N 2
#UFWHM 8.21338
#L  abscissas [um]  spectral density
-234.375  5.51663e+19
-233.788  2.3623e+19
-233.202  6.31633e+19
-232.615  7.17436e+19
-232.028  4.22593e+19
-231.442  2.50187e+19
-230.855  4.77448e+19
-230.268  6.12138e+19
-229.682  2.42849e+19
-229.095  4.0923e+19
-228.508  8.45539e+19
-227.922  3.42816e+19
-227.335  3.30527e+19
-226.748  1.06727e+20
-226.162  2.80844e+19
-225.575  1.66691e+19
-224.988  5.48903e+19
-224.402  2.87678e+19
-223.815  2.31503e+19
-223.228  6.68806e+19
-222.642  5.81557e+19
-222.055  7.06118e+19
-221.468  2.19265e+19
-220.882  6.20914e+19
-220.295  4.34996e+19
-219.708  1.89731e+19
-219.122  6.28372e+19
-218.535  5.23026e+19
-217.948  2.09773e+19
-217.362  7.00991e+19
-216.775  3.3699e+19
-216.188  5.91429e+19
-215.602  3.13274e+19
-215.015  2.74398e+19
-214.428  5.54213e+19
-213.842  4.93885e+19
-213.255  4.35148e+19
-212.668  9.66852e+19
-212.082  2.75235e+19
-211.495  2.233e+19
-210.908  4.97193e+19
-210.322  8.16413e+18
-209.735  2.49332e+19
-209.148  6.99888e+19
-208.562  4.12041e+19
-207.975  7.33128e+19
-207.388  5.94617e+19
-206.802  4.29656e+19
-206.215  2.51165e+19
-205.628  4.10087e+19
-205.041  3.09916e+19
-204.455  3.35154e+19
-203.868  6.5582e+19
-203.281  6.98627e+19
-202.695  2.63733e+19
-202.108  8.85427e+19
-201.521  4.36169e+19
-200.935  1.10872e+19
-200.348  4.18332e+19
-199.761  6.28857e+19
-199.175  3.8872e+19
-198.588  4.09471e+19
-198.001  8.01029e+19
-197.415  6.14842e+19
-196.828  1.04739e+19
-196.241  9.21075e+19
-195.655  5.4067e+19
-195.068  1.58094e+19
-194.481  5.13649e+19
-193.895  4.2844e+19
-193.308  3.19493e+19
-192.721  4.17956e+19
-192.135  4.37585e+19
-191.548  8.87775e+19
-190.961  5.70849e+19
-190.375  4.79606e+19
-189.788  7.67559e+19
-189.201  2.37508e+19
-188.615  1.93759e+19
-188.028  5.82959e+19
-187.441  2.6775e+19
-186.855  6.16059e+19
-186.268  6.14118e+19
-185.681  4.75734e+19
-185.095  5.83323e+19
-184.508  6.38838e+19
-183.921  1.21771e+19
-183.335  3.21215e+19
-182.748  7.31516e+19
-182.161  3.29174e+19
-181.575  4.78165e+19
-180.988  1.04161e+20
-180.401  3.71376e+19
-179.815  4.3927e+19
-179.228  5.85455e+19
-178.641  3.79271e+19
-178.055  3.21184e+19
-177.468  4.7396e+19
-176.881  4.02548e+19
-176.295  2.81402e+19
-175.708  3.2284e+19
-175.121  6.08027e+19
-174.535  5.14655e+19
-173.948  9.34126e+19
-173.361  6.30608e+19
-172.775  3.16778e+19
-172.188  3.74983e+19
-171.601  3.93368e+19
-171.015  3.32615e+19
-170.428  5.56586e+19
-169.841  6.04237e+19
-169.255  5.40828e+19
-168.668  2.89592e+19
-168.081  9.88448e+19
-167.495  3.89222e+19
-166.908  2.90683e+19
-166.321  5.54034e+19
-165.735  3.4087e+19
-165.148  2.71213e+19
-164.561  9.77391e+19
-163.975  4.52273e+19
-163.388  5.17276e+19
-162.801  7.06694e+19
-162.215  4.73852e+19
-161.628  3.79838e+19
-161.041  1.04863e+20
-160.455  2.43613e+19
-159.868  4.24126e+19
-159.281  4.98072e+19
-158.695  2.27404e+19
-158.108  2.68472e+19
-157.521  1.0449e+20
-156.935  6.62124e+19
-156.348  5.10576e+19
-155.761  5.85297e+19
-155.175  4.08747e+19
-154.588  2.89308e+19
-154.001  1.08721e+20
-153.415  4.79495e+19
-152.828  4.92778e+19
-152.241  7.03121e+19
-151.655  4.28113e+19
-151.068  4.47516e+19
-150.481  9.72964e+19
-149.895  5.02534e+19
-149.308  3.31227e+19
-148.721  5.77728e+19
-148.135  4.09416e+19
-147.548  2.81147e+19
-146.961  8.61417e+19
-146.375  5.43459e+19
-145.788  6.91653e+19
-145.201  1.02289e+20
-144.614  4.31786e+19
-144.028  3.85358e+19
-143.441  1.02986e+20
-142.854  5.3046e+19
-142.268  4.82634e+19
-141.681  1.00722e+20
-141.094  4.28653e+19
-140.508  2.55517e+19
-139.921  1.00586e+20
-139.334  6.10944e+19
-138.748  4.6534e+19
-138.161  8.53053e+19
-137.574  4.20446e+19
-136.988  4.82964e+19
-136.401  9.45053e+19
-135.814  3.86632e+19
-135.228  5.2412e+19
-134.641  8.98859e+19
-134.054  7.44634e+19
-133.468  6.09805e+19
-132.881  1.07245e+20
-132.294  7.00694e+19
-131.708  5.53112e+19
-131.121  9.08017e+19
-130.534  4.98363e+19
-129.948  4.92801e+19
-129.361  1.04517e+20
-128.774  4.7581e+19
-128.188  7.08592e+19
-127.601  6.89727e+19
-127.014  5.04211e+19
-126.428  5.40858e+19
-125.841  1.19345e+20
-125.254  7.56346e+19
-124.668  3.90433e+19
-124.081  8.26524e+19
-123.494  4.35548e+19
-122.908  5.45652e+19
-122.321  1.57505e+20
-121.734  4.59393e+19
-121.148  8.10217e+19
-120.561  9.17895e+19
-119.974  6.60298e+19
-119.388  9.20891e+19
-118.801  1.3232e+20
-118.214  7.02896e+19
-117.628  6.96011e+19
-117.041  6.47361e+19
-116.454  5.6734e+19
-115.868  6.52832e+19
-115.281  1.17173e+20
-114.694  5.25562e+19
-114.108  1.1567e+20
-113.521  5.61561e+19
-112.934  5.01862e+19
-112.348  8.81354e+19
-111.761  9.47315e+19
-111.174  9.73566e+19
-110.588  9.89171e+19
-110.001  4.15291e+19
-109.414  8.16446e+19
-108.828  1.05951e+20
-108.241  1.13115e+20
-107.654  9.57458e+19
-107.068  1.45805e+20
-106.481  2.43483e+19
-105.894  8.54686e+19
-105.308  1.21317e+20
-104.721  4.84116e+19
-104.134  1.02311e+20
-103.548  1.00182e+20
-102.961  1.72913e+19
-102.374  1.06297e+20
-101.788  8.30393e+19
-101.201  7.86632e+19
-100.614  9.21152e+19
-100.028  1.40293e+20
-99.4409  2.60482e+19
-98.8542  8.23827e+19
-98.2676  1.02264e+20
-97.6809  5.87928e+19
-97.0942  1.30063e+20
-96.5075  1.40509e+20
-95.9209  3.81776e+19
-95.3342  1.22118e+20
-94.7475  7.79494e+19
-94.1609  1.60329e+20
-93.5742  1.19493e+20
-92.9875  1.16881e+20
-92.4009  1.09147e+20
-91.8142  5.99008e+19
-91.2275  8.78952e+19
-90.6409  1.62953e+20
-90.0542  5.78369e+19
-89.4675  1.12161e+20
-88.8808  1.0227e+20
-88.2942  7.59557e+19
-87.7075  7.08854e+19
-87.1208  1.56603e+20
-86.5342  4.29663e+19
-85.9475  8.99425e+19
-85.3608  1.1145e+20
-84.7741  4.92217e+19
-84.1875  9.54682e+19
-83.6008  1.38342e+20
-83.0141  5.45826e+19
-82.4275  1.72881e+20
-81.8408  6.53276e+19
-81.2541  1.03286e+20
-80.6675  1.22204e+20
-80.0808  1.11672e+20
-79.4941  1.32653e+20
-78.9074  1.37186e+20
-78.3208  5.08155e+19
-77.7341  1.36902e+20
-77.1474  1.44145e+20
-76.5608  9.6169e+19
-75.9741  1.27111e+20
-75.3874  1.86561e+20
-74.8008  3.81374e+19
-74.2141  1.28998e+20
-73.6274  1.2873e+20
-73.0408  7.19736e+19
-72.4541  1.03595e+20
-71.8674  7.3079e+19
-71.2807  1.13343e+20
-70.6941  1.11851e+20
-70.1074  6.72486e+19
-69.5207  1.40441e+20
-68.9341  4.41244e+19
-68.3474  1.28049e+20
-67.7607  1.19855e+20
-67.174  5.18967e+19
-66.5874  9.82422e+19
-66.0007  1.54314e+20
-65.414  4.54469e+19
-64.8274  1.0778e+20
-64.2407  1.78848e+20
-63.654  8.31765e+19
-63.0674  1.12079e+20
-62.4807  1.94423e+20
-61.894  9.39257e+19
-61.3073  1.89759e+20
-60.7207  1.04344e+20
-60.134  1.47469e+20
-59.5473  1.93207e+20
-58.9607  4.45882e+19
-58.374  2.07636e+20
-57.7873  1.81397e+20
-57.2007  8.77852e+19
-56.614  2.49303e+20
-56.0273  1.15105e+20
-55.4407  1.37383e+20
-54.854  1.78014e+20
-54.2673  1.04104e+20
-53.6806  1.78057e+20
-53.094  1.02873e+20
-52.5073  1.28103e+20
-51.9206  1.80771e+20
-51.334  5.94105e+19
-50.7473  1.82373e+20
-50.1606  1.92692e+20
-49.5739  6.449e+19
-48.9873  1.15264e+20
-48.4006  1.92209e+20
-47.8139  1.07046e+20
-47.2273  1.30731e+20
-46.6406  1.65487e+20
-46.0539  1.46299e+20
-45.4673  1.29934e+20
-44.8806  1.23581e+20
-44.2939  1.71181e+20
-43.7072  2.62707e+20
-43.1206  7.67458e+19
-42.5339  2.32455e+20
-41.9472  2.323e+20
-41.3606  1.24028e+20
-40.7739  3.0579e+20
-40.1872  2.06599e+20
-39.6006  2.04469e+20
-39.0139  3.01942e+20
-38.4272  1.91198e+20
-37.8406  4.26076e+20
-37.2539  2.47669e+20
-36.6672  2.71577e+20
-36.0805  4.10643e+20
-35.4939  1.74211e+20
-34.9072  4.49704e+20
-34.3205  4.25844e+20
-33.7339  2.34327e+20
-33.1472  4.73372e+20
-32.5605  3.72252e+20
-31.9738  5.00778e+20
-31.3872  4.59193e+20
-30.8005  3.30312e+20
-30.2138  5.85876e+20
-29.6272  3.79935e+20
-29.0405  3.95814e+20
-28.4538  6.71261e+20
-27.8672  4.66447e+20
-27.2805  5.01966e+20
-26.6938  5.36407e+20
-26.1072  6.73471e+20
-25.5205  6.82736e+20
-24.9338  4.79311e+20
-24.3471  6.42785e+20
-23.7605  7.76267e+20
-23.1738  6.11974e+20
-22.5871  7.75634e+20
-22.0005  9.77299e+20
-21.4138  8.00851e+20
-20.8271  8.44152e+20
-20.2404  1.00027e+21
-19.6538  1.15195e+21
-19.0671  1.20557e+21
-18.4804  9.28558e+20
-17.8938  1.52466e+21
-17.3071  1.64525e+21
-16.7204  1.39944e+21
-16.1338  2.12934e+21
-15.5471  2.07121e+21
-14.9604  2.41521e+21
-14.3737  2.76069e+21
-13.7871  3.04338e+21
-13.2004  4.29486e+21
-12.6137  4.09543e+21
-12.0271  5.38693e+21
-11.4404  7.43214e+21
-10.8537  8.01746e+21
-10.2671  1.11516e+22
-9.68039  1.38283e+22
-9.09372  1.81942e+22
-8.50705  2.44479e+22
-7.92038  3.0782e+22
-7.33371  4.31889e+22
-6.74704  5.52864e+22
-6.16037  6.99638e+22
-5.5737  9.2209e+22
-4.98703  1.11276e+23
-4.40036  1.36977e+23
-3.81369  1.65132e+23
-3.22702  1.88176e+23
-2.64035  2.17955e+23
-2.05368  2.39386e+23
-1.46701  2.56208e+23
-0.88034  2.75972e+23
-0.29367  2.78742e+23
0.293  2.79847e+23
0.87967  2.78833e+23
1.46634  2.60707e+23
2.05301  2.45537e+23
2.63968  2.24906e+23
3.22635  1.9568e+23
3.81302  1.72902e+23
4.39969  1.4428e+23
4.98636  1.18087e+23
5.57303  9.83437e+22
6.1597  7.50915e+22
6.74637  5.95996e+22
7.33304  4.66462e+22
7.91971  3.34045e+22
8.50638  2.64805e+22
9.09305  1.96803e+22
9.67972  1.49238e+22
10.2664  1.1963e+22
10.8531  8.58723e+21
11.4397  7.88526e+21
12.0264  5.71686e+21
12.6131  4.33946e+21
13.1997  4.50019e+21
13.7864  3.19297e+21
14.3731  2.87739e+21
14.9597  2.51306e+21
15.5464  2.14515e+21
16.1331  2.19622e+21
16.7198  1.44795e+21
17.3064  1.69335e+21
17.8931  1.56657e+21
18.4798  9.60087e+20
19.0664  1.23819e+21
19.6531  1.17868e+21
20.2398  1.02388e+21
20.8265  8.61773e+20
21.4131  8.1793e+20
21.9998  9.9304e+20
22.5865  7.8942e+20
23.1731  6.23737e+20
23.7598  7.8907e+20
24.3465  6.54124e+20
24.9331  4.8928e+20
25.5198  6.91333e+20
26.1065  6.83546e+20
26.6931  5.42909e+20
27.2798  5.08096e+20
27.8665  4.72736e+20
28.4532  6.76751e+20
29.0398  4.01745e+20
29.6265  3.83599e+20
30.2132  5.92311e+20
30.7998  3.34377e+20
31.3865  4.63701e+20
31.9732  5.05507e+20
32.5599  3.75634e+20
33.1465  4.76095e+20
33.7332  2.37233e+20
34.3199  4.28167e+20
34.9065  4.53005e+20
35.4932  1.75748e+20
36.0799  4.13549e+20
36.6665  2.74202e+20
37.2532  2.49418e+20
37.8399  4.29717e+20
38.4265  1.92182e+20
39.0132  3.04232e+20
39.5999  2.06002e+20
40.1866  2.0823e+20
40.7732  3.06526e+20
41.3599  1.254e+20
41.9466  2.33843e+20
42.5332  2.34157e+20
43.1199  7.74242e+19
43.7066  2.65407e+20
44.2933  1.72444e+20
44.8799  1.24427e+20
45.4666  1.31312e+20
46.0533  1.47218e+20
46.6399  1.66497e+20
47.2266  1.31261e+20
47.8133  1.0805e+20
48.3999  1.92841e+20
48.9866  1.16637e+20
49.5733  6.49491e+19
50.1599  1.93933e+20
50.7466  1.83657e+20
51.3333  6.00223e+19
51.92  1.81011e+20
52.5066  1.29176e+20
53.0933  1.02907e+20
53.68  1.78976e+20
54.2666  1.04634e+20
54.8533  1.78381e+20
55.44  1.37275e+20
56.0266  1.15325e+20
56.6133  2.49635e+20
57.2  8.82847e+19
57.7867  1.82421e+20
58.3733  2.08053e+20
58.96  4.47509e+19
59.5467  1.93312e+20
60.1333  1.47913e+20
60.72  1.04186e+20
61.3067  1.90369e+20
61.8933  9.41601e+19
62.48  1.95304e+20
63.0667  1.11821e+20
63.6534  8.41147e+19
64.24  1.79512e+20
64.8267  1.08203e+20
65.4134  4.6179e+19
66  1.54814e+20
66.5867  9.84191e+19
67.1734  5.22194e+19
67.7601  1.20397e+20
68.3467  1.28783e+20
68.9334  4.46754e+19
69.5201  1.41601e+20
70.1067  6.79111e+19
70.6934  1.12384e+20
71.2801  1.14216e+20
71.8667  7.32812e+19
72.4534  1.04055e+20
73.0401  7.27281e+19
73.6268  1.29689e+20
74.2134  1.29384e+20
74.8001  3.84223e+19
75.3868  1.86522e+20
75.9734  1.27661e+20
76.5601  9.62841e+19
77.1468  1.44686e+20
77.7334  1.37351e+20
78.3201  5.1148e+19
78.9068  1.37027e+20
79.4934  1.33398e+20
80.0801  1.11767e+20
80.6668  1.22326e+20
81.2535  1.04095e+20
81.8401  6.5125e+19
82.4268  1.72809e+20
83.0135  5.47825e+19
83.6001  1.38678e+20
84.1868  9.5664e+19
84.7735  4.97951e+19
85.3602  1.12035e+20
85.9468  8.99423e+19
86.5335  4.32209e+19
87.1202  1.5746e+20
87.7068  7.11115e+19
88.2935  7.66111e+19
88.8802  1.02906e+20
89.4668  1.13325e+20
90.0535  5.81431e+19
90.6402  1.63986e+20
91.2268  8.85336e+19
91.8135  5.9951e+19
92.4002  1.09116e+20
92.9869  1.17751e+20
93.5735  1.19771e+20
94.1602  1.61309e+20
94.7469  7.79878e+19
95.3335  1.22372e+20
95.9202  3.82797e+19
96.5069  1.41533e+20
97.0935  1.30257e+20
97.6802  5.90372e+19
98.2669  1.02018e+20
98.8536  8.23583e+19
99.4402  2.54278e+19
100.027  1.41424e+20
100.614  9.24875e+19
101.2  7.90933e+19
101.787  8.286e+19
102.374  1.07027e+20
102.96  1.70038e+19
103.547  1.0062e+20
104.134  1.02787e+20
104.72  4.82426e+19
105.307  1.21394e+20
105.894  8.62779e+19
106.48  2.46383e+19
107.067  1.46399e+20
107.654  9.64373e+19
108.24  1.13566e+20
108.827  1.05783e+20
109.414  8.25213e+19
110  4.15984e+19
110.587  9.933e+19
111.174  9.76314e+19
111.76  9.52465e+19
112.347  8.88056e+19
112.934  5.12068e+19
113.52  5.66386e+19
114.107  1.16226e+20
114.694  5.22361e+19
115.28  1.1738e+20
115.867  6.52602e+19
116.454  5.69094e+19
117.04  6.50446e+19
117.627  6.96331e+19
118.214  7.00914e+19
118.8  1.3258e+20
119.387  9.26457e+19
119.974  6.58032e+19
120.56  9.17422e+19
121.147  8.12325e+19
121.734  4.53614e+19
122.32  1.58113e+20
122.907  5.48894e+19
123.494  4.37317e+19
124.08  8.3232e+19
124.667  3.99838e+19
125.254  7.61245e+19
125.84  1.20321e+20
126.427  5.46808e+19
127.014  5.04032e+19
127.6  6.87627e+19
128.187  7.22655e+19
128.774  4.79928e+19
129.36  1.05622e+20
129.947  5.00813e+19
130.534  4.98996e+19
131.12  9.04511e+19
131.707  5.61615e+19
132.294  7.02584e+19
132.88  1.07209e+20
133.467  6.10768e+19
134.054  7.39158e+19
134.64  8.90459e+19
135.227  5.32241e+19
135.814  3.87906e+19
136.4  9.44288e+19
136.987  4.84885e+19
137.574  4.18629e+19
138.16  8.46029e+19
138.747  4.70379e+19
139.334  6.11883e+19
139.92  1.00642e+20
140.507  2.59152e+19
141.094  4.32652e+19
141.68  1.00114e+20
142.267  4.9493e+19
142.854  5.33332e+19
143.44  1.02721e+20
144.027  3.9041e+19
144.614  4.33069e+19
145.2  1.01817e+20
145.787  6.97271e+19
146.374  5.4761e+19
146.96  8.64134e+19
147.547  2.8852e+19
148.134  4.12943e+19
148.721  5.78275e+19
149.307  3.33821e+19
149.894  5.04044e+19
150.481  9.69687e+19
151.067  4.52945e+19
151.654  4.29527e+19
152.241  7.00383e+19
152.827  4.99479e+19
153.414  4.83337e+19
154.001  1.08321e+20
154.587  2.88552e+19
155.174  4.1021e+19
155.761  5.75732e+19
156.347  5.1439e+19
156.934  6.63322e+19
157.521  1.04016e+20
158.107  2.70722e+19
158.694  2.31086e+19
159.281  4.9176e+19
159.867  4.33171e+19
160.454  2.43269e+19
161.041  1.04043e+20
161.627  3.81751e+19
162.214  4.7452e+19
162.801  7.01227e+19
163.387  5.2318e+19
163.974  4.52548e+19
164.561  9.71014e+19
165.147  2.77097e+19
165.734  3.40266e+19
166.321  5.52211e+19
166.907  2.94089e+19
167.494  3.88739e+19
168.081  9.81566e+19
168.667  2.93737e+19
169.254  5.45015e+19
169.841  6.04098e+19
170.427  5.6146e+19
171.014  3.32778e+19
171.601  3.90041e+19
172.187  3.74386e+19
172.774  3.16574e+19
173.361  6.27363e+19
173.947  9.37108e+19
174.534  5.12274e+19
175.121  6.08947e+19
175.707  3.27852e+19
176.294  2.81318e+19
176.881  3.96957e+19
177.467  4.77944e+19
178.054  3.13716e+19
178.641  3.76773e+19
179.227  5.91067e+19
179.814  4.36943e+19
180.401  3.6952e+19
180.987  1.04349e+20
181.574  4.71926e+19
182.161  3.30366e+19
182.747  7.31931e+19
183.334  3.17029e+19
183.921  1.24098e+19
184.507  6.38984e+19
185.094  5.80262e+19
185.681  4.79506e+19
186.267  6.15899e+19
186.854  6.12589e+19
187.441  2.72762e+19
188.027  5.88266e+19
188.614  1.91841e+19
189.201  2.40776e+19
189.787  7.6863e+19
190.374  4.7601e+19
190.961  5.73349e+19
191.547  8.88411e+19
192.134  4.36935e+19
192.721  4.21913e+19
193.307  3.19846e+19
193.894  4.28086e+19
194.481  5.18253e+19
195.067  1.54091e+19
195.654  5.37913e+19
196.241  9.21932e+19
196.827  1.01393e+19
197.414  6.14561e+19
198.001  8.02228e+19
198.587  4.0719e+19
199.174  3.89331e+19
199.761  6.29811e+19
200.347  4.15627e+19
200.934  1.09711e+19
201.521  4.37116e+19
202.107  8.81765e+19
202.694  2.63151e+19
203.281  7.055e+19
203.867  6.5508e+19
204.454  3.38667e+19
205.041  3.12197e+19
205.627  4.08662e+19
206.214  2.50071e+19
206.801  4.30386e+19
207.388  5.86975e+19
207.974  7.35236e+19
208.561  4.09335e+19
209.148  7.05271e+19
209.734  2.54276e+19
210.321  8.25555e+18
210.908  4.94981e+19
211.494  2.24573e+19
212.081  2.66959e+19
212.668  9.67584e+19
213.254  4.369e+19
213.841  4.90815e+19
214.428  5.58027e+19
215.014  2.77441e+19
215.601  3.07777e+19
216.188  5.934e+19
216.774  3.33166e+19
217.361  6.95164e+19
217.948  2.12269e+19
218.534  5.21883e+19
219.121  6.30069e+19
219.708  1.96528e+19
220.294  4.34905e+19
220.881  6.26257e+19
221.468  2.19217e+19
222.054  6.99575e+19
222.641  5.7967e+19
223.228  6.68619e+19
223.814  2.30331e+19
224.401  2.93534e+19
224.988  5.53003e+19
225.574  1.66953e+19
226.161  2.82726e+19
226.748  1.06428e+20
227.334  3.30804e+19
227.921  3.44147e+19
228.508  8.39707e+19
229.094  4.06717e+19
229.681  2.44497e+19
230.268  6.09383e+19
230.854  4.84401e+19
231.441  2.5189e+19
232.028  4.19236e+19
232.614  7.18781e+19
233.201  6.30006e+19
233.788  2.33531e+19
234.374  5.57036e+19
