#S 1 spectral density
#N 2
#UFWHM 8.80005
#L  abscissas [um]  spectral density
-234.375  3.29319e+19
-233.788  3.62261e+19
-233.202  6.57615e+19
-232.615  6.51584e+19
-232.028  2.97022e+19
-231.442  3.09425e+19
-230.855  4.73806e+19
-230.268  5.58035e+19
-229.682  4.89011e+19
-229.095  5.11325e+19
-228.508  2.50828e+19
-227.922  2.97303e+19
-227.335  6.34629e+19
-226.748  7.29351e+19
-226.162  2.9026e+19
-225.575  3.84177e+19
-224.988  3.75336e+19
-224.402  4.4069e+19
-223.815  6.19468e+19
-223.228  7.37711e+19
-222.642  2.657e+19
-222.055  3.16549e+19
-221.468  6.35984e+19
-220.882  5.46496e+19
-220.295  4.90422e+19
-219.708  5.97681e+19
-219.122  2.79695e+19
-218.535  4.39757e+19
-217.948  6.9291e+19
-217.362  6.65737e+19
-216.775  4.43549e+19
-216.188  4.58939e+19
-215.602  4.32523e+19
-215.015  6.07543e+19
-214.428  6.529e+19
-213.842  5.24132e+19
-213.255  3.51136e+19
-212.668  4.6504e+19
-212.082  4.94205e+19
-211.495  6.28484e+19
-210.908  6.45099e+19
-210.322  3.75244e+19
-209.735  3.85473e+19
-209.148  6.00306e+19
-208.562  5.2848e+19
-207.975  4.85251e+19
-207.388  4.9035e+19
-206.802  3.62047e+19
-206.215  4.1541e+19
-205.628  7.4941e+19
-205.041  5.34593e+19
-204.455  2.72066e+19
-203.868  4.58035e+19
-203.281  4.86559e+19
-202.695  4.11227e+19
-202.108  7.53703e+19
-201.521  5.61823e+19
-200.935  1.88002e+19
-200.348  5.37752e+19
-199.761  6.88985e+19
-199.175  3.33829e+19
-198.588  5.14686e+19
-198.001  4.85079e+19
-197.415  2.13926e+19
-196.828  5.81299e+19
-196.241  9.65011e+19
-195.655  4.19308e+19
-195.068  2.61799e+19
-194.481  5.45799e+19
-193.895  3.84915e+19
-193.308  4.22574e+19
-192.721  9.23582e+19
-192.135  4.66408e+19
-191.548  1.86856e+19
-190.961  5.49931e+19
-190.375  6.73118e+19
-189.788  3.96556e+19
-189.201  5.67166e+19
-188.615  4.67946e+19
-188.028  2.38003e+19
-187.441  4.70895e+19
-186.855  8.14269e+19
-186.268  4.87566e+19
-185.681  4.06849e+19
-185.095  4.91061e+19
-184.508  4.87637e+19
-183.921  5.11963e+19
-183.335  5.99332e+19
-182.748  4.76769e+19
-182.161  3.42737e+19
-181.575  4.04305e+19
-180.988  6.11773e+19
-180.401  6.2433e+19
-179.815  5.58558e+19
-179.228  5.91693e+19
-178.641  5.14007e+19
-178.055  4.90031e+19
-177.468  4.55387e+19
-176.881  5.89269e+19
-176.295  6.91587e+19
-175.708  5.11e+19
-175.121  5.79704e+19
-174.535  7.01504e+19
-173.948  4.42264e+19
-173.361  5.42703e+19
-172.775  8.33192e+19
-172.188  5.74988e+19
-171.601  3.83997e+19
-171.015  6.79241e+19
-170.428  6.81387e+19
-169.841  4.47795e+19
-169.255  1.02365e+20
-168.668  7.62872e+19
-168.081  3.07879e+19
-167.495  7.31717e+19
-166.908  9.4392e+19
-166.321  4.95513e+19
-165.735  7.07743e+19
-165.148  6.43582e+19
-164.561  4.05365e+19
-163.975  5.93849e+19
-163.388  1.00771e+20
-162.801  6.67271e+19
-162.215  4.51891e+19
-161.628  6.27198e+19
-161.041  4.67159e+19
-160.455  6.08548e+19
-159.868  8.51176e+19
-159.281  5.51747e+19
-158.695  5.63492e+19
-158.108  5.97065e+19
-157.521  5.89317e+19
-156.935  6.65893e+19
-156.348  6.04372e+19
-155.761  4.71719e+19
-155.175  7.85824e+19
-154.588  7.54342e+19
-154.001  4.26054e+19
-153.415  4.61589e+19
-152.828  5.65597e+19
-152.241  4.28229e+19
-151.655  9.45535e+19
-151.068  9.77297e+19
-150.481  3.48399e+19
-149.895  4.31252e+19
-149.308  6.64479e+19
-148.721  5.17971e+19
-148.135  8.40104e+19
-147.548  8.22154e+19
-146.961  3.04838e+19
-146.375  4.28562e+19
-145.788  8.32414e+19
-145.201  6.39522e+19
-144.614  6.56589e+19
-144.028  5.96784e+19
-143.441  2.95265e+19
-142.854  4.9083e+19
-142.268  9.2996e+19
-141.681  5.90784e+19
-141.094  5.27316e+19
-140.508  5.51606e+19
-139.921  3.4412e+19
-139.334  7.55712e+19
-138.748  1.07415e+20
-138.161  4.02941e+19
-137.574  5.75719e+19
-136.988  5.839e+19
-136.401  3.53935e+19
-135.814  8.14761e+19
-135.228  8.74006e+19
-134.641  3.61648e+19
-134.054  5.86547e+19
-133.468  6.59075e+19
-132.881  4.53277e+19
-132.294  6.9159e+19
-131.708  8.41039e+19
-131.121  5.53048e+19
-130.534  5.31156e+19
-129.948  6.16027e+19
-129.361  3.66552e+19
-128.774  7.77275e+19
-128.188  1.11985e+20
-127.601  7.28765e+19
-127.014  6.56112e+19
-126.428  5.19182e+19
-125.841  2.9033e+19
-125.254  1.01986e+20
-124.668  1.20804e+20
-124.081  7.40528e+19
-123.494  5.94269e+19
-122.908  3.9368e+19
-122.321  4.72685e+19
-121.734  1.18486e+20
-121.148  1.28078e+20
-120.561  4.65427e+19
-119.974  6.68852e+19
-119.388  5.45583e+19
-118.801  6.63256e+19
-118.214  1.24192e+20
-117.628  1.02742e+20
-117.041  4.81868e+19
-116.454  1.00775e+20
-115.868  7.41505e+19
-115.281  7.68312e+19
-114.694  1.06746e+20
-114.108  8.77136e+19
-113.521  8.67404e+19
-112.934  1.10108e+20
-112.348  6.67701e+19
-111.761  5.98738e+19
-111.174  7.94703e+19
-110.588  1.05269e+20
-110.001  1.19153e+20
-109.414  9.53647e+19
-108.828  3.8923e+19
-108.241  4.52301e+19
-107.654  9.41645e+19
-107.068  1.42219e+20
-106.481  1.12205e+20
-105.894  8.42585e+19
-105.308  2.96997e+19
-104.721  6.66354e+19
-104.134  1.31263e+20
-103.548  1.37362e+20
-102.961  1.04858e+20
-102.374  9.66365e+19
-101.788  3.63551e+19
-101.201  1.17563e+20
-100.614  1.21694e+20
-100.028  9.32799e+19
-99.4409  1.36235e+20
-98.8542  9.79781e+19
-98.2676  5.84902e+19
-97.6809  1.22453e+20
-97.0942  6.30046e+19
-96.5075  9.84288e+19
-95.9209  1.78318e+20
-95.3342  1.0174e+20
-94.7475  4.67462e+19
-94.1609  8.62781e+19
-93.5742  5.06379e+19
-92.9875  1.49987e+20
-92.4009  2.00242e+20
-91.8142  6.92857e+19
-91.2275  2.90037e+19
-90.6409  8.91788e+19
-90.0542  8.37335e+19
-89.4675  2.04221e+20
-88.8808  1.74261e+20
-88.2942  4.19496e+19
-87.7075  4.78584e+19
-87.1208  1.19752e+20
-86.5342  1.22893e+20
-85.9475  1.83619e+20
-85.3608  1.35916e+20
-84.7741  6.06867e+19
-84.1875  8.26278e+19
-83.6008  1.21975e+20
-83.0141  9.14494e+19
-82.4275  1.59836e+20
-81.8408  1.38659e+20
-81.2541  9.96747e+19
-80.6675  9.10424e+19
-80.0808  7.78321e+19
-79.4941  6.14733e+19
-78.9074  1.78996e+20
-78.3208  1.6451e+20
-77.7341  9.57618e+19
-77.1474  7.24224e+19
-76.5608  3.56574e+19
-75.9741  8.72284e+19
-75.3874  2.59746e+20
-74.8008  1.32465e+20
-74.2141  8.13052e+19
-73.6274  7.09059e+19
-73.0408  3.62228e+19
-72.4541  1.95137e+20
-71.8674  2.51593e+20
-71.2807  7.12859e+19
-70.6941  1.15626e+20
-70.1074  7.53153e+19
-69.5207  8.59638e+19
-68.9341  2.24398e+20
-68.3474  1.57184e+20
-67.7607  9.17002e+19
-67.174  1.74249e+20
-66.5874  6.68199e+19
-66.0007  1.26986e+20
-65.414  1.64748e+20
-64.8274  9.48568e+19
-64.2407  1.78447e+20
-63.654  1.67281e+20
-63.0674  3.74322e+19
-62.4807  1.22131e+20
-61.894  1.09222e+20
-61.3073  1.66524e+20
-60.7207  2.25259e+20
-60.134  8.86697e+19
-59.5473  3.6719e+19
-58.9607  1.39785e+20
-58.374  1.4957e+20
-57.7873  2.36132e+20
-57.2007  1.79132e+20
-56.614  5.04517e+19
-56.0273  8.48329e+19
-55.4407  2.27324e+20
-54.854  1.92827e+20
-54.2673  1.99324e+20
-53.6806  1.60167e+20
-53.094  1.06311e+20
-52.5073  1.76952e+20
-51.9206  2.86322e+20
-51.334  1.60313e+20
-50.7473  1.54828e+20
-50.1606  2.21968e+20
-49.5739  1.96298e+20
-48.9873  2.43963e+20
-48.4006  2.22576e+20
-47.8139  9.98726e+19
-47.2273  2.3196e+20
-46.6406  2.57504e+20
-46.0539  2.13939e+20
-45.4673  2.73032e+20
-44.8806  1.12196e+20
-44.2939  1.62434e+20
-43.7072  3.59173e+20
-43.1206  1.87922e+20
-42.5339  2.3047e+20
-41.9472  2.39326e+20
-41.3606  1.08987e+20
-40.7739  3.12676e+20
-40.1872  3.0255e+20
-39.6006  1.17031e+20
-39.0139  3.29075e+20
-38.4272  2.37648e+20
-37.8406  2.33408e+20
-37.2539  3.86176e+20
-36.6672  1.69547e+20
-36.0805  2.80939e+20
-35.4939  4.91861e+20
-34.9072  2.3801e+20
-34.3205  3.66851e+20
-33.7339  2.91633e+20
-33.1472  2.27377e+20
-32.5605  6.60337e+20
-31.9738  4.86353e+20
-31.3872  3.29645e+20
-30.8005  4.8123e+20
-30.2138  2.96682e+20
-29.6272  6.75291e+20
-29.0405  8.66176e+20
-28.4538  3.84293e+20
-27.8672  5.73919e+20
-27.2805  5.896e+20
-26.6938  6.23204e+20
-26.1072  1.14915e+21
-25.5205  7.45666e+20
-24.9338  5.74927e+20
-24.3471  9.37248e+20
-23.7605  8.67355e+20
-23.1738  1.22999e+21
-22.5871  1.21533e+21
-22.0005  7.2802e+20
-21.4138  1.22527e+21
-20.8271  1.31891e+21
-20.2404  1.46634e+21
-19.6538  1.81287e+21
-19.0671  1.23193e+21
-18.4804  1.52251e+21
-17.8938  2.25269e+21
-17.3071  2.06985e+21
-16.7204  2.37543e+21
-16.1338  2.41659e+21
-15.5471  2.32396e+21
-14.9604  3.32771e+21
-14.3737  3.82512e+21
-13.7871  4.0084e+21
-13.2004  4.58057e+21
-12.6137  5.10277e+21
-12.0271  6.91071e+21
-11.4404  8.92454e+21
-10.8537  1.02775e+22
-10.2671  1.32576e+22
-9.68039  1.71413e+22
-9.09372  2.26258e+22
-8.50705  3.14357e+22
-7.92038  4.04609e+22
-7.33371  5.15183e+22
-6.74704  6.70268e+22
-6.16037  8.50862e+22
-5.5737  1.0665e+23
-4.98703  1.30999e+23
-4.40036  1.54553e+23
-3.81369  1.78703e+23
-3.22702  2.04322e+23
-2.64035  2.2903e+23
-2.05368  2.50652e+23
-1.46701  2.67522e+23
-0.88034  2.77777e+23
-0.29367  2.81144e+23
0.293  2.80176e+23
0.87967  2.74866e+23
1.46634  2.62915e+23
2.05301  2.44793e+23
2.63968  2.22135e+23
3.22635  1.96742e+23
3.81302  1.70887e+23
4.39969  1.46773e+23
4.98636  1.23628e+23
5.57303  1.00047e+23
6.1597  7.93014e+22
6.74637  6.21159e+22
7.33304  4.75104e+22
7.91971  3.72241e+22
8.50638  2.89231e+22
9.09305  2.0769e+22
9.67972  1.57676e+22
10.2664  1.22594e+22
10.8531  9.5519e+21
11.4397  8.38073e+21
12.0264  6.51431e+21
12.6131  4.81965e+21
13.1997  4.35636e+21
13.7864  3.8369e+21
14.3731  3.67708e+21
14.9597  3.21522e+21
15.5464  2.23623e+21
16.1331  2.34813e+21
16.7198  2.31357e+21
17.3064  2.01763e+21
17.8931  2.19774e+21
18.4798  1.48385e+21
19.0664  1.19769e+21
19.6531  1.77562e+21
20.2398  1.43437e+21
20.8265  1.29078e+21
21.4131  1.20152e+21
21.9998  7.11216e+20
22.5865  1.19854e+21
23.1731  1.2119e+21
23.7598  8.53932e+20
24.3465  9.22157e+20
24.9331  5.64829e+20
25.5198  7.33031e+20
26.1065  1.13456e+21
26.6931  6.12204e+20
27.2798  5.80787e+20
27.8665  5.6603e+20
28.4532  3.78843e+20
29.0398  8.57967e+20
29.6265  6.68415e+20
30.2132  2.92335e+20
30.7998  4.7441e+20
31.3865  3.2435e+20
31.9732  4.80509e+20
32.5599  6.53647e+20
33.1465  2.23394e+20
33.7332  2.893e+20
34.3199  3.6302e+20
34.9065  2.35338e+20
35.4932  4.88159e+20
36.0799  2.79231e+20
36.6665  1.67536e+20
37.2532  3.82692e+20
37.8399  2.30484e+20
38.4265  2.34801e+20
39.0132  3.25488e+20
39.5999  1.15715e+20
40.1866  3.00671e+20
40.7732  3.09393e+20
41.3599  1.07974e+20
41.9466  2.37399e+20
42.5332  2.29331e+20
43.1199  1.86563e+20
43.7066  3.58e+20
44.2933  1.61053e+20
44.8799  1.11288e+20
45.4666  2.70141e+20
46.0533  2.12482e+20
46.6399  2.5511e+20
47.2266  2.29255e+20
47.8133  9.97019e+19
48.3999  2.21805e+20
48.9866  2.42864e+20
49.5733  1.95226e+20
50.1599  2.21551e+20
50.7466  1.53218e+20
51.3333  1.59514e+20
51.92  2.84082e+20
52.5066  1.75715e+20
53.0933  1.04972e+20
53.68  1.59991e+20
54.2666  1.98641e+20
54.8533  1.91119e+20
55.44  2.25857e+20
56.0266  8.44179e+19
56.6133  4.96144e+19
57.2  1.78308e+20
57.7867  2.35685e+20
58.3733  1.48063e+20
58.96  1.39222e+20
59.5467  3.65676e+19
60.1333  8.75258e+19
60.72  2.23516e+20
61.3067  1.66037e+20
61.8933  1.08418e+20
62.48  1.21885e+20
63.0667  3.70265e+19
63.6534  1.6677e+20
64.24  1.77726e+20
64.8267  9.45581e+19
65.4134  1.64351e+20
66  1.26506e+20
66.5867  6.63954e+19
67.1734  1.73594e+20
67.7601  9.14048e+19
68.3467  1.57047e+20
68.9334  2.24238e+20
69.5201  8.5667e+19
70.1067  7.55673e+19
70.6934  1.15264e+20
71.2801  7.10545e+19
71.8667  2.50795e+20
72.4534  1.9559e+20
73.0401  3.58867e+19
73.6268  7.13172e+19
74.2134  8.11967e+19
74.8001  1.31933e+20
75.3868  2.58032e+20
75.9734  8.75601e+19
76.5601  3.54565e+19
77.1468  7.16865e+19
77.7334  9.59842e+19
78.3201  1.63701e+20
78.9068  1.78151e+20
79.4934  6.14455e+19
80.0801  7.77222e+19
80.6668  8.96724e+19
81.2535  9.9675e+19
81.8401  1.3786e+20
82.4268  1.59256e+20
83.0135  9.07646e+19
83.6001  1.21592e+20
84.1868  8.1877e+19
84.7735  6.03663e+19
85.3602  1.35079e+20
85.9468  1.84061e+20
86.5335  1.22221e+20
87.1202  1.19348e+20
87.7068  4.78684e+19
88.2935  4.17755e+19
88.8802  1.73522e+20
89.4668  2.04233e+20
90.0535  8.38755e+19
90.6402  8.90389e+19
91.2268  2.91941e+19
91.8135  6.91094e+19
92.4002  2.00014e+20
92.9869  1.49454e+20
93.5735  5.08301e+19
94.1602  8.59592e+19
94.7469  4.66198e+19
95.3335  1.01065e+20
95.9202  1.78704e+20
96.5069  9.8509e+19
97.0935  6.28061e+19
97.6802  1.21068e+20
98.2669  5.82907e+19
98.8536  9.66926e+19
99.4402  1.35693e+20
100.027  9.35419e+19
100.614  1.21322e+20
101.2  1.16527e+20
101.787  3.60393e+19
102.374  9.62973e+19
102.96  1.04194e+20
103.547  1.36823e+20
104.134  1.30734e+20
104.72  6.62882e+19
105.307  2.93032e+19
105.894  8.43368e+19
106.48  1.12258e+20
107.067  1.42024e+20
107.654  9.39173e+19
108.24  4.5558e+19
108.827  3.89359e+19
109.414  9.53274e+19
110  1.18763e+20
110.587  1.05239e+20
111.174  7.92318e+19
111.76  6.01202e+19
112.347  6.69656e+19
112.934  1.10795e+20
113.52  8.67209e+19
114.107  8.74689e+19
114.694  1.05876e+20
115.28  7.66821e+19
115.867  7.29788e+19
116.454  1.00707e+20
117.04  4.8299e+19
117.627  1.02099e+20
118.214  1.23458e+20
118.8  6.6394e+19
119.387  5.43468e+19
119.974  6.6376e+19
120.56  4.64822e+19
121.147  1.27411e+20
121.734  1.17794e+20
122.32  4.71806e+19
122.907  3.93669e+19
123.494  5.96693e+19
124.08  7.42908e+19
124.667  1.20738e+20
125.254  1.02882e+20
125.84  2.95722e+19
126.427  5.20705e+19
127.014  6.516e+19
127.6  7.26943e+19
128.187  1.11938e+20
128.774  7.83397e+19
129.36  3.73743e+19
129.947  6.24458e+19
130.534  5.29456e+19
131.12  5.49529e+19
131.707  8.40901e+19
132.294  6.92579e+19
132.88  4.45762e+19
133.467  6.57986e+19
134.054  5.83017e+19
134.64  3.54179e+19
135.227  8.72178e+19
135.814  8.18411e+19
136.4  3.5254e+19
136.987  5.78002e+19
137.574  5.70696e+19
138.16  3.99727e+19
138.747  1.06619e+20
139.334  7.55151e+19
139.92  3.43473e+19
140.507  5.50954e+19
141.094  5.27021e+19
141.68  5.88662e+19
142.267  9.34335e+19
142.854  4.93491e+19
143.44  2.94131e+19
144.027  5.96014e+19
144.614  6.53415e+19
145.2  6.41176e+19
145.787  8.30142e+19
146.374  4.28641e+19
146.96  3.12818e+19
147.547  8.22609e+19
148.134  8.38644e+19
148.721  5.22971e+19
149.307  6.63894e+19
149.894  4.25081e+19
150.481  3.44413e+19
151.067  9.73731e+19
151.654  9.41026e+19
152.241  4.32146e+19
152.827  5.70218e+19
153.414  4.59322e+19
154.001  4.22845e+19
154.587  7.45646e+19
155.174  7.82156e+19
155.761  4.72601e+19
156.347  5.99584e+19
156.934  6.597e+19
157.521  5.87612e+19
158.107  5.93376e+19
158.694  5.63161e+19
159.281  5.53453e+19
159.867  8.53075e+19
160.454  6.03744e+19
161.041  4.63053e+19
161.627  6.23033e+19
162.214  4.51763e+19
162.801  6.64078e+19
163.387  1.00572e+20
163.974  5.95105e+19
164.561  4.04966e+19
165.147  6.38492e+19
165.734  7.093e+19
166.321  4.94689e+19
166.907  9.42328e+19
167.494  7.29091e+19
168.081  3.04069e+19
168.667  7.57921e+19
169.254  1.02515e+20
169.841  4.49389e+19
170.427  6.82615e+19
171.014  6.79966e+19
171.601  3.81224e+19
172.187  5.70314e+19
172.774  8.31598e+19
173.361  5.41667e+19
173.947  4.37876e+19
174.534  6.99051e+19
175.121  5.78917e+19
175.707  5.13012e+19
176.294  6.89894e+19
176.881  5.88209e+19
177.467  4.5177e+19
178.054  4.86757e+19
178.641  5.09977e+19
179.227  5.89512e+19
179.814  5.56487e+19
180.401  6.22605e+19
180.987  6.06643e+19
181.574  4.02114e+19
182.161  3.44981e+19
182.747  4.78194e+19
183.334  5.96845e+19
183.921  5.09511e+19
184.507  4.85245e+19
185.094  4.87345e+19
185.681  4.0472e+19
186.267  4.9163e+19
186.854  8.1747e+19
187.441  4.69886e+19
188.027  2.39328e+19
188.614  4.68757e+19
189.201  5.68339e+19
189.787  3.98817e+19
190.374  6.71706e+19
190.961  5.47876e+19
191.547  1.8633e+19
192.134  4.6665e+19
192.721  9.22919e+19
193.307  4.25104e+19
193.894  3.8516e+19
194.481  5.44428e+19
195.067  2.58519e+19
195.654  4.17286e+19
196.241  9.63113e+19
196.827  5.80801e+19
197.414  2.11313e+19
198.001  4.85611e+19
198.587  5.11936e+19
199.174  3.33347e+19
199.761  6.88655e+19
200.347  5.38273e+19
200.934  1.86657e+19
201.521  5.62043e+19
202.107  7.51107e+19
202.694  4.12046e+19
203.281  4.8729e+19
203.867  4.59306e+19
204.454  2.73388e+19
205.041  5.36054e+19
205.627  7.5052e+19
206.214  4.16532e+19
206.801  3.63123e+19
207.388  4.89204e+19
207.974  4.82251e+19
208.561  5.27946e+19
209.148  6.0357e+19
209.734  3.86059e+19
210.321  3.77099e+19
210.908  6.44398e+19
211.494  6.27039e+19
212.081  4.92186e+19
212.668  4.62764e+19
213.254  3.49069e+19
213.841  5.24013e+19
214.428  6.5188e+19
215.014  6.08056e+19
215.601  4.32612e+19
216.188  4.59103e+19
216.774  4.43724e+19
217.361  6.63435e+19
217.948  6.92874e+19
218.534  4.38148e+19
219.121  2.7841e+19
219.708  5.9843e+19
220.294  4.93144e+19
220.881  5.46435e+19
221.468  6.37978e+19
222.054  3.17589e+19
222.641  2.67106e+19
223.228  7.38373e+19
223.814  6.21623e+19
224.401  4.38896e+19
224.988  3.74065e+19
225.574  3.8202e+19
226.161  2.90904e+19
226.748  7.30055e+19
227.334  6.36167e+19
227.921  2.98637e+19
228.508  2.50479e+19
229.094  5.08678e+19
229.681  4.87555e+19
230.268  5.57507e+19
230.854  4.73798e+19
231.441  3.09227e+19
232.028  2.95239e+19
232.614  6.50646e+19
233.201  6.58184e+19
233.788  3.64749e+19
234.374  3.29388e+19
