#S 1 spectral density
#N 2
#UFWHM 5.28003
#L  abscissas [um]  spectral density
-234.375  1.7122e+21
-233.788  1.91164e+21
-233.202  1.85833e+21
-232.615  1.99284e+21
-232.028  1.76306e+21
-231.442  1.61365e+21
-230.855  1.94567e+21
-230.268  1.77961e+21
-229.682  1.9124e+21
-229.095  1.71164e+21
-228.508  1.82225e+21
-227.922  1.64526e+21
-227.335  1.67296e+21
-226.748  1.88265e+21
-226.162  1.74632e+21
-225.575  1.54e+21
-224.988  1.80929e+21
-224.402  1.49298e+21
-223.815  1.71572e+21
-223.228  1.64611e+21
-222.642  1.65455e+21
-222.055  1.60148e+21
-221.468  1.47009e+21
-220.882  1.65098e+21
-220.295  1.51082e+21
-219.708  1.45787e+21
-219.122  1.64527e+21
-218.535  1.50981e+21
-217.948  1.48871e+21
-217.362  1.4741e+21
-216.775  1.48913e+21
-216.188  1.67064e+21
-215.602  1.47934e+21
-215.015  1.6719e+21
-214.428  1.41904e+21
-213.842  1.40738e+21
-213.255  1.69102e+21
-212.668  1.68452e+21
-212.082  1.64715e+21
-211.495  1.56994e+21
-210.908  1.47614e+21
-210.322  1.80141e+21
-209.735  1.70602e+21
-209.148  1.96372e+21
-208.562  1.70735e+21
-207.975  1.49018e+21
-207.388  1.9418e+21
-206.802  1.87139e+21
-206.215  2.01314e+21
-205.628  1.82464e+21
-205.041  1.74167e+21
-204.455  1.87508e+21
-203.868  1.99394e+21
-203.281  2.09985e+21
-202.695  1.98293e+21
-202.108  1.69454e+21
-201.521  2.22094e+21
-200.935  1.86244e+21
-200.348  2.17885e+21
-199.761  2.03794e+21
-199.175  1.80306e+21
-198.588  1.96344e+21
-198.001  2.08859e+21
-197.415  2.13476e+21
-196.828  2.02668e+21
-196.241  1.71452e+21
-195.655  2.10215e+21
-195.068  1.92427e+21
-194.481  2.35992e+21
-193.895  2.02912e+21
-193.308  1.5995e+21
-192.721  1.8457e+21
-192.135  2.04637e+21
-191.548  2.30962e+21
-190.961  1.98115e+21
-190.375  1.50985e+21
-189.788  1.71424e+21
-189.201  1.84037e+21
-188.615  2.22483e+21
-188.028  2.1541e+21
-187.441  1.41126e+21
-186.855  1.54688e+21
-186.268  1.64113e+21
-185.681  2.15674e+21
-185.095  1.95415e+21
-184.508  1.52021e+21
-183.921  1.35894e+21
-183.335  1.4214e+21
-182.748  1.91717e+21
-182.161  2.0614e+21
-181.575  1.5e+21
-180.988  1.39447e+21
-180.401  1.36302e+21
-179.815  1.73006e+21
-179.228  2.01568e+21
-178.641  1.64365e+21
-178.055  1.34873e+21
-177.468  1.35557e+21
-176.881  1.732e+21
-176.295  1.84408e+21
-175.708  1.75229e+21
-175.121  1.49205e+21
-174.535  1.33621e+21
-173.948  1.68406e+21
-173.361  2.15598e+21
-172.775  1.6637e+21
-172.188  1.51311e+21
-171.601  1.42156e+21
-171.015  1.73161e+21
-170.428  1.95163e+21
-169.841  1.97854e+21
-169.255  1.43404e+21
-168.668  1.38229e+21
-168.081  1.76833e+21
-167.495  2.15291e+21
-166.908  1.9201e+21
-166.321  1.56828e+21
-165.735  1.39572e+21
-165.148  1.68481e+21
-164.561  2.17138e+21
-163.975  2.13299e+21
-163.388  1.62047e+21
-162.801  1.41544e+21
-162.215  1.72863e+21
-161.628  2.06833e+21
-161.041  2.39144e+21
-160.455  1.79619e+21
-159.868  1.5754e+21
-159.281  1.7203e+21
-158.695  2.09723e+21
-158.108  2.25098e+21
-157.521  2.02081e+21
-156.935  1.80713e+21
-156.348  1.91927e+21
-155.761  2.00631e+21
-155.175  2.38857e+21
-154.588  1.94922e+21
-154.001  2.05307e+21
-153.415  2.29674e+21
-152.828  2.09714e+21
-152.241  2.2671e+21
-151.655  2.04711e+21
-151.068  2.02676e+21
-150.481  2.41666e+21
-149.895  2.48128e+21
-149.308  2.35638e+21
-148.721  1.93911e+21
-148.135  2.07278e+21
-147.548  2.59133e+21
-146.961  2.62886e+21
-146.375  2.86353e+21
-145.788  1.90589e+21
-145.201  2.00071e+21
-144.614  2.44493e+21
-144.028  2.8295e+21
-143.441  2.82609e+21
-142.854  2.25423e+21
-142.268  1.81595e+21
-141.681  2.47705e+21
-141.094  2.66804e+21
-140.508  2.94037e+21
-139.921  2.2621e+21
-139.334  2.08939e+21
-138.748  2.12805e+21
-138.161  2.56799e+21
-137.574  2.80134e+21
-136.988  2.17692e+21
-136.401  2.00865e+21
-135.814  2.43161e+21
-135.228  2.5122e+21
-134.641  2.53714e+21
-134.054  2.21578e+21
-133.468  1.94796e+21
-132.881  2.34624e+21
-132.294  2.82888e+21
-131.708  2.44098e+21
-131.121  1.85898e+21
-130.534  1.8711e+21
-129.948  2.2203e+21
-129.361  2.87892e+21
-128.774  2.58086e+21
-128.188  1.94679e+21
-127.601  1.64246e+21
-127.014  2.03771e+21
-126.428  2.66712e+21
-125.841  2.61258e+21
-125.254  2.02535e+21
-124.668  1.64691e+21
-124.081  1.81165e+21
-123.494  2.4407e+21
-122.908  2.22563e+21
-122.321  2.14403e+21
-121.734  1.89315e+21
-121.148  1.90473e+21
-120.561  2.27679e+21
-119.974  1.85484e+21
-119.388  1.75797e+21
-118.801  1.93013e+21
-118.214  2.1639e+21
-117.628  2.11331e+21
-117.041  1.59505e+21
-116.454  1.34356e+21
-115.868  1.76157e+21
-115.281  2.11906e+21
-114.694  2.44579e+21
-114.108  1.46314e+21
-113.521  1.0861e+21
-112.934  1.18527e+21
-112.348  1.99137e+21
-111.761  2.2555e+21
-111.174  1.61114e+21
-110.588  1.0248e+21
-110.001  1.09421e+21
-109.414  1.49124e+21
-108.828  2.16606e+21
-108.241  1.68142e+21
-107.654  1.12446e+21
-107.068  1.18043e+21
-106.481  1.35508e+21
-105.894  1.53585e+21
-105.308  1.51891e+21
-104.721  1.13569e+21
-104.134  1.35137e+21
-103.548  1.56737e+21
-102.961  1.23952e+21
-102.374  1.25731e+21
-101.788  9.92453e+20
-101.201  1.22673e+21
-100.614  1.72271e+21
-100.028  1.23017e+21
-99.4409  8.1376e+20
-98.8542  7.67102e+20
-98.2676  1.02762e+21
-97.6809  1.61119e+21
-97.0942  1.35716e+21
-96.5075  8.7922e+20
-95.9209  5.49648e+20
-95.3342  9.32115e+20
-94.7475  1.35088e+21
-94.1609  1.17732e+21
-93.5742  9.03682e+20
-92.9875  6.65541e+20
-92.4009  8.34718e+20
-91.8142  1.10057e+21
-91.2275  9.51692e+20
-90.6409  8.55746e+20
-90.0542  7.83961e+20
-89.4675  1.02957e+21
-88.8808  1.21163e+21
-88.2942  6.58652e+20
-87.7075  5.1424e+20
-87.1208  7.00747e+20
-86.5342  1.08207e+21
-85.9475  1.19245e+21
-85.3608  8.13073e+20
-84.7741  2.43633e+20
-84.1875  5.46376e+20
-83.6008  9.80002e+20
-83.0141  1.31835e+21
-82.4275  9.35655e+20
-81.8408  2.66429e+20
-81.2541  3.34693e+20
-80.6675  7.27645e+20
-80.0808  9.40462e+20
-79.4941  1.03707e+21
-78.9074  4.97124e+20
-78.3208  4.58886e+20
-77.7341  6.21006e+20
-77.1474  6.82879e+20
-76.5608  7.56002e+20
-75.9741  5.33879e+20
-75.3874  6.94734e+20
-74.8008  6.34456e+20
-74.2141  3.69276e+20
-73.6274  3.74867e+20
-73.0408  3.71937e+20
-72.4541  7.79947e+20
-71.8674  1.02123e+21
-71.2807  4.16906e+20
-70.6941  1.51517e+20
-70.1074  1.31667e+20
-69.5207  6.61169e+20
-68.9341  1.03004e+21
-68.3474  5.79326e+20
-67.7607  1.53516e+20
-67.174  1.16515e+20
-66.5874  3.73682e+20
-66.0007  1.04472e+21
-65.414  7.71419e+20
-64.8274  2.86434e+20
-64.2407  3.08766e+20
-63.654  3.46134e+20
-63.0674  7.06427e+20
-62.4807  6.23268e+20
-61.894  2.94151e+20
-61.3073  5.67368e+20
-60.7207  5.19269e+20
-60.134  5.20187e+20
-59.5473  5.21759e+20
-58.9607  1.65551e+20
-58.374  6.46612e+20
-57.7873  8.30955e+20
-57.2007  4.59577e+20
-56.614  3.25422e+20
-56.0273  5.27085e+19
-55.4407  4.62353e+20
-54.854  9.64985e+20
-54.2673  6.26916e+20
-53.6806  3.32943e+20
-53.094  8.22599e+19
-52.5073  3.81308e+20
-51.9206  1.00876e+21
-51.334  6.65155e+20
-50.7473  3.09628e+20
-50.1606  2.48961e+20
-49.5739  3.63629e+20
-48.9873  7.65296e+20
-48.4006  6.67784e+20
-47.8139  2.62722e+20
-47.2273  4.18343e+20
-46.6406  5.92975e+20
-46.0539  8.47664e+20
-45.4673  5.86422e+20
-44.8806  1.55642e+20
-44.2939  3.90358e+20
-43.7072  7.12195e+20
-43.1206  7.47589e+20
-42.5339  5.09561e+20
-41.9472  8.84163e+19
-41.3606  4.5689e+20
-40.7739  8.64669e+20
-40.1872  9.8987e+20
-39.6006  5.55836e+20
-39.0139  9.85119e+19
-38.4272  4.0774e+20
-37.8406  7.36995e+20
-37.2539  7.83572e+20
-36.6672  4.90949e+20
-36.0805  2.03148e+20
-35.4939  6.98931e+20
-34.9072  9.69976e+20
-34.3205  8.41036e+20
-33.7339  5.32228e+20
-33.1472  2.52116e+20
-32.5605  7.13726e+20
-31.9738  1.00528e+21
-31.3872  6.0324e+20
-30.8005  3.95942e+20
-30.2138  4.01496e+20
-29.6272  9.98359e+20
-29.0405  1.54602e+21
-28.4538  7.78058e+20
-27.8672  3.60807e+20
-27.2805  5.17453e+20
-26.6938  8.4194e+20
-26.1072  1.52205e+21
-25.5205  8.28345e+20
-24.9338  3.60386e+20
-24.3471  9.69261e+20
-23.7605  1.17009e+21
-23.1738  1.75732e+21
-22.5871  1.16498e+21
-22.0005  3.56688e+20
-21.4138  1.24427e+21
-20.8271  1.35616e+21
-20.2404  1.63962e+21
-19.6538  1.46212e+21
-19.0671  6.70205e+20
-18.4804  1.8529e+21
-17.8938  2.34115e+21
-17.3071  1.7521e+21
-16.7204  1.59407e+21
-16.1338  1.00542e+21
-15.5471  2.37794e+21
-14.9604  3.53888e+21
-14.3737  2.43414e+21
-13.7871  2.46628e+21
-13.2004  2.40516e+21
-12.6137  3.11463e+21
-12.0271  4.98823e+21
-11.4404  3.46232e+21
-10.8537  3.14627e+21
-10.2671  4.84606e+21
-9.68039  6.2306e+21
-9.09372  9.63916e+21
-8.50705  8.41485e+21
-7.92038  7.65397e+21
-7.33371  1.20777e+22
-6.74704  1.53085e+22
-6.16037  2.37332e+22
-5.5737  3.28579e+22
-4.98703  4.56721e+22
-4.40036  7.72505e+22
-3.81369  1.13234e+23
-3.22702  1.52356e+23
-2.64035  1.96178e+23
-2.05368  2.26872e+23
-1.46701  2.62047e+23
-0.88034  3.02676e+23
-0.29367  3.20365e+23
0.293  3.18949e+23
0.87967  2.99231e+23
1.46634  2.56761e+23
2.05301  2.19585e+23
2.63968  1.88372e+23
3.22635  1.45121e+23
3.81302  1.0684e+23
4.39969  7.24164e+22
4.98636  4.23015e+22
5.57303  3.04854e+22
6.1597  2.23379e+22
6.74637  1.45323e+22
7.33304  1.16668e+22
7.91971  7.45104e+21
8.50638  8.16404e+21
9.09305  9.38868e+21
9.67972  6.0224e+21
10.2664  4.65515e+21
10.8531  3.05887e+21
11.4397  3.41273e+21
12.0264  4.97071e+21
12.6131  3.11953e+21
13.1997  2.37864e+21
13.7864  2.43551e+21
14.3731  2.36661e+21
14.9597  3.44583e+21
15.5464  2.32595e+21
16.1331  9.72819e+20
16.7198  1.59392e+21
17.3064  1.76856e+21
17.8931  2.33877e+21
18.4798  1.86159e+21
19.0664  6.62506e+20
19.6531  1.43337e+21
20.2398  1.61403e+21
20.8265  1.32052e+21
21.4131  1.21825e+21
21.9998  3.55106e+20
22.5865  1.164e+21
23.1731  1.776e+21
23.7598  1.17664e+21
24.3465  9.63155e+20
24.9331  3.56461e+20
25.5198  8.13731e+20
26.1065  1.50441e+21
26.6931  8.32539e+20
27.2798  5.10961e+20
27.8665  3.65629e+20
28.4532  7.74159e+20
29.0398  1.54675e+21
29.6265  1.00533e+21
30.2132  3.97408e+20
30.7998  3.94418e+20
31.3865  6.02959e+20
31.9732  9.95111e+20
32.5599  7.07261e+20
33.1465  2.52714e+20
33.7332  5.33939e+20
34.3199  8.40304e+20
34.9065  9.67134e+20
35.4932  6.9674e+20
36.0799  1.99387e+20
36.6665  4.94681e+20
37.2532  7.89386e+20
37.8399  7.39967e+20
38.4265  4.06232e+20
39.0132  9.79699e+19
39.5999  5.51726e+20
40.1866  9.85746e+20
40.7732  8.63745e+20
41.3599  4.57727e+20
41.9466  8.79233e+19
42.5332  5.15528e+20
43.1199  7.54435e+20
43.7066  7.13408e+20
44.2933  3.95094e+20
44.8799  1.57251e+20
45.4666  5.81551e+20
46.0533  8.43166e+20
46.6399  5.87512e+20
47.2266  4.16697e+20
47.8133  2.66165e+20
48.3999  6.77093e+20
48.9866  7.81055e+20
49.5733  3.6376e+20
50.1599  2.49061e+20
50.7466  3.09997e+20
51.3333  6.58281e+20
51.92  1.0057e+21
52.5066  3.83688e+20
53.0933  7.92908e+19
53.68  3.38651e+20
54.2666  6.29087e+20
54.8533  9.76847e+20
55.44  4.72709e+20
56.0266  5.32043e+19
56.6133  3.30102e+20
57.2  4.55109e+20
57.7867  8.21873e+20
58.3733  6.50268e+20
58.96  1.67632e+20
59.5467  5.30197e+20
60.1333  5.3602e+20
60.72  5.16309e+20
61.3067  5.73169e+20
61.8933  2.95494e+20
62.48  6.29174e+20
63.0667  7.12964e+20
63.6534  3.44865e+20
64.24  3.0442e+20
64.8267  2.85972e+20
65.4134  7.65573e+20
66  1.06657e+21
66.5867  3.84684e+20
67.1734  1.16067e+20
67.7601  1.5382e+20
68.3467  5.76624e+20
68.9334  1.03186e+21
69.5201  6.70984e+20
70.1067  1.35801e+20
70.6934  1.55124e+20
71.2801  4.09305e+20
71.8667  1.01786e+21
72.4534  7.95547e+20
73.0401  3.76403e+20
73.6268  3.88295e+20
74.2134  3.74719e+20
74.8001  6.31916e+20
75.3868  6.92458e+20
75.9734  5.39212e+20
76.5601  7.57171e+20
77.1468  6.94601e+20
77.7334  6.18059e+20
78.3201  4.6125e+20
78.9068  4.92273e+20
79.4934  1.04814e+21
80.0801  9.53781e+20
80.6668  7.3964e+20
81.2535  3.36432e+20
81.8401  2.66215e+20
82.4268  9.23459e+20
83.0135  1.32102e+21
83.6001  9.91601e+20
84.1868  5.53775e+20
84.7735  2.47348e+20
85.3602  8.1711e+20
85.9468  1.20032e+21
86.5335  1.08878e+21
87.1202  7.13376e+20
87.7068  5.23167e+20
88.2935  6.57528e+20
88.8802  1.20593e+21
89.4668  1.03651e+21
90.0535  7.87818e+20
90.6402  8.6919e+20
91.2268  9.63186e+20
91.8135  1.11908e+21
92.4002  8.36908e+20
92.9869  6.70878e+20
93.5735  9.11154e+20
94.1602  1.18385e+21
94.7469  1.3563e+21
95.3335  9.45846e+20
95.9202  5.50549e+20
96.5069  8.82835e+20
97.0935  1.3663e+21
97.6802  1.62555e+21
98.2669  1.04357e+21
98.8536  7.75627e+20
99.4402  8.23903e+20
100.027  1.22867e+21
100.614  1.72988e+21
101.2  1.2359e+21
101.787  9.99943e+20
102.374  1.26085e+21
102.96  1.2562e+21
103.547  1.5667e+21
104.134  1.36561e+21
104.72  1.14214e+21
105.307  1.53669e+21
105.894  1.54149e+21
106.48  1.36728e+21
107.067  1.18224e+21
107.654  1.12812e+21
108.24  1.67722e+21
108.827  2.19097e+21
109.414  1.50805e+21
110  1.1068e+21
110.587  1.03094e+21
111.174  1.61784e+21
111.76  2.26324e+21
112.347  2.00868e+21
112.934  1.20347e+21
113.52  1.09423e+21
114.107  1.45881e+21
114.694  2.44898e+21
115.28  2.13978e+21
115.867  1.77107e+21
116.454  1.36574e+21
117.04  1.60118e+21
117.627  2.12228e+21
118.214  2.16672e+21
118.8  1.95087e+21
119.387  1.76286e+21
119.974  1.86704e+21
120.56  2.27544e+21
121.147  1.91779e+21
121.734  1.88698e+21
122.32  2.16535e+21
122.907  2.23458e+21
123.494  2.46307e+21
124.08  1.81815e+21
124.667  1.65797e+21
125.254  2.02328e+21
125.84  2.6211e+21
126.427  2.67563e+21
127.014  2.05488e+21
127.6  1.64041e+21
128.187  1.95067e+21
128.774  2.58777e+21
129.36  2.88663e+21
129.947  2.23789e+21
130.534  1.88365e+21
131.12  1.86284e+21
131.707  2.43181e+21
132.294  2.84002e+21
132.88  2.34969e+21
133.467  1.952e+21
134.054  2.21272e+21
134.64  2.5547e+21
135.227  2.50574e+21
135.814  2.4478e+21
136.4  2.01638e+21
136.987  2.18139e+21
137.574  2.79312e+21
138.16  2.58327e+21
138.747  2.12979e+21
139.334  2.09125e+21
139.92  2.25349e+21
140.507  2.9479e+21
141.094  2.66954e+21
141.68  2.48466e+21
142.267  1.82579e+21
142.854  2.24894e+21
143.44  2.8209e+21
144.027  2.83424e+21
144.614  2.45655e+21
145.2  1.99636e+21
145.787  1.90087e+21
146.374  2.8517e+21
146.96  2.63045e+21
147.547  2.58365e+21
148.134  2.09073e+21
148.721  1.92878e+21
149.307  2.35551e+21
149.894  2.47117e+21
150.481  2.42378e+21
151.067  2.01706e+21
151.654  2.04966e+21
152.241  2.25472e+21
152.827  2.09538e+21
153.414  2.28104e+21
154.001  2.05705e+21
154.587  1.93803e+21
155.174  2.39052e+21
155.761  2.00478e+21
156.347  1.919e+21
156.934  1.79932e+21
157.521  2.01282e+21
158.107  2.24698e+21
158.694  2.09462e+21
159.281  1.71578e+21
159.867  1.56893e+21
160.454  1.79092e+21
161.041  2.37728e+21
161.627  2.07586e+21
162.214  1.72609e+21
162.801  1.41776e+21
163.387  1.60608e+21
163.974  2.1355e+21
164.561  2.1629e+21
165.147  1.68911e+21
165.734  1.38814e+21
166.321  1.56982e+21
166.907  1.90293e+21
167.494  2.15807e+21
168.081  1.76956e+21
168.667  1.38609e+21
169.254  1.42241e+21
169.841  1.97982e+21
170.427  1.95088e+21
171.014  1.73122e+21
171.601  1.41984e+21
172.187  1.51067e+21
172.774  1.65357e+21
173.361  2.14886e+21
173.947  1.69564e+21
174.534  1.33378e+21
175.121  1.48902e+21
175.707  1.7431e+21
176.294  1.8517e+21
176.881  1.72926e+21
177.467  1.3631e+21
178.054  1.34136e+21
178.641  1.63925e+21
179.227  2.0008e+21
179.814  1.74275e+21
180.401  1.36379e+21
180.987  1.39638e+21
181.574  1.48921e+21
182.161  2.06748e+21
182.747  1.92331e+21
183.334  1.4275e+21
183.921  1.36189e+21
184.507  1.51579e+21
185.094  1.94565e+21
185.681  2.16062e+21
186.267  1.653e+21
186.854  1.54664e+21
187.441  1.41085e+21
188.027  2.14537e+21
188.614  2.23969e+21
189.201  1.83972e+21
189.787  1.73081e+21
190.374  1.50413e+21
190.961  1.98173e+21
191.547  2.30009e+21
192.134  2.06013e+21
192.721  1.84368e+21
193.307  1.60615e+21
193.894  2.01281e+21
194.481  2.36936e+21
195.067  1.91708e+21
195.654  2.11196e+21
196.241  1.71284e+21
196.827  2.02727e+21
197.414  2.12603e+21
198.001  2.09027e+21
198.587  1.96578e+21
199.174  1.80148e+21
199.761  2.02613e+21
200.347  2.17582e+21
200.934  1.85831e+21
201.521  2.21424e+21
202.107  1.69839e+21
202.694  1.97012e+21
203.281  2.09991e+21
203.867  1.98322e+21
204.454  1.88268e+21
205.041  1.73013e+21
205.627  1.82119e+21
206.214  2.00006e+21
206.801  1.87069e+21
207.388  1.92719e+21
207.974  1.49461e+21
208.561  1.68898e+21
209.148  1.96448e+21
209.734  1.69312e+21
210.321  1.80543e+21
210.908  1.4708e+21
211.494  1.56747e+21
212.081  1.64033e+21
212.668  1.67913e+21
213.254  1.68503e+21
213.841  1.40833e+21
214.428  1.41289e+21
215.014  1.66623e+21
215.601  1.47587e+21
216.188  1.66585e+21
216.774  1.4963e+21
217.361  1.46795e+21
217.948  1.49597e+21
218.534  1.50164e+21
219.121  1.65126e+21
219.708  1.45532e+21
220.294  1.51689e+21
220.881  1.64666e+21
221.468  1.47498e+21
222.054  1.59476e+21
222.641  1.66534e+21
223.228  1.64029e+21
223.814  1.72544e+21
224.401  1.49173e+21
224.988  1.81418e+21
225.574  1.544e+21
226.161  1.74958e+21
226.748  1.88867e+21
227.334  1.67394e+21
227.921  1.6481e+21
228.508  1.82398e+21
229.094  1.71333e+21
229.681  1.91051e+21
230.268  1.7901e+21
230.854  1.93934e+21
231.441  1.62362e+21
232.028  1.75557e+21
232.614  2.00626e+21
233.201  1.84822e+21
233.788  1.92203e+21
234.374  1.70735e+21
