#S 1 spectral density
#N 2
#UFWHM 5.28003
#L  abscissas [um]  spectral density
-234.375  2.05703e+21
-233.788  2.49286e+21
-233.202  3.00575e+21
-232.615  2.62223e+21
-232.028  2.21062e+21
-231.442  1.96819e+21
-230.855  2.45258e+21
-230.268  2.87783e+21
-229.682  2.92095e+21
-229.095  2.24641e+21
-228.508  2.19344e+21
-227.922  2.18625e+21
-227.335  3.06267e+21
-226.748  2.87409e+21
-226.162  2.6611e+21
-225.575  2.03748e+21
-224.988  2.34707e+21
-224.402  2.79249e+21
-223.815  3.11175e+21
-223.228  2.59873e+21
-222.642  2.27682e+21
-222.055  2.17669e+21
-221.468  2.82438e+21
-220.882  3.07103e+21
-220.295  2.7304e+21
-219.708  2.28564e+21
-219.122  2.16323e+21
-218.535  2.81013e+21
-217.948  2.87674e+21
-217.362  2.82954e+21
-216.775  2.36893e+21
-216.188  2.2091e+21
-215.602  2.51207e+21
-215.015  3.11456e+21
-214.428  2.84164e+21
-213.842  2.5227e+21
-213.255  2.07366e+21
-212.668  2.65619e+21
-212.082  2.81299e+21
-211.495  3.14194e+21
-210.908  2.54786e+21
-210.322  2.27107e+21
-209.735  2.2524e+21
-209.148  3.08046e+21
-208.562  3.08778e+21
-207.975  2.70771e+21
-207.388  2.23078e+21
-206.802  2.3895e+21
-206.215  2.75744e+21
-205.628  3.01196e+21
-205.041  2.90619e+21
-204.455  2.36642e+21
-203.868  2.20635e+21
-203.281  2.6107e+21
-202.695  3.09865e+21
-202.108  2.63656e+21
-201.521  2.56403e+21
-200.935  2.20047e+21
-200.348  2.61699e+21
-199.761  2.67385e+21
-199.175  2.95772e+21
-198.588  2.42493e+21
-198.001  2.2425e+21
-197.415  2.49573e+21
-196.828  2.84014e+21
-196.241  2.45999e+21
-195.655  2.67327e+21
-195.068  2.15627e+21
-194.481  2.61738e+21
-193.895  2.55156e+21
-193.308  2.70179e+21
-192.721  2.40062e+21
-192.135  2.17627e+21
-191.548  2.44412e+21
-190.961  2.60415e+21
-190.375  2.38762e+21
-189.788  2.4408e+21
-189.201  2.04383e+21
-188.615  2.27474e+21
-188.028  2.47055e+21
-187.441  2.3071e+21
-186.855  2.37278e+21
-186.268  1.82158e+21
-185.681  2.26993e+21
-185.095  2.17544e+21
-184.508  2.21472e+21
-183.921  2.22179e+21
-183.335  1.84622e+21
-182.748  1.87695e+21
-182.161  2.22371e+21
-181.575  1.95294e+21
-180.988  2.23328e+21
-180.401  1.78411e+21
-179.815  2.04698e+21
-179.228  1.98013e+21
-178.641  2.00976e+21
-178.055  2.11044e+21
-177.468  1.72894e+21
-176.881  2.05068e+21
-176.295  2.14937e+21
-175.708  1.87295e+21
-175.121  2.0693e+21
-174.535  1.7849e+21
-173.948  2.05872e+21
-173.361  2.51341e+21
-172.775  1.96275e+21
-172.188  2.02685e+21
-171.601  1.63234e+21
-171.015  2.3336e+21
-170.428  2.50095e+21
-169.841  2.26531e+21
-169.255  2.00286e+21
-168.668  1.71486e+21
-168.081  2.00447e+21
-167.495  3.06163e+21
-166.908  2.45791e+21
-166.321  2.2858e+21
-165.735  1.66155e+21
-165.148  2.18178e+21
-164.561  2.65203e+21
-163.975  2.88057e+21
-163.388  2.54342e+21
-162.801  1.74268e+21
-162.215  1.93647e+21
-161.628  2.81253e+21
-161.041  2.79488e+21
-160.455  2.67336e+21
-159.868  2.07812e+21
-159.281  1.94926e+21
-158.695  2.62136e+21
-158.108  2.67484e+21
-157.521  2.67954e+21
-156.935  2.06318e+21
-156.348  2.10042e+21
-155.761  2.32594e+21
-155.175  2.74266e+21
-154.588  2.49608e+21
-154.001  2.11135e+21
-153.415  2.0646e+21
-152.828  2.62256e+21
-152.241  2.53856e+21
-151.655  2.56058e+21
-151.068  2.10553e+21
-150.481  1.98782e+21
-149.895  2.41642e+21
-149.308  3.02043e+21
-148.721  2.31414e+21
-148.135  2.12041e+21
-147.548  2.0889e+21
-146.961  2.37772e+21
-146.375  2.91506e+21
-145.788  2.61103e+21
-145.201  2.21231e+21
-144.614  1.90299e+21
-144.028  2.33264e+21
-143.441  2.63289e+21
-142.854  2.51505e+21
-142.268  2.3414e+21
-141.681  2.24255e+21
-141.094  2.08303e+21
-140.508  2.76722e+21
-139.921  2.02813e+21
-139.334  2.40792e+21
-138.748  2.291e+21
-138.161  2.40994e+21
-137.574  2.29932e+21
-136.988  1.94181e+21
-136.401  1.73087e+21
-135.814  2.47194e+21
-135.228  2.5301e+21
-134.641  2.5043e+21
-134.054  1.56735e+21
-133.468  1.72036e+21
-132.881  1.82614e+21
-132.294  2.59789e+21
-131.708  2.69976e+21
-131.121  1.52114e+21
-130.534  1.25483e+21
-129.948  1.72317e+21
-129.361  2.09956e+21
-128.774  2.56375e+21
-128.188  1.85352e+21
-127.601  1.25006e+21
-127.014  1.51479e+21
-126.428  1.90765e+21
-125.841  2.24312e+21
-125.254  1.69719e+21
-124.668  1.36232e+21
-124.081  1.52251e+21
-123.494  1.89235e+21
-122.908  1.73013e+21
-122.321  1.6622e+21
-121.734  1.30864e+21
-121.148  1.80889e+21
-120.561  1.83846e+21
-119.974  1.80833e+21
-119.388  1.32767e+21
-118.801  1.17135e+21
-118.214  1.59824e+21
-117.628  2.02937e+21
-117.041  1.52366e+21
-116.454  1.46057e+21
-115.868  9.60838e+20
-115.281  1.5003e+21
-114.694  1.89352e+21
-114.108  1.52267e+21
-113.521  1.428e+21
-112.934  1.00547e+21
-112.348  1.23085e+21
-111.761  1.5114e+21
-111.174  1.17932e+21
-110.588  1.26401e+21
-110.001  1.28571e+21
-109.414  1.24949e+21
-108.828  1.39924e+21
-108.241  9.11731e+20
-107.654  9.43585e+20
-107.068  1.10404e+21
-106.481  1.64235e+21
-105.894  1.2419e+21
-105.308  6.83276e+20
-104.721  6.15396e+20
-104.134  8.67596e+20
-103.548  1.50611e+21
-102.961  1.70419e+21
-102.374  7.58013e+20
-101.788  4.73423e+20
-101.201  6.88345e+20
-100.614  1.18683e+21
-100.028  1.69429e+21
-99.4409  9.87023e+20
-98.8542  4.72792e+20
-98.2676  7.81364e+20
-97.6809  8.31949e+20
-97.0942  1.31533e+21
-96.5075  1.35589e+21
-95.9209  6.15248e+20
-95.3342  1.01768e+21
-94.7475  7.96963e+20
-94.1609  8.53342e+20
-93.5742  9.74745e+20
-92.9875  7.38273e+20
-92.4009  1.07538e+21
-91.8142  1.08814e+21
-91.2275  4.92543e+20
-90.6409  7.95627e+20
-90.0542  5.0822e+20
-89.4675  1.1514e+21
-88.8808  1.24836e+21
-88.2942  5.87566e+20
-87.7075  3.89751e+20
-87.1208  4.43854e+20
-86.5342  7.6474e+20
-85.9475  1.21709e+21
-85.3608  7.44065e+20
-84.7741  4.87319e+20
-84.1875  3.76837e+20
-83.6008  7.70943e+20
-83.0141  1.07604e+21
-82.4275  7.24793e+20
-81.8408  5.68864e+20
-81.2541  5.4184e+20
-80.6675  7.29886e+20
-80.0808  8.21413e+20
-79.4941  5.65119e+20
-78.9074  4.91519e+20
-78.3208  7.7697e+20
-77.7341  9.10138e+20
-77.1474  1.0085e+21
-76.5608  4.56224e+20
-75.9741  2.80553e+20
-75.3874  6.95201e+20
-74.8008  9.11349e+20
-74.2141  9.38379e+20
-73.6274  5.37499e+20
-73.0408  1.49943e+20
-72.4541  6.79616e+20
-71.8674  8.4277e+20
-71.2807  1.04868e+21
-70.6941  6.97766e+20
-70.1074  2.27758e+20
-69.5207  6.79554e+20
-68.9341  5.51997e+20
-68.3474  6.28903e+20
-67.7607  7.23948e+20
-67.174  3.66299e+20
-66.5874  8.87642e+20
-66.0007  7.97567e+20
-65.414  3.39267e+20
-64.8274  5.68403e+20
-64.2407  4.23764e+20
-63.654  1.01172e+21
-63.0674  9.54124e+20
-62.4807  1.65957e+20
-61.894  2.67157e+20
-61.3073  3.77381e+20
-60.7207  8.59308e+20
-60.134  1.44313e+21
-59.5473  4.04407e+20
-58.9607  1.58368e+20
-58.374  3.58989e+20
-57.7873  5.89943e+20
-57.2007  1.33382e+21
-56.614  6.41784e+20
-56.0273  1.74505e+20
-55.4407  6.06279e+20
-54.854  3.02354e+20
-54.2673  9.75993e+20
-53.6806  9.09637e+20
-53.094  2.44433e+20
-52.5073  9.14558e+20
-51.9206  4.27261e+20
-51.334  4.92688e+20
-50.7473  7.01181e+20
-50.1606  2.04825e+20
-49.5739  9.81939e+20
-48.9873  8.59737e+20
-48.4006  1.59808e+20
-47.8139  4.70867e+20
-47.2273  1.27868e+20
-46.6406  1.0019e+21
-46.0539  1.36483e+21
-45.4673  2.20537e+20
-44.8806  3.01767e+20
-44.2939  2.12133e+20
-43.7072  4.9378e+20
-43.1206  1.42015e+21
-42.5339  5.10445e+20
-41.9472  2.17022e+20
-41.3606  5.2142e+20
-40.7739  3.98578e+20
-40.1872  1.44456e+21
-39.6006  7.64898e+20
-39.0139  1.5235e+20
-38.4272  7.97721e+20
-37.8406  3.48987e+20
-37.2539  7.89873e+20
-36.6672  7.41639e+20
-36.0805  1.10421e+20
-35.4939  1.16227e+21
-34.9072  9.20117e+20
-34.3205  6.53747e+20
-33.7339  7.42102e+20
-33.1472  6.4271e+19
-32.5605  9.60347e+20
-31.9738  1.16229e+21
-31.3872  3.61265e+20
-30.8005  5.77564e+20
-30.2138  2.66316e+20
-29.6272  9.70051e+20
-29.0405  1.91028e+21
-28.4538  6.77186e+20
-27.8672  4.72402e+20
-27.2805  5.33494e+20
-26.6938  6.95885e+20
-26.1072  1.74072e+21
-25.5205  7.49412e+20
-24.9338  4.56271e+20
-24.3471  1.18622e+21
-23.7605  1.00293e+21
-23.1738  1.99368e+21
-22.5871  1.21652e+21
-22.0005  3.00781e+20
-21.4138  1.41544e+21
-20.8271  1.34166e+21
-20.2404  1.71756e+21
-19.6538  1.47806e+21
-19.0671  5.83179e+20
-18.4804  2.12021e+21
-17.8938  2.32511e+21
-17.3071  1.74734e+21
-16.7204  1.7679e+21
-16.1338  8.85989e+20
-15.5471  2.33674e+21
-14.9604  3.63643e+21
-14.3737  2.43705e+21
-13.7871  2.60731e+21
-13.2004  2.36627e+21
-12.6137  3.14187e+21
-12.0271  5.14931e+21
-11.4404  3.24882e+21
-10.8537  3.05705e+21
-10.2671  4.94432e+21
-9.68039  6.28634e+21
-9.09372  9.97456e+21
-8.50705  8.82082e+21
-7.92038  7.45805e+21
-7.33371  1.18962e+22
-6.74704  1.46628e+22
-6.16037  2.11036e+22
-5.5737  2.92713e+22
-4.98703  4.08263e+22
-4.40036  6.92756e+22
-3.81369  1.0461e+23
-3.22702  1.43486e+23
-2.64035  1.84705e+23
-2.05368  2.15998e+23
-1.46701  2.51896e+23
-0.88034  2.9147e+23
-0.29367  3.11006e+23
0.293  3.09788e+23
0.87967  2.88232e+23
1.46634  2.46815e+23
2.05301  2.09216e+23
2.63968  1.77393e+23
3.22635  1.36689e+23
3.81302  9.88478e+22
4.39969  6.50094e+22
4.98636  3.78646e+22
5.57303  2.73371e+22
6.1597  2.0035e+22
6.74637  1.40513e+22
7.33304  1.1608e+22
7.91971  7.31103e+21
8.50638  8.5434e+21
9.09305  9.71585e+21
9.67972  6.065e+21
10.2664  4.74917e+21
10.8531  2.9797e+21
11.4397  3.19802e+21
12.0264  5.14435e+21
12.6131  3.1656e+21
13.1997  2.33185e+21
13.7864  2.57631e+21
14.3731  2.36675e+21
14.9597  3.52862e+21
15.5464  2.28796e+21
16.1331  8.53012e+20
16.7198  1.76952e+21
17.3064  1.76812e+21
17.8931  2.31539e+21
18.4798  2.13822e+21
19.0664  5.77852e+20
19.6531  1.43985e+21
20.2398  1.69335e+21
20.8265  1.29771e+21
21.4131  1.39085e+21
21.9998  3.04993e+20
22.5865  1.20565e+21
23.1731  2.01746e+21
23.7598  1.01003e+21
24.3465  1.17115e+21
24.9331  4.57706e+20
25.5198  7.27649e+20
26.1065  1.72077e+21
26.6931  6.88423e+20
27.2798  5.22926e+20
27.8665  4.8066e+20
28.4532  6.65506e+20
29.0398  1.89879e+21
29.6265  9.89579e+20
30.2132  2.56978e+20
30.7998  5.75428e+20
31.3865  3.57519e+20
31.9732  1.14346e+21
32.5599  9.63367e+20
33.1465  6.45648e+19
33.7332  7.39372e+20
34.3199  6.61772e+20
34.9065  8.97676e+20
35.4932  1.15539e+21
36.0799  1.14709e+20
36.6665  7.41771e+20
37.2532  8.03247e+20
37.8399  3.42149e+20
38.4265  7.93197e+20
39.0132  1.56506e+20
39.5999  7.44968e+20
40.1866  1.44438e+21
40.7732  4.03381e+20
41.3599  5.04244e+20
41.9466  2.19436e+20
42.5332  5.01834e+20
43.1199  1.42935e+21
43.7066  5.06857e+20
44.2933  2.08338e+20
44.8799  3.05289e+20
45.4666  2.07916e+20
46.0533  1.33355e+21
46.6399  1.00829e+21
47.2266  1.2853e+20
47.8133  4.77469e+20
48.3999  1.6699e+20
48.9866  8.489e+20
49.5733  9.89886e+20
50.1599  2.09133e+20
50.7466  6.98479e+20
51.3333  4.9614e+20
51.92  4.10174e+20
52.5066  8.95514e+20
53.0933  2.46467e+20
53.68  9.06108e+20
54.2666  1.00007e+21
54.8533  3.0693e+20
55.44  6.0213e+20
56.0266  1.74951e+20
56.6133  6.33464e+20
57.2  1.32109e+21
57.7867  5.96677e+20
58.3733  3.51698e+20
58.96  1.59438e+20
59.5467  3.92481e+20
60.1333  1.4442e+21
60.72  8.7095e+20
61.3067  3.81036e+20
61.8933  2.72022e+20
62.48  1.65262e+20
63.0667  9.36603e+20
63.6534  1.00115e+21
64.24  4.26498e+20
64.8267  5.72199e+20
65.4134  3.4567e+20
66  7.92996e+20
66.5867  8.90298e+20
67.1734  3.64076e+20
67.7601  7.31421e+20
68.3467  6.3417e+20
68.9334  5.52455e+20
69.5201  6.70227e+20
70.1067  2.26046e+20
70.6934  6.90458e+20
71.2801  1.05263e+21
71.8667  8.46584e+20
72.4534  6.87308e+20
73.0401  1.50335e+20
73.6268  5.43114e+20
74.2134  9.39446e+20
74.8001  9.07704e+20
75.3868  6.96953e+20
75.9734  2.84851e+20
76.5601  4.5245e+20
77.1468  1.00811e+21
77.7334  9.08533e+20
78.3201  7.7604e+20
78.9068  4.98236e+20
79.4934  5.71412e+20
80.0801  8.34285e+20
80.6668  7.20718e+20
81.2535  5.39186e+20
81.8401  5.66757e+20
82.4268  7.20203e+20
83.0135  1.07461e+21
83.6001  7.83045e+20
84.1868  3.6983e+20
84.7735  4.90502e+20
85.3602  7.38672e+20
85.9468  1.22848e+21
86.5335  7.71596e+20
87.1202  4.4759e+20
87.7068  3.91529e+20
88.2935  5.80857e+20
88.8802  1.2317e+21
89.4668  1.16026e+21
90.0535  5.13945e+20
90.6402  8.04593e+20
91.2268  5.01539e+20
91.8135  1.08011e+21
92.4002  1.07982e+21
92.9869  7.42053e+20
93.5735  9.85826e+20
94.1602  8.55224e+20
94.7469  7.93378e+20
95.3335  1.00312e+21
95.9202  6.15907e+20
96.5069  1.35092e+21
97.0935  1.34394e+21
97.6802  8.34453e+20
98.2669  7.86639e+20
98.8536  4.66253e+20
99.4402  9.8866e+20
100.027  1.68537e+21
100.614  1.20059e+21
101.2  6.8802e+20
101.787  4.78115e+20
102.374  7.44322e+20
102.96  1.71317e+21
103.547  1.5157e+21
104.134  8.78026e+20
104.72  6.26745e+20
105.307  6.87365e+20
105.894  1.2334e+21
106.48  1.63707e+21
107.067  1.11538e+21
107.654  9.51374e+20
108.24  9.17045e+20
108.827  1.39881e+21
109.414  1.26067e+21
110  1.27752e+21
110.587  1.28562e+21
111.174  1.18644e+21
111.76  1.52652e+21
112.347  1.22607e+21
112.934  1.0158e+21
113.52  1.42017e+21
114.107  1.5334e+21
114.694  1.89244e+21
115.28  1.52185e+21
115.867  9.57664e+20
116.454  1.48015e+21
117.04  1.52369e+21
117.627  2.03925e+21
118.214  1.60336e+21
118.8  1.18485e+21
119.387  1.32589e+21
119.974  1.81745e+21
120.56  1.83768e+21
121.147  1.81619e+21
121.734  1.3116e+21
122.32  1.67318e+21
122.907  1.74948e+21
123.494  1.89258e+21
124.08  1.53406e+21
124.667  1.36565e+21
125.254  1.70244e+21
125.84  2.24275e+21
126.427  1.93316e+21
127.014  1.51053e+21
127.6  1.25786e+21
128.187  1.84718e+21
128.774  2.59619e+21
129.36  2.10289e+21
129.947  1.75462e+21
130.534  1.26228e+21
131.12  1.52624e+21
131.707  2.68218e+21
132.294  2.62654e+21
132.88  1.83184e+21
133.467  1.741e+21
134.054  1.56721e+21
134.64  2.51794e+21
135.227  2.53189e+21
135.814  2.4902e+21
136.4  1.75508e+21
136.987  1.95318e+21
137.574  2.30073e+21
138.16  2.41057e+21
138.747  2.29898e+21
139.334  2.41126e+21
139.92  2.04846e+21
140.507  2.7718e+21
141.094  2.10107e+21
141.68  2.23506e+21
142.267  2.36986e+21
142.854  2.51128e+21
143.44  2.65684e+21
144.027  2.3344e+21
144.614  1.91805e+21
145.2  2.19703e+21
145.787  2.63342e+21
146.374  2.90977e+21
146.96  2.40099e+21
147.547  2.08299e+21
148.134  2.14126e+21
148.721  2.30673e+21
149.307  3.03714e+21
149.894  2.42755e+21
150.481  2.00048e+21
151.067  2.09904e+21
151.654  2.57158e+21
152.241  2.54088e+21
152.827  2.62842e+21
153.414  2.0753e+21
154.001  2.11849e+21
154.587  2.50652e+21
155.174  2.74227e+21
155.761  2.35102e+21
156.347  2.10128e+21
156.934  2.07008e+21
157.521  2.6732e+21
158.107  2.69969e+21
158.694  2.6148e+21
159.281  1.96804e+21
159.867  2.06808e+21
160.454  2.69306e+21
161.041  2.78292e+21
161.627  2.84746e+21
162.214  1.93869e+21
162.801  1.75282e+21
163.387  2.52536e+21
163.974  2.89872e+21
164.561  2.64549e+21
165.147  2.20143e+21
165.734  1.65615e+21
166.321  2.29329e+21
166.907  2.44484e+21
167.494  3.07411e+21
168.081  2.0202e+21
168.667  1.72156e+21
169.254  2.00036e+21
169.841  2.26481e+21
170.427  2.50584e+21
171.014  2.33372e+21
171.601  1.64225e+21
172.187  2.02456e+21
172.774  1.96639e+21
173.361  2.4999e+21
173.947  2.08365e+21
174.534  1.78094e+21
175.121  2.08639e+21
175.707  1.86828e+21
176.294  2.16358e+21
176.881  2.04536e+21
177.467  1.74442e+21
178.054  2.10473e+21
178.641  2.02087e+21
179.227  1.97237e+21
179.814  2.06402e+21
180.401  1.78611e+21
180.987  2.24492e+21
181.574  1.9615e+21
182.161  2.23348e+21
182.747  1.88998e+21
183.334  1.85293e+21
183.921  2.23471e+21
184.507  2.2139e+21
185.094  2.18875e+21
185.681  2.27302e+21
186.267  1.83878e+21
186.854  2.36923e+21
187.441  2.33501e+21
188.027  2.46433e+21
188.614  2.30339e+21
189.201  2.04075e+21
189.787  2.46606e+21
190.374  2.38051e+21
190.961  2.62728e+21
191.547  2.43948e+21
192.134  2.19552e+21
192.721  2.39243e+21
193.307  2.72465e+21
193.894  2.54821e+21
194.481  2.63657e+21
195.067  2.15385e+21
195.654  2.68568e+21
196.241  2.46355e+21
196.827  2.84897e+21
197.414  2.50503e+21
198.001  2.2461e+21
198.587  2.42562e+21
199.174  2.95634e+21
199.761  2.69091e+21
200.347  2.61626e+21
200.934  2.21093e+21
201.521  2.5544e+21
202.107  2.6537e+21
202.694  3.08696e+21
203.281  2.63593e+21
203.867  2.20102e+21
204.454  2.37802e+21
205.041  2.88481e+21
205.627  3.03545e+21
206.214  2.75247e+21
206.801  2.40511e+21
207.388  2.21644e+21
207.974  2.72257e+21
208.561  3.07179e+21
209.148  3.09703e+21
209.734  2.25836e+21
210.321  2.27882e+21
210.908  2.53206e+21
211.494  3.14628e+21
212.081  2.82084e+21
212.668  2.65789e+21
213.254  2.0768e+21
213.841  2.52147e+21
214.428  2.84286e+21
215.014  3.10479e+21
215.601  2.53595e+21
216.188  2.20398e+21
216.774  2.37247e+21
217.361  2.81199e+21
217.948  2.90077e+21
218.534  2.79901e+21
219.121  2.18007e+21
219.708  2.26999e+21
220.294  2.74521e+21
220.881  3.04993e+21
221.468  2.84827e+21
222.054  2.171e+21
222.641  2.28696e+21
223.228  2.57642e+21
223.814  3.12935e+21
224.401  2.79031e+21
224.988  2.35656e+21
225.574  2.02865e+21
226.161  2.66461e+21
226.748  2.86249e+21
227.334  3.06489e+21
227.921  2.199e+21
228.508  2.19204e+21
229.094  2.23936e+21
229.681  2.91072e+21
230.268  2.8968e+21
230.854  2.4465e+21
231.441  1.97841e+21
232.028  2.19722e+21
232.614  2.62798e+21
233.201  2.98395e+21
233.788  2.51844e+21
234.374  2.05072e+21
