#S 1 spectral density
#N 2
#UFWHM 9.97339
#L  abscissas [um]  spectral density
-234.375  3.54392e+19
-233.788  2.96621e+19
-233.202  5.85738e+19
-232.615  6.4894e+19
-232.028  2.42276e+19
-231.442  2.31872e+19
-230.855  5.04473e+19
-230.268  4.18101e+19
-229.682  3.57898e+19
-229.095  5.46565e+19
-228.508  2.53076e+19
-227.922  2.14972e+19
-227.335  6.92514e+19
-226.748  6.40807e+19
-226.162  1.82916e+19
-225.575  4.01495e+19
-224.988  3.66146e+19
-224.402  2.13358e+19
-223.815  6.25763e+19
-223.228  7.10026e+19
-222.642  1.32591e+19
-222.055  3.2939e+19
-221.468  6.71796e+19
-220.882  2.6512e+19
-220.295  4.38393e+19
-219.708  7.16844e+19
-219.122  1.51151e+19
-218.535  3.39075e+19
-217.948  8.55888e+19
-217.362  4.27982e+19
-216.775  2.16025e+19
-216.188  6.22991e+19
-215.602  2.81655e+19
-215.015  2.88433e+19
-214.428  7.92299e+19
-213.842  5.51228e+19
-213.255  1.52909e+19
-212.668  6.19517e+19
-212.082  5.32313e+19
-211.495  2.36257e+19
-210.908  5.44938e+19
-210.322  5.30548e+19
-209.735  1.5762e+19
-209.148  5.66365e+19
-208.562  7.3802e+19
-207.975  2.96763e+19
-207.388  2.90353e+19
-206.802  5.85072e+19
-206.215  2.35868e+19
-205.628  4.32249e+19
-205.041  7.15925e+19
-204.455  3.4909e+19
-203.868  1.99763e+19
-203.281  7.18575e+19
-202.695  4.41581e+19
-202.108  3.08551e+19
-201.521  5.62245e+19
-200.935  3.74951e+19
-200.348  2.35632e+19
-199.761  6.96191e+19
-199.175  5.58597e+19
-198.588  2.91301e+19
-198.001  3.77526e+19
-197.415  4.07483e+19
-196.828  4.01677e+19
-196.241  6.33255e+19
-195.655  5.22372e+19
-195.068  2.99783e+19
-194.481  3.72042e+19
-193.895  4.69518e+19
-193.308  5.46519e+19
-192.721  5.77803e+19
-192.135  4.19014e+19
-191.548  3.28484e+19
-190.961  3.69971e+19
-190.375  4.42252e+19
-189.788  5.34445e+19
-189.201  4.42758e+19
-188.615  3.77966e+19
-188.028  3.89489e+19
-187.441  4.95174e+19
-186.855  5.38471e+19
-186.268  4.26245e+19
-185.681  4.14262e+19
-185.095  3.48144e+19
-184.508  3.49981e+19
-183.921  5.80205e+19
-183.335  5.8805e+19
-182.748  3.22026e+19
-182.161  4.65085e+19
-181.575  4.66762e+19
-180.988  3.13743e+19
-180.401  4.53262e+19
-179.815  6.79286e+19
-179.228  3.82744e+19
-178.641  4.27877e+19
-178.055  6.38611e+19
-177.468  4.30219e+19
-176.881  3.18631e+19
-176.295  7.84043e+19
-175.708  4.93483e+19
-175.121  2.90044e+19
-174.535  6.1984e+19
-173.948  5.8752e+19
-173.361  3.08773e+19
-172.775  7.39773e+19
-172.188  7.4295e+19
-171.601  2.29859e+19
-171.015  5.01109e+19
-170.428  7.8639e+19
-169.841  3.55461e+19
-169.255  6.67873e+19
-168.668  7.84802e+19
-168.081  3.17463e+19
-167.495  5.43757e+19
-166.908  8.99773e+19
-166.321  5.84399e+19
-165.735  4.90078e+19
-165.148  5.29845e+19
-164.561  4.57465e+19
-163.975  5.26586e+19
-163.388  7.41075e+19
-162.801  6.56607e+19
-162.215  4.85217e+19
-161.628  4.95693e+19
-161.041  4.59062e+19
-160.455  6.47148e+19
-159.868  6.94916e+19
-159.281  4.08787e+19
-158.695  6.09187e+19
-158.108  5.27907e+19
-157.521  4.07615e+19
-156.935  6.21802e+19
-156.348  6.81469e+19
-155.761  3.4538e+19
-155.175  7.81986e+19
-154.588  7.75865e+19
-154.001  2.84784e+19
-153.415  3.81467e+19
-152.828  6.52299e+19
-152.241  3.55855e+19
-151.655  7.84327e+19
-151.068  9.48241e+19
-150.481  3.38852e+19
-149.895  3.87516e+19
-149.308  6.74725e+19
-148.721  5.24175e+19
-148.135  6.46147e+19
-147.548  7.34315e+19
-146.961  3.43093e+19
-146.375  4.12952e+19
-145.788  7.16377e+19
-145.201  6.06448e+19
-144.614  6.12071e+19
-144.028  5.61362e+19
-143.441  3.21282e+19
-142.854  5.24347e+19
-142.268  7.90762e+19
-141.681  4.62739e+19
-141.094  5.48595e+19
-140.508  5.31304e+19
-139.921  2.80454e+19
-139.334  6.92818e+19
-138.748  1.01984e+20
-138.161  3.14665e+19
-137.574  5.71889e+19
-136.988  6.01347e+19
-136.401  2.70291e+19
-135.814  6.66454e+19
-135.228  8.63132e+19
-134.641  3.11816e+19
-134.054  5.36613e+19
-133.468  6.52468e+19
-132.881  4.27525e+19
-132.294  6.35135e+19
-131.708  8.00849e+19
-131.121  4.92694e+19
-130.534  4.61051e+19
-129.948  5.69189e+19
-129.361  3.38362e+19
-128.774  7.20188e+19
-128.188  9.68773e+19
-127.601  6.48817e+19
-127.014  5.91766e+19
-126.428  5.13705e+19
-125.841  2.51708e+19
-125.254  8.92846e+19
-124.668  1.04395e+20
-124.081  6.03882e+19
-123.494  5.70573e+19
-122.908  4.14158e+19
-122.321  3.32789e+19
-121.734  1.05113e+20
-121.148  1.16751e+20
-120.561  3.708e+19
-119.974  6.53619e+19
-119.388  5.0954e+19
-118.801  4.993e+19
-118.214  1.06553e+20
-117.628  9.48056e+19
-117.041  3.80511e+19
-116.454  8.76815e+19
-115.868  6.75399e+19
-115.281  6.22425e+19
-114.694  9.47367e+19
-114.108  7.86629e+19
-113.521  6.7615e+19
-112.934  9.49455e+19
-112.348  6.0307e+19
-111.761  4.75821e+19
-111.174  7.31059e+19
-110.588  8.94719e+19
-110.001  9.45254e+19
-109.414  8.86525e+19
-108.828  4.10668e+19
-108.241  3.31512e+19
-107.654  8.51282e+19
-107.068  1.21189e+20
-106.481  8.59168e+19
-105.894  8.22548e+19
-105.308  3.1696e+19
-104.721  4.96341e+19
-104.134  1.16847e+20
-103.548  1.1837e+20
-102.961  7.91034e+19
-102.374  9.27632e+19
-101.788  3.35636e+19
-101.201  9.29395e+19
-100.614  1.12836e+20
-100.028  7.47532e+19
-99.4409  1.02692e+20
-98.8542  9.4498e+19
-98.2676  4.75331e+19
-97.6809  1.07112e+20
-97.0942  6.64092e+19
-96.5075  7.18017e+19
-95.9209  1.49183e+20
-95.3342  9.84029e+19
-94.7475  4.26017e+19
-94.1609  8.53921e+19
-93.5742  4.7894e+19
-92.9875  1.14648e+20
-92.4009  1.7459e+20
-91.8142  7.55289e+19
-91.2275  3.16647e+19
-90.6409  9.02309e+19
-90.0542  7.57224e+19
-89.4675  1.58819e+20
-88.8808  1.57211e+20
-88.2942  5.0516e+19
-87.7075  3.74581e+19
-87.1208  1.17927e+20
-86.5342  1.10822e+20
-85.9475  1.3711e+20
-85.3608  1.31663e+20
-84.7741  5.97118e+19
-84.1875  6.04579e+19
-83.6008  1.33595e+20
-83.0141  8.00706e+19
-82.4275  1.1121e+20
-81.8408  1.45841e+20
-81.2541  8.20421e+19
-80.6675  8.29118e+19
-80.0808  1.13495e+20
-79.4941  3.64286e+19
-78.9074  1.4327e+20
-78.3208  1.82379e+20
-77.7341  7.84758e+19
-77.1474  9.09619e+19
-76.5608  7.8013e+19
-75.9741  4.38766e+19
-75.3874  2.34204e+20
-74.8008  1.54615e+20
-74.2141  6.40129e+19
-73.6274  1.0109e+20
-73.0408  5.83094e+19
-72.4541  1.34953e+20
-71.8674  2.47057e+20
-71.2807  7.71073e+19
-70.6941  9.35852e+19
-70.1074  1.07376e+20
-69.5207  7.68896e+19
-68.9341  1.83758e+20
-68.3474  1.66985e+20
-67.7607  5.99507e+19
-67.174  1.632e+20
-66.5874  1.06977e+20
-66.0007  9.10614e+19
-65.414  1.52068e+20
-64.8274  1.02641e+20
-64.2407  1.36269e+20
-63.654  2.07495e+20
-63.0674  8.78468e+19
-62.4807  7.39789e+19
-61.894  1.34552e+20
-61.3073  1.80741e+20
-60.7207  2.0748e+20
-60.134  1.73276e+20
-59.5473  7.04285e+19
-58.9607  6.87999e+19
-58.374  1.95799e+20
-57.7873  2.69142e+20
-57.2007  1.82992e+20
-56.614  1.46094e+20
-56.0273  8.88142e+19
-55.4407  1.58172e+20
-54.854  2.8446e+20
-54.2673  2.39263e+20
-53.6806  1.52242e+20
-53.094  1.72975e+20
-52.5073  1.18408e+20
-51.9206  2.77139e+20
-51.334  2.64565e+20
-50.7473  1.20541e+20
-50.1606  2.36632e+20
-49.5739  2.40477e+20
-48.9873  1.47903e+20
-48.4006  3.47533e+20
-47.8139  1.56763e+20
-47.2273  1.38624e+20
-46.6406  3.91829e+20
-46.0539  2.08908e+20
-45.4673  2.12602e+20
-44.8806  2.96287e+20
-44.2939  1.13427e+20
-43.7072  3.87279e+20
-43.1206  4.23029e+20
-42.5339  1.45836e+20
-41.9472  3.39311e+20
-41.3606  2.72917e+20
-40.7739  2.83877e+20
-40.1872  5.90898e+20
-39.6006  3.01836e+20
-39.0139  2.43632e+20
-38.4272  4.77476e+20
-37.8406  3.51119e+20
-37.2539  5.64225e+20
-36.6672  5.37404e+20
-36.0805  2.22669e+20
-35.4939  5.70101e+20
-34.9072  5.59548e+20
-34.3205  5.36925e+20
-33.7339  7.22435e+20
-33.1472  3.84444e+20
-32.5605  4.85051e+20
-31.9738  9.08978e+20
-31.3872  6.44104e+20
-30.8005  7.16203e+20
-30.2138  6.8432e+20
-29.6272  5.08882e+20
-29.0405  9.49925e+20
-28.4538  1.04148e+21
-27.8672  8.15715e+20
-27.2805  8.70826e+20
-26.6938  7.72504e+20
-26.1072  1.05225e+21
-25.5205  1.3427e+21
-24.9338  1.0476e+21
-24.3471  1.09991e+21
-23.7605  1.12142e+21
-23.1738  1.20628e+21
-22.5871  1.74886e+21
-22.0005  1.63338e+21
-21.4138  1.4091e+21
-20.8271  1.72159e+21
-20.2404  1.87815e+21
-19.6538  2.16406e+21
-19.0671  2.45893e+21
-18.4804  2.37307e+21
-17.8938  2.4434e+21
-17.3071  2.85692e+21
-16.7204  3.52915e+21
-16.1338  3.84052e+21
-15.5471  4.00288e+21
-14.9604  4.69106e+21
-14.3737  5.42869e+21
-13.7871  6.43743e+21
-13.2004  7.90273e+21
-12.6137  9.09372e+21
-12.0271  1.07123e+22
-11.4404  1.35173e+22
-10.8537  1.71476e+22
-10.2671  2.16594e+22
-9.68039  2.70927e+22
-9.09372  3.40461e+22
-8.50705  4.28998e+22
-7.92038  5.39051e+22
-7.33371  6.74269e+22
-6.74704  8.236e+22
-6.16037  9.80464e+22
-5.5737  1.16511e+23
-4.98703  1.36026e+23
-4.40036  1.55564e+23
-3.81369  1.76982e+23
-3.22702  1.9582e+23
-2.64035  2.10858e+23
-2.05368  2.26558e+23
-1.46701  2.38156e+23
-0.88034  2.44693e+23
-0.29367  2.50819e+23
0.293  2.50083e+23
0.87967  2.4253e+23
1.46634  2.34649e+23
2.05301  2.21823e+23
2.63968  2.0518e+23
3.22635  1.89465e+23
3.81302  1.70231e+23
4.39969  1.48728e+23
4.98636  1.29313e+23
5.57303  1.10079e+23
6.1597  9.21074e+22
6.74637  7.70289e+22
7.33304  6.27669e+22
7.91971  4.99822e+22
8.50638  3.96621e+22
9.09305  3.14003e+22
9.67972  2.49863e+22
10.2664  2.00181e+22
10.8531  1.5882e+22
11.4397  1.25681e+22
12.0264  1.00015e+22
12.6131  8.53586e+21
13.1997  7.46628e+21
13.7864  6.09578e+21
14.3731  5.16428e+21
14.9597  4.47915e+21
15.5464  3.83685e+21
16.1331  3.69036e+21
16.7198  3.41006e+21
17.3064  2.75871e+21
17.8931  2.37056e+21
18.4798  2.30554e+21
19.0664  2.40064e+21
19.6531  2.10793e+21
20.2398  1.83287e+21
20.8265  1.6793e+21
21.4131  1.37347e+21
21.9998  1.59627e+21
22.5865  1.7139e+21
23.1731  1.17941e+21
23.7598  1.09717e+21
24.3465  1.08108e+21
24.9331  1.02883e+21
25.5198  1.32496e+21
26.1065  1.03646e+21
26.6931  7.60259e+20
27.2798  8.5546e+20
27.8665  8.03719e+20
28.4532  1.02609e+21
29.0398  9.35849e+20
29.6265  4.98712e+20
30.2132  6.75744e+20
30.7998  7.06977e+20
31.3865  6.3596e+20
31.9732  9.0092e+20
32.5599  4.79005e+20
33.1465  3.79714e+20
33.7332  7.15674e+20
34.3199  5.31215e+20
34.9065  5.52174e+20
35.4932  5.6412e+20
36.0799  2.19071e+20
36.6665  5.32652e+20
37.2532  5.5791e+20
37.8399  3.47652e+20
38.4265  4.72929e+20
39.0132  2.41206e+20
39.5999  2.98898e+20
40.1866  5.87168e+20
40.7732  2.80618e+20
41.3599  2.70084e+20
41.9466  3.36047e+20
42.5332  1.43634e+20
43.1199  4.18926e+20
43.7066  3.84129e+20
44.2933  1.11843e+20
44.8799  2.93549e+20
45.4666  2.11113e+20
46.0533  2.06742e+20
46.6399  3.90349e+20
47.2266  1.37542e+20
47.8133  1.55917e+20
48.3999  3.44779e+20
48.9866  1.47289e+20
49.5733  2.38083e+20
50.1599  2.3543e+20
50.7466  1.19326e+20
51.3333  2.62815e+20
51.92  2.7483e+20
52.5066  1.16842e+20
53.0933  1.7213e+20
53.68  1.51146e+20
54.2666  2.384e+20
54.8533  2.82701e+20
55.44  1.57691e+20
56.0266  8.76109e+19
56.6133  1.45608e+20
57.2  1.81239e+20
57.7867  2.68106e+20
58.3733  1.93697e+20
58.96  6.83401e+19
59.5467  7.00445e+19
60.1333  1.7218e+20
60.72  2.06425e+20
61.3067  1.80368e+20
61.8933  1.33226e+20
62.48  7.40892e+19
63.0667  8.72921e+19
63.6534  2.06088e+20
64.24  1.3629e+20
64.8267  1.02141e+20
65.4134  1.51318e+20
66  9.0933e+19
66.5867  1.06027e+20
67.1734  1.61782e+20
67.7601  6.02718e+19
68.3467  1.66449e+20
68.9334  1.83547e+20
69.5201  7.65662e+19
70.1067  1.07379e+20
70.6934  9.28706e+19
71.2801  7.66269e+19
71.8667  2.46216e+20
72.4534  1.34761e+20
73.0401  5.77569e+19
73.6268  1.01928e+20
74.2134  6.38107e+19
74.8001  1.53421e+20
75.3868  2.33565e+20
75.9734  4.38808e+19
76.5601  7.76028e+19
77.1468  9.05856e+19
77.7334  7.85428e+19
78.3201  1.81024e+20
78.9068  1.42766e+20
79.4934  3.63936e+19
80.0801  1.13214e+20
80.6668  8.13548e+19
81.2535  8.20002e+19
81.8401  1.44827e+20
82.4268  1.10131e+20
83.0135  7.97309e+19
83.6001  1.3341e+20
84.1868  5.97174e+19
84.7735  5.9563e+19
85.3602  1.31269e+20
85.9468  1.37009e+20
86.5335  1.10096e+20
87.1202  1.17464e+20
87.7068  3.76561e+19
88.2935  5.0122e+19
88.8802  1.5699e+20
89.4668  1.59017e+20
90.0535  7.5578e+19
90.6402  9.0032e+19
91.2268  3.22032e+19
91.8135  7.50413e+19
92.4002  1.74754e+20
92.9869  1.14644e+20
93.5735  4.79876e+19
94.1602  8.5159e+19
94.7469  4.25819e+19
95.3335  9.76865e+19
95.9202  1.49437e+20
96.5069  7.19185e+19
97.0935  6.64021e+19
97.6802  1.05863e+20
98.2669  4.72651e+19
98.8536  9.34479e+19
99.4402  1.01918e+20
100.027  7.49517e+19
100.614  1.12677e+20
101.2  9.20986e+19
101.787  3.33168e+19
102.374  9.26116e+19
102.96  7.83793e+19
103.547  1.18013e+20
104.134  1.16345e+20
104.72  4.94288e+19
105.307  3.1163e+19
105.894  8.25086e+19
106.48  8.63963e+19
107.067  1.20822e+20
107.654  8.49101e+19
108.24  3.37454e+19
108.827  4.08472e+19
109.414  8.87266e+19
110  9.44808e+19
110.587  8.96211e+19
111.174  7.26072e+19
111.76  4.79819e+19
112.347  6.06941e+19
112.934  9.53567e+19
113.52  6.7588e+19
114.107  7.88121e+19
114.694  9.39908e+19
115.28  6.18143e+19
115.867  6.66369e+19
116.454  8.76204e+19
117.04  3.79388e+19
117.627  9.43214e+19
118.214  1.06156e+20
118.8  5.01032e+19
119.387  5.0612e+19
119.974  6.48705e+19
120.56  3.72839e+19
121.147  1.15967e+20
121.734  1.04424e+20
122.32  3.339e+19
122.907  4.13909e+19
123.494  5.71705e+19
124.08  6.07417e+19
124.667  1.04549e+20
125.254  8.99927e+19
125.84  2.55584e+19
126.427  5.17629e+19
127.014  5.8879e+19
127.6  6.46362e+19
128.187  9.66554e+19
128.774  7.27959e+19
129.36  3.4603e+19
129.947  5.75474e+19
130.534  4.60348e+19
131.12  4.915e+19
131.707  8.00231e+19
132.294  6.33755e+19
132.88  4.23597e+19
133.467  6.53022e+19
134.054  5.29358e+19
134.64  3.04767e+19
135.227  8.63627e+19
135.814  6.69772e+19
136.4  2.67035e+19
136.987  5.97333e+19
137.574  5.70119e+19
138.16  3.07935e+19
138.747  1.01274e+20
139.334  6.95128e+19
139.92  2.79695e+19
140.507  5.28298e+19
141.094  5.48019e+19
141.68  4.65226e+19
142.267  7.92932e+19
142.854  5.237e+19
143.44  3.24169e+19
144.027  5.62032e+19
144.614  6.07689e+19
145.2  6.07417e+19
145.787  7.18081e+19
146.374  4.13327e+19
146.96  3.47075e+19
147.547  7.38445e+19
148.134  6.4722e+19
148.721  5.28142e+19
149.307  6.73141e+19
149.894  3.83246e+19
150.481  3.38417e+19
151.067  9.42697e+19
151.654  7.8154e+19
152.241  3.6325e+19
152.827  6.56059e+19
153.414  3.77604e+19
154.001  2.81564e+19
154.587  7.71662e+19
155.174  7.78004e+19
155.761  3.42775e+19
156.347  6.82258e+19
156.934  6.16565e+19
157.521  4.05002e+19
158.107  5.2352e+19
158.694  6.12456e+19
159.281  4.11711e+19
159.867  6.93583e+19
160.454  6.45319e+19
161.041  4.58033e+19
161.627  4.89918e+19
162.214  4.85097e+19
162.801  6.55686e+19
163.387  7.41443e+19
163.974  5.25989e+19
164.561  4.55671e+19
165.147  5.29687e+19
165.734  4.91893e+19
166.321  5.83977e+19
166.907  8.98741e+19
167.494  5.43415e+19
168.081  3.13741e+19
168.667  7.80322e+19
169.254  6.70177e+19
169.841  3.5992e+19
170.427  7.85119e+19
171.014  5.01541e+19
171.601  2.28744e+19
172.187  7.41627e+19
172.774  7.37965e+19
173.361  3.06766e+19
173.947  5.84783e+19
174.534  6.18266e+19
175.121  2.88856e+19
175.707  4.95037e+19
176.294  7.85505e+19
176.881  3.17676e+19
177.467  4.2499e+19
178.054  6.35433e+19
178.641  4.27402e+19
179.227  3.80425e+19
179.814  6.76086e+19
180.401  4.52827e+19
180.987  3.11204e+19
181.574  4.61897e+19
182.161  4.68197e+19
182.747  3.23889e+19
183.334  5.86702e+19
183.921  5.77456e+19
184.507  3.46556e+19
185.094  3.46458e+19
185.681  4.13432e+19
186.267  4.28485e+19
186.854  5.4171e+19
187.441  4.95409e+19
188.027  3.90664e+19
188.614  3.78178e+19
189.201  4.41882e+19
189.787  5.39627e+19
190.374  4.38737e+19
190.961  3.66651e+19
191.547  3.28475e+19
192.134  4.19246e+19
192.721  5.77071e+19
193.307  5.4966e+19
193.894  4.68541e+19
194.481  3.70473e+19
195.067  2.94768e+19
195.654  5.20974e+19
196.241  6.31321e+19
196.827  3.99475e+19
197.414  4.04753e+19
198.001  3.76554e+19
198.587  2.88845e+19
199.174  5.58223e+19
199.761  6.96605e+19
200.347  2.36104e+19
200.934  3.73114e+19
201.521  5.59545e+19
202.107  3.06006e+19
202.694  4.40676e+19
203.281  7.20867e+19
203.867  2.00569e+19
204.454  3.49586e+19
205.041  7.16012e+19
205.627  4.33257e+19
206.214  2.36834e+19
206.801  5.861e+19
207.388  2.88536e+19
207.974  2.93683e+19
208.561  7.36607e+19
209.148  5.66225e+19
209.734  1.59501e+19
210.321  5.32447e+19
210.908  5.44718e+19
211.494  2.33775e+19
212.081  5.30388e+19
212.668  6.16472e+19
213.254  1.52338e+19
213.841  5.48603e+19
214.428  7.93607e+19
215.014  2.86831e+19
215.601  2.78878e+19
216.188  6.23327e+19
216.774  2.16843e+19
217.361  4.2539e+19
217.948  8.5632e+19
218.534  3.37235e+19
219.121  1.50078e+19
219.708  7.16301e+19
220.294  4.39038e+19
220.881  2.66291e+19
221.468  6.70646e+19
222.054  3.30443e+19
222.641  1.3382e+19
223.228  7.10295e+19
223.814  6.2802e+19
224.401  2.11811e+19
224.988  3.63424e+19
225.574  4.015e+19
226.161  1.81816e+19
226.748  6.40887e+19
227.334  6.9469e+19
227.921  2.14821e+19
228.508  2.52937e+19
229.094  5.44964e+19
229.681  3.56003e+19
230.268  4.17977e+19
230.854  5.03989e+19
231.441  2.31852e+19
232.028  2.42334e+19
232.614  6.4693e+19
233.201  5.86629e+19
233.788  2.988e+19
234.374  3.54188e+19
