#S 1 spectral density
#N 2
#UFWHM 400.696
#L  abscissas [um]  spectral density
-234.375  2.38433e+21
-233.788  8.65836e+20
-233.202  2.48592e+21
-232.615  1.3328e+21
-232.028  1.8108e+21
-231.442  2.59957e+21
-230.855  1.48836e+21
-230.268  9.59289e+20
-229.682  2.52774e+21
-229.095  9.36128e+20
-228.508  3.03903e+21
-227.922  1.45909e+21
-227.335  1.2926e+21
-226.748  1.70837e+21
-226.162  1.2695e+21
-225.575  1.47192e+21
-224.988  3.03198e+21
-224.402  5.75691e+20
-223.815  1.66867e+21
-223.228  2.05017e+21
-222.642  5.18712e+20
-222.055  1.75582e+21
-221.468  2.07877e+21
-220.882  1.0552e+21
-220.295  1.76982e+21
-219.708  1.55622e+21
-219.122  6.05811e+20
-218.535  1.26251e+21
-217.948  1.59059e+21
-217.362  1.91421e+21
-216.775  1.64085e+21
-216.188  9.70697e+20
-215.602  7.61513e+20
-215.015  6.36925e+20
-214.428  2.33859e+21
-213.842  1.8864e+21
-213.255  1.15258e+21
-212.668  1.10776e+21
-212.082  7.44876e+20
-211.495  2.17515e+20
-210.908  3.55172e+21
-210.322  1.58128e+21
-209.735  5.46083e+20
-209.148  1.73592e+21
-208.562  8.91818e+20
-207.975  4.3702e+20
-207.388  3.62502e+21
-206.802  1.55832e+21
-206.215  9.22449e+20
-205.628  1.72293e+21
-205.041  9.40304e+20
-204.455  1.83743e+21
-203.868  2.4204e+21
-203.281  1.76945e+21
-202.695  2.4257e+21
-202.108  7.10662e+20
-201.521  7.15084e+20
-200.935  2.87837e+21
-200.348  1.82733e+21
-199.761  1.94956e+21
-199.175  2.87676e+21
-198.588  2.02951e+20
-198.001  6.29707e+20
-197.415  1.99108e+21
-196.828  3.03554e+21
-196.241  1.78715e+21
-195.655  1.43001e+21
-195.068  6.51098e+20
-194.481  6.52527e+20
-193.895  7.09036e+20
-193.308  4.29933e+21
-192.721  1.09089e+21
-192.135  3.62601e+20
-191.548  7.61248e+20
-190.961  4.12447e+20
-190.375  1.29408e+21
-189.788  3.57765e+21
-189.201  7.06442e+20
-188.615  9.57052e+20
-188.028  4.09203e+20
-187.441  6.42393e+20
-186.855  2.36657e+21
-186.268  2.22037e+21
-185.681  1.81041e+21
-185.095  1.14357e+21
-184.508  8.29524e+20
-183.921  1.89256e+21
-183.335  1.60548e+21
-182.748  2.54418e+21
-182.161  3.82235e+21
-181.575  5.10012e+20
-180.988  1.95086e+21
-180.401  3.01245e+21
-179.815  5.02917e+20
-179.228  3.80818e+21
-178.641  4.21503e+21
-178.055  1.14219e+21
-177.468  1.89923e+21
-176.881  2.49581e+21
-176.295  1.46148e+21
-175.708  4.1688e+21
-175.121  2.43501e+21
-174.535  2.99468e+21
-173.948  8.98117e+20
-173.361  1.03286e+21
-172.775  2.84644e+21
-172.188  3.46263e+21
-171.601  7.66186e+20
-171.015  3.24816e+21
-170.428  3.30852e+20
-169.841  7.88035e+20
-169.255  2.20759e+21
-168.668  2.43797e+21
-168.081  1.34261e+21
-167.495  1.56426e+21
-166.908  4.95193e+20
-166.321  1.98156e+21
-165.735  6.32137e+20
-165.148  1.71259e+21
-164.561  2.8308e+21
-163.975  5.95671e+20
-163.388  7.41015e+20
-162.801  2.6817e+21
-162.215  4.46268e+20
-161.628  1.59754e+21
-161.041  2.96831e+21
-160.455  1.45636e+21
-159.868  8.14691e+20
-159.281  2.08948e+21
-158.695  1.3753e+21
-158.108  2.0198e+21
-157.521  1.89509e+21
-156.935  2.38643e+21
-156.348  8.64779e+20
-155.761  1.38233e+21
-155.175  1.95211e+21
-154.588  2.30127e+21
-154.001  1.17038e+21
-153.415  2.56262e+21
-152.828  9.19149e+20
-152.241  1.11754e+21
-151.655  2.54341e+21
-151.068  2.1424e+21
-150.481  1.007e+21
-149.895  3.00944e+21
-149.308  9.43461e+20
-148.721  8.37554e+20
-148.135  3.34056e+21
-147.548  1.81375e+21
-146.961  8.90968e+20
-146.375  3.18702e+21
-145.788  9.30282e+20
-145.201  6.606e+20
-144.614  2.60827e+21
-144.028  2.28795e+21
-143.441  9.68645e+20
-142.854  1.60957e+21
-142.268  1.7033e+21
-141.681  1.08806e+21
-141.094  5.49439e+20
-140.508  4.1294e+21
-139.921  1.18034e+21
-139.334  2.78578e+20
-138.748  3.26483e+21
-138.161  1.66286e+21
-137.574  5.34632e+20
-136.988  5.41046e+21
-136.401  1.17491e+21
-135.814  1.6707e+21
-135.228  3.48289e+21
-134.641  1.85715e+21
-134.054  2.72707e+21
-133.468  3.81362e+21
-132.881  1.03686e+21
-132.294  3.09461e+21
-131.708  2.05469e+21
-131.121  1.55189e+21
-130.534  2.96629e+21
-129.948  1.85194e+21
-129.361  8.79851e+20
-128.774  1.96914e+21
-128.188  2.21652e+21
-127.601  1.02596e+21
-127.014  1.37684e+21
-126.428  2.45349e+21
-125.841  8.36887e+20
-125.254  1.416e+21
-124.668  3.43004e+21
-124.081  1.03935e+21
-123.494  2.0128e+21
-122.908  2.92412e+21
-122.321  1.09853e+21
-121.734  3.53336e+21
-121.148  2.05934e+21
-120.561  1.63153e+21
-119.974  4.00406e+21
-119.388  1.24644e+21
-118.801  1.3488e+21
-118.214  4.80371e+21
-117.628  6.61206e+20
-117.041  2.59128e+21
-116.454  4.18294e+21
-115.868  1.92463e+21
-115.281  2.01437e+21
-114.694  3.63861e+21
-114.108  3.26044e+21
-113.521  3.53813e+21
-112.934  2.56694e+21
-112.348  4.77137e+21
-111.761  2.63956e+21
-111.174  1.6073e+21
-110.588  5.34559e+21
-110.001  3.29795e+21
-109.414  9.73248e+20
-108.828  4.22906e+21
-108.241  1.89675e+21
-107.654  8.11326e+20
-107.068  3.32033e+21
-106.481  1.61793e+21
-105.894  1.38438e+21
-105.308  1.81573e+21
-104.721  4.51493e+20
-104.134  2.37243e+21
-103.548  1.68395e+21
-102.961  4.30074e+20
-102.374  3.20991e+21
-101.788  2.10085e+21
-101.201  1.12183e+20
-100.614  3.80774e+21
-100.028  2.47202e+21
-99.4409  9.06067e+20
-98.8542  3.3566e+21
-98.2676  3.09281e+21
-97.6809  8.83083e+20
-97.0942  2.72845e+21
-96.5075  2.48467e+21
-95.9209  1.96853e+21
-95.3342  1.75694e+21
-94.7475  2.45655e+21
-94.1609  2.05189e+21
-93.5742  1.06634e+21
-92.9875  1.61574e+21
-92.4009  3.20535e+21
-91.8142  7.07242e+20
-91.2275  1.9215e+21
-90.6409  3.62117e+21
-90.0542  4.77361e+20
-89.4675  1.83596e+21
-88.8808  4.84608e+21
-88.2942  5.05105e+20
-87.7075  2.74942e+21
-87.1208  5.20141e+21
-86.5342  5.00638e+20
-85.9475  2.73812e+21
-85.3608  5.50262e+21
-84.7741  6.41104e+20
-84.1875  3.03242e+21
-83.6008  4.32015e+21
-83.0141  8.91565e+20
-82.4275  1.92156e+21
-81.8408  3.56423e+21
-81.2541  1.23171e+21
-80.6675  1.20058e+21
-80.0808  2.28422e+21
-79.4941  2.19582e+21
-78.9074  3.35428e+20
-78.3208  2.9899e+21
-77.7341  2.88593e+21
-77.1474  3.3657e+20
-76.5608  3.75183e+21
-75.9741  3.76034e+21
-75.3874  1.07697e+21
-74.8008  4.96984e+21
-74.2141  3.26837e+21
-73.6274  1.50102e+21
-73.0408  5.0252e+21
-72.4541  2.44731e+21
-71.8674  2.39281e+21
-71.2807  4.11021e+21
-70.6941  1.23308e+21
-70.1074  2.48777e+21
-69.5207  2.96038e+21
-68.9341  6.58232e+20
-68.3474  2.59515e+21
-67.7607  1.82699e+21
-67.174  6.39076e+20
-66.5874  2.32809e+21
-66.0007  1.58831e+21
-65.414  1.30672e+21
-64.8274  2.36297e+21
-64.2407  2.178e+21
-63.654  2.19863e+21
-63.0674  2.80753e+21
-62.4807  2.70911e+21
-61.894  2.76922e+21
-61.3073  4.02152e+21
-60.7207  3.23404e+21
-60.134  2.76805e+21
-59.5473  4.60977e+21
-58.9607  2.53355e+21
-58.374  1.88663e+21
-57.7873  5.07272e+21
-57.2007  1.93912e+21
-56.614  1.07656e+21
-56.0273  4.28538e+21
-55.4407  1.89063e+21
-54.854  1.1924e+21
-54.2673  3.65368e+21
-53.6806  3.22627e+21
-53.094  2.49996e+21
-52.5073  2.87531e+21
-51.9206  5.25359e+21
-51.334  3.98407e+21
-50.7473  1.98791e+21
-50.1606  5.99617e+21
-49.5739  4.67441e+21
-48.9873  1.08176e+21
-48.4006  5.82686e+21
-47.8139  4.14149e+21
-47.2273  4.29979e+20
-46.6406  4.24931e+21
-46.0539  2.99668e+21
-45.4673  2.78332e+20
-44.8806  2.98517e+21
-44.2939  1.75538e+21
-43.7072  4.73675e+20
-43.1206  2.63977e+21
-42.5339  1.19585e+21
-41.9472  9.61924e+20
-41.3606  3.32203e+21
-40.7739  1.41941e+21
-40.1872  1.3289e+21
-39.6006  4.68786e+21
-39.0139  2.00888e+21
-38.4272  1.50142e+21
-37.8406  5.82199e+21
-37.2539  2.87425e+21
-36.6672  1.54162e+21
-36.0805  5.80536e+21
-35.4939  3.0251e+21
-34.9072  9.36294e+20
-34.3205  4.62267e+21
-33.7339  2.85693e+21
-33.1472  5.81013e+20
-32.5605  2.79213e+21
-31.9738  2.84916e+21
-31.3872  6.43971e+20
-30.8005  1.33679e+21
-30.2138  3.62606e+21
-29.6272  1.39454e+21
-29.0405  5.73088e+20
-28.4538  5.00929e+21
-27.8672  2.71025e+21
-27.2805  5.94028e+20
-26.6938  6.74893e+21
-26.1072  3.49368e+21
-25.5205  7.06673e+20
-24.9338  7.14336e+21
-24.3471  3.61951e+21
-23.7605  8.99718e+20
-23.1738  6.76664e+21
-22.5871  2.82639e+21
-22.0005  8.26789e+20
-21.4138  5.03809e+21
-20.8271  1.97762e+21
-20.2404  8.78147e+20
-19.6538  3.64006e+21
-19.0671  1.3479e+21
-18.4804  7.45137e+20
-17.8938  2.94908e+21
-17.3071  1.9176e+21
-16.7204  7.3294e+20
-16.1338  3.86688e+21
-15.5471  3.0214e+21
-14.9604  9.57593e+20
-14.3737  5.39979e+21
-13.7871  4.4872e+21
-13.2004  1.15247e+21
-12.6137  6.81346e+21
-12.0271  5.13041e+21
-11.4404  1.44555e+21
-10.8537  6.61753e+21
-10.2671  4.18717e+21
-9.68039  1.23967e+21
-9.09372  4.75027e+21
-8.50705  2.76594e+21
-7.92038  1.39648e+21
-7.33371  3.00474e+21
-6.74704  1.93248e+21
-6.16037  2.22392e+21
-5.5737  2.07958e+21
-4.98703  2.03695e+21
-4.40036  2.88196e+21
-3.81369  2.17516e+21
-3.22702  2.88e+21
-2.64035  3.51415e+21
-2.05368  2.82835e+21
-1.46701  3.3574e+21
-0.88034  3.63664e+21
-0.29367  3.39532e+21
0.293  3.48888e+21
0.87967  3.63421e+21
1.46634  3.22466e+21
2.05301  2.88153e+21
2.63968  3.48834e+21
3.22635  2.7388e+21
3.81302  2.21199e+21
4.39969  2.83478e+21
4.98636  1.93848e+21
5.57303  2.16242e+21
6.1597  2.17095e+21
6.74637  1.91263e+21
7.33304  3.15439e+21
7.91971  1.37322e+21
8.50638  2.82406e+21
9.09305  4.94569e+21
9.67972  1.25607e+21
10.2664  4.2338e+21
10.8531  6.74624e+21
11.4397  1.45257e+21
12.0264  5.09993e+21
12.6131  6.80303e+21
13.1997  1.13378e+21
13.7864  4.36244e+21
14.3731  5.29743e+21
14.9597  9.33793e+20
15.5464  2.91135e+21
16.1331  3.76333e+21
16.7198  7.23951e+20
17.3064  1.87898e+21
17.8931  2.92416e+21
18.4798  7.53257e+20
19.0664  1.398e+21
19.6531  3.66832e+21
20.2398  8.85008e+20
20.8265  2.09514e+21
21.4131  5.09188e+21
21.9998  8.39968e+20
22.5865  2.94668e+21
23.1731  6.76513e+21
23.7598  9.10777e+20
24.3465  3.69806e+21
24.9331  7.06284e+21
25.5198  7.0511e+20
26.1065  3.48947e+21
26.6931  6.59282e+21
27.2798  5.96884e+20
27.8665  2.65031e+21
28.4532  4.84529e+21
29.0398  5.98452e+20
29.6265  1.32532e+21
30.2132  3.52946e+21
30.7998  1.42319e+21
31.3865  6.00201e+20
31.9732  2.84049e+21
32.5599  2.89922e+21
33.1465  5.64044e+20
33.7332  2.92223e+21
34.3199  4.73308e+21
34.9065  9.22067e+20
35.4932  3.103e+21
36.0799  5.81768e+21
36.6665  1.51214e+21
37.2532  2.91029e+21
37.8399  5.74972e+21
38.4265  1.44619e+21
39.0132  2.0148e+21
39.5999  4.55368e+21
40.1866  1.29107e+21
40.7732  1.41232e+21
41.3599  3.22332e+21
41.9466  9.3586e+20
42.5332  1.22006e+21
43.1199  2.62554e+21
43.7066  4.68407e+20
44.2933  1.80326e+21
44.8799  3.0612e+21
45.4666  2.85108e+20
46.0533  3.08789e+21
46.6399  4.38442e+21
47.2266  4.49374e+20
47.8133  4.21474e+21
48.3999  5.92305e+21
48.9866  1.09935e+21
49.5733  4.71463e+21
50.1599  5.99168e+21
50.7466  1.98166e+21
51.3333  3.9457e+21
51.92  5.15119e+21
52.5066  2.86163e+21
53.0933  2.44279e+21
53.68  3.10065e+21
54.2666  3.66229e+21
54.8533  1.16504e+21
55.44  1.84668e+21
56.0266  4.33548e+21
56.6133  1.09556e+21
57.2  1.97291e+21
57.7867  5.14323e+21
58.3733  1.90373e+21
58.96  2.58059e+21
59.5467  4.6363e+21
60.1333  2.72111e+21
60.72  3.23203e+21
61.3067  4.01793e+21
61.8933  2.67126e+21
62.48  2.66248e+21
63.0667  2.78848e+21
63.6534  2.09532e+21
64.24  2.13279e+21
64.8267  2.37178e+21
65.4134  1.22161e+21
66  1.58964e+21
66.5867  2.34884e+21
67.1734  5.93658e+20
67.7601  1.87306e+21
68.3467  2.63586e+21
68.9334  6.35408e+20
69.5201  3.06179e+21
70.1067  2.54404e+21
70.6934  1.24054e+21
71.2801  4.16831e+21
71.8667  2.44925e+21
72.4534  2.44393e+21
73.0401  5.05096e+21
73.6268  1.54758e+21
74.2134  3.25018e+21
74.8001  4.88868e+21
75.3868  1.09288e+21
75.9734  3.7081e+21
76.5601  3.66379e+21
77.1468  3.27022e+20
77.7334  2.83893e+21
78.3201  2.93308e+21
78.9068  3.27735e+20
79.4934  2.18574e+21
80.0801  2.31919e+21
80.6668  1.20725e+21
81.2535  1.25928e+21
81.8401  3.68165e+21
82.4268  1.91265e+21
83.0135  9.31651e+20
83.6001  4.40386e+21
84.1868  3.01227e+21
84.7735  6.65226e+20
85.3602  5.58199e+21
85.9468  2.68771e+21
86.5335  4.99888e+20
87.1202  5.17518e+21
87.7068  2.71161e+21
88.2935  4.9192e+20
88.8802  4.83865e+21
89.4668  1.81403e+21
90.0535  4.52258e+20
90.6402  3.565e+21
91.2268  1.93752e+21
91.8135  6.79924e+20
92.4002  3.19997e+21
92.9869  1.66132e+21
93.5735  1.03633e+21
94.1602  2.03179e+21
94.7469  2.53558e+21
95.3335  1.7227e+21
95.9202  2.00024e+21
96.5069  2.54947e+21
97.0935  2.67837e+21
97.6802  8.88666e+20
98.2669  3.14683e+21
98.8536  3.28115e+21
99.4402  9.40727e+20
100.027  2.47119e+21
100.614  3.71519e+21
101.2  1.11139e+20
101.787  2.09799e+21
102.374  3.10763e+21
102.96  4.31397e+20
103.547  1.70713e+21
104.134  2.30137e+21
104.72  4.55224e+20
105.307  1.89218e+21
105.894  1.3488e+21
106.48  1.61e+21
107.067  3.4843e+21
107.654  8.00281e+20
108.24  1.92703e+21
108.827  4.3403e+21
109.414  9.57302e+20
110  3.31795e+21
110.587  5.47932e+21
111.174  1.56118e+21
111.76  2.69471e+21
112.347  4.73444e+21
112.934  2.49725e+21
113.52  3.59679e+21
114.107  3.23875e+21
114.694  3.56491e+21
115.28  2.06726e+21
115.867  1.84027e+21
116.454  4.14022e+21
117.04  2.66027e+21
117.627  6.27715e+20
118.214  4.78071e+21
118.8  1.35436e+21
119.387  1.26703e+21
119.974  4.01348e+21
120.56  1.64729e+21
121.147  2.051e+21
121.734  3.53416e+21
122.32  1.04744e+21
122.907  2.95966e+21
123.494  2.02231e+21
124.08  9.95793e+20
124.667  3.37178e+21
125.254  1.4314e+21
125.84  7.98039e+20
126.427  2.44137e+21
127.014  1.4331e+21
127.6  1.00653e+21
128.187  2.17216e+21
128.774  2.02917e+21
129.36  9.0323e+20
129.947  1.84068e+21
130.534  3.05259e+21
131.12  1.58183e+21
131.707  2.02496e+21
132.294  3.12741e+21
132.88  1.07959e+21
133.467  3.77313e+21
134.054  2.7647e+21
134.64  1.91249e+21
135.227  3.37685e+21
135.814  1.65315e+21
136.4  1.18699e+21
136.987  5.33402e+21
137.574  5.3564e+20
138.16  1.70078e+21
138.747  3.13228e+21
139.334  2.86858e+20
139.92  1.15811e+21
140.507  4.12781e+21
141.094  5.48036e+20
141.68  1.09051e+21
142.267  1.65724e+21
142.854  1.65028e+21
143.44  9.44919e+20
144.027  2.36626e+21
144.614  2.58588e+21
145.2  6.4352e+20
145.787  9.41443e+20
146.374  3.22219e+21
146.96  8.88826e+20
147.547  1.86211e+21
148.134  3.30329e+21
148.721  8.24237e+20
149.307  9.39725e+20
149.894  3.0495e+21
150.481  1.01533e+21
151.067  2.13134e+21
151.654  2.52843e+21
152.241  1.10784e+21
152.827  8.93921e+20
153.414  2.6318e+21
154.001  1.16833e+21
154.587  2.2835e+21
155.174  1.9677e+21
155.761  1.36305e+21
156.347  8.39388e+20
156.934  2.46707e+21
157.521  1.8853e+21
158.107  2.01779e+21
158.694  1.38792e+21
159.281  2.05838e+21
159.867  8.01571e+20
160.454  1.49985e+21
161.041  2.96915e+21
161.627  1.58391e+21
162.214  4.46243e+20
162.801  2.65795e+21
163.387  7.48683e+20
163.974  5.98352e+20
164.561  2.86427e+21
165.147  1.66991e+21
165.734  6.55318e+20
166.321  1.9875e+21
166.907  5.03678e+20
167.494  1.55313e+21
168.081  1.39371e+21
168.667  2.39382e+21
169.254  2.28277e+21
169.841  8.16201e+20
170.427  3.35627e+20
171.014  3.24558e+21
171.601  7.68412e+20
172.187  3.49174e+21
172.774  2.93434e+21
173.361  1.02453e+21
173.947  9.15563e+20
174.534  2.99656e+21
175.121  2.36439e+21
175.707  4.30052e+21
176.294  1.50062e+21
176.881  2.42402e+21
177.467  1.91425e+21
178.054  1.13625e+21
178.641  4.12148e+21
179.227  3.95134e+21
179.814  4.89313e+20
180.401  2.92789e+21
180.987  1.93739e+21
181.574  5.06569e+20
182.161  3.78026e+21
182.747  2.5887e+21
183.334  1.56888e+21
183.921  1.84623e+21
184.507  8.02927e+20
185.094  1.13027e+21
185.681  1.82761e+21
186.267  2.20112e+21
186.854  2.3291e+21
187.441  6.39015e+20
188.027  4.19784e+20
188.614  9.26275e+20
189.201  7.18482e+20
189.787  3.58442e+21
190.374  1.2649e+21
190.961  4.1417e+20
191.547  8.05922e+20
192.134  3.51295e+20
192.721  1.06488e+21
193.307  4.36976e+21
193.894  6.87116e+20
194.481  6.358e+20
195.067  6.82104e+20
195.654  1.45429e+21
196.241  1.75325e+21
196.827  3.11676e+21
197.414  1.95514e+21
198.001  6.13174e+20
198.587  2.05378e+20
199.174  2.92071e+21
199.761  1.96632e+21
200.347  1.83721e+21
200.934  2.82297e+21
201.521  7.12704e+20
202.107  6.96231e+20
202.694  2.46559e+21
203.281  1.82841e+21
203.867  2.34257e+21
204.454  1.80266e+21
205.041  9.49643e+20
205.627  1.71762e+21
206.214  9.50202e+20
206.801  1.60302e+21
207.388  3.51383e+21
207.974  4.33362e+20
208.561  9.04429e+20
209.148  1.75007e+21
209.734  5.46951e+20
210.321  1.59883e+21
210.908  3.48677e+21
211.494  2.18982e+20
212.081  7.68901e+20
212.668  1.12244e+21
213.254  1.12437e+21
213.841  1.90352e+21
214.428  2.31142e+21
215.014  6.37412e+20
215.601  8.00593e+20
216.188  9.68646e+20
216.774  1.62123e+21
217.361  1.9543e+21
217.948  1.54561e+21
218.534  1.29286e+21
219.121  6.34123e+20
219.708  1.5534e+21
220.294  1.76394e+21
220.881  1.09384e+21
221.468  2.00686e+21
222.054  1.82122e+21
222.641  5.31911e+20
223.228  2.09431e+21
223.814  1.64574e+21
224.401  5.82161e+20
224.988  2.98543e+21
225.574  1.52223e+21
226.161  1.27325e+21
226.748  1.78719e+21
227.334  1.24081e+21
227.921  1.42665e+21
228.508  3.07168e+21
229.094  9.56105e+20
229.681  2.53653e+21
230.268  1.0066e+21
230.854  1.44501e+21
231.441  2.54551e+21
232.028  1.87225e+21
232.614  1.33327e+21
233.201  2.50033e+21
233.788  8.46148e+20
234.374  2.40242e+21
