#S 1 spectral density
#N 2
#UFWHM 23.461
#L  abscissas [um]  spectral density
-58.5938  2.84784e+20
-58.4764  2.72553e+20
-58.3591  2.56621e+20
-58.2418  2.40828e+20
-58.1245  2.28757e+20
-58.0072  2.23145e+20
-57.8899  2.2501e+20
-57.7726  2.33444e+20
-57.6553  2.45956e+20
-57.538  2.58893e+20
-57.4207  2.68758e+20
-57.3034  2.7282e+20
-57.1861  2.69809e+20
-57.0688  2.60421e+20
-56.9515  2.47282e+20
-56.8342  2.3355e+20
-56.7169  2.23052e+20
-56.5996  2.18393e+20
-56.4823  2.20859e+20
-56.365  2.29564e+20
-56.2477  2.41961e+20
-56.1303  2.54469e+20
-56.013  2.63334e+20
-55.8957  2.65653e+20
-55.7784  2.60446e+20
-55.6611  2.48705e+20
-55.5438  2.33595e+20
-55.4265  2.19319e+20
-55.3092  2.10595e+20
-55.1919  2.11098e+20
-55.0746  2.22335e+20
-54.9573  2.43859e+20
-54.84  2.72646e+20
-54.7227  3.04402e+20
-54.6054  3.33991e+20
-54.4881  3.57192e+20
-54.3708  3.71364e+20
-54.2535  3.76099e+20
-54.1362  3.73093e+20
-54.0189  3.65427e+20
-53.9016  3.5669e+20
-53.7842  3.49764e+20
-53.6669  3.46264e+20
-53.5496  3.45833e+20
-53.4323  3.46611e+20
-53.315  3.4606e+20
-53.1977  3.41618e+20
-53.0804  3.32065e+20
-52.9631  3.17926e+20
-52.8458  3.01341e+20
-52.7285  2.86042e+20
-52.6112  2.75679e+20
-52.4939  2.73199e+20
-52.3766  2.7956e+20
-52.2593  2.93237e+20
-52.142  3.10433e+20
-52.0247  3.26128e+20
-51.9074  3.34958e+20
-51.7901  3.3303e+20
-51.6728  3.18994e+20
-51.5555  2.94425e+20
-51.4381  2.63826e+20
-51.3208  2.33373e+20
-51.2035  2.09505e+20
-51.0862  1.97482e+20
-50.9689  1.99958e+20
-50.8516  2.16343e+20
-50.7343  2.43111e+20
-50.617  2.74597e+20
-50.4997  3.04648e+20
-50.3824  3.27876e+20
-50.2651  3.41137e+20
-50.1478  3.44008e+20
-50.0305  3.38604e+20
-49.9132  3.28713e+20
-49.7959  3.18586e+20
-49.6786  3.11626e+20
-49.5613  3.09427e+20
-49.444  3.11695e+20
-49.3267  3.1613e+20
-49.2094  3.1975e+20
-49.092  3.19802e+20
-48.9747  3.14794e+20
-48.8574  3.05288e+20
-48.7401  2.93374e+20
-48.6228  2.82742e+20
-48.5055  2.77073e+20
-48.3882  2.79025e+20
-48.2709  2.89535e+20
-48.1536  3.06906e+20
-48.0363  3.27884e+20
-47.919  3.47787e+20
-47.8017  3.62116e+20
-47.6844  3.6775e+20
-47.5671  3.63862e+20
-47.4498  3.51816e+20
-47.3325  3.35511e+20
-47.2152  3.19553e+20
-47.0979  3.08574e+20
-46.9806  3.05552e+20
-46.8633  3.11415e+20
-46.7459  3.24455e+20
-46.6286  3.41068e+20
-46.5113  3.56611e+20
-46.394  3.66686e+20
-46.2767  3.68539e+20
-46.1594  3.61664e+20
-46.0421  3.47778e+20
-45.9248  3.30872e+20
-45.8075  3.15552e+20
-45.6902  3.05881e+20
-45.5729  3.0477e+20
-45.4556  3.12461e+20
-45.3383  3.27149e+20
-45.221  3.44812e+20
-45.1037  3.60834e+20
-44.9864  3.70862e+20
-44.8691  3.7227e+20
-44.7518  3.6453e+20
-44.6345  3.49599e+20
-44.5172  3.31317e+20
-44.3998  3.1452e+20
-44.2825  3.04055e+20
-44.1652  3.03074e+20
-44.0479  3.12989e+20
-43.9306  3.32783e+20
-43.8133  3.59346e+20
-43.696  3.8849e+20
-43.5787  4.15878e+20
-43.4614  4.37809e+20
-43.3441  4.52296e+20
-43.2268  4.59039e+20
-43.1095  4.59422e+20
-42.9922  4.55993e+20
-42.8749  4.51205e+20
-42.7576  4.47189e+20
-42.6403  4.44967e+20
-42.523  4.44096e+20
-42.4057  4.43275e+20
-42.2884  4.40795e+20
-42.171  4.35163e+20
-42.0537  4.25897e+20
-41.9364  4.1368e+20
-41.8191  4.00412e+20
-41.7018  3.88783e+20
-41.5845  3.81436e+20
-41.4672  3.80191e+20
-41.3499  3.85419e+20
-41.2326  3.95764e+20
-41.1153  4.08151e+20
-40.998  4.18765e+20
-40.8807  4.23721e+20
-40.7634  4.20328e+20
-40.6461  4.07765e+20
-40.5288  3.87434e+20
-40.4115  3.62923e+20
-40.2942  3.39124e+20
-40.1769  3.21219e+20
-40.0596  3.13389e+20
-39.9423  3.1755e+20
-39.825  3.33462e+20
-39.7076  3.58271e+20
-39.5903  3.87273e+20
-39.473  4.15325e+20
-39.3557  4.37611e+20
-39.2384  4.51302e+20
-39.1211  4.55659e+20
-39.0038  4.52313e+20
-38.8865  4.44779e+20
-38.7692  4.36857e+20
-38.6519  4.32312e+20
-38.5346  4.33152e+20
-38.4173  4.3961e+20
-38.3  4.49936e+20
-38.1827  4.6116e+20
-38.0654  4.70054e+20
-37.9481  4.74325e+20
-37.8308  4.73002e+20
-37.7135  4.67336e+20
-37.5962  4.60008e+20
-37.4789  4.54606e+20
-37.3615  4.54627e+20
-37.2442  4.62132e+20
-37.1269  4.77308e+20
-37.0096  4.98037e+20
-36.8923  5.20717e+20
-36.775  5.4093e+20
-36.6577  5.54645e+20
-36.5404  5.59694e+20
-36.4231  5.55814e+20
-36.3058  5.45151e+20
-36.1885  5.31579e+20
-36.0712  5.19471e+20
-35.9539  5.12574e+20
-35.8366  5.12881e+20
-35.7193  5.20111e+20
-35.602  5.31726e+20
-35.4847  5.43792e+20
-35.3674  5.51931e+20
-35.2501  5.52965e+20
-35.1328  5.45707e+20
-35.0154  5.314e+20
-34.8981  5.13939e+20
-34.7808  4.981e+20
-34.6635  4.89037e+20
-34.5462  4.90411e+20
-34.4289  5.03328e+20
-34.3116  5.26026e+20
-34.1943  5.54418e+20
-34.077  5.82746e+20
-33.9597  6.05131e+20
-33.8424  6.17398e+20
-33.7251  6.17872e+20
-33.6078  6.07962e+20
-33.4905  5.91613e+20
-33.3732  5.74745e+20
-33.2559  5.6349e+20
-33.1386  5.62192e+20
-33.0213  5.73441e+20
-32.904  5.96417e+20
-32.7867  6.27898e+20
-32.6693  6.62908e+20
-32.552  6.9591e+20
-32.4347  7.22392e+20
-32.3174  7.39792e+20
-32.2001  7.47643e+20
-32.0828  7.47865e+20
-31.9655  7.43595e+20
-31.8482  7.38346e+20
-31.7309  7.3446e+20
-31.6136  7.33227e+20
-31.4963  7.33867e+20
-31.379  7.34755e+20
-31.2617  7.33523e+20
-31.1444  7.2845e+20
-31.0271  7.19182e+20
-30.9098  7.06905e+20
-30.7925  6.94587e+20
-30.6752  6.85793e+20
-30.5579  6.83735e+20
-30.4406  6.90844e+20
-30.3232  7.07169e+20
-30.2059  7.30676e+20
-30.0886  7.57281e+20
-29.9713  7.81973e+20
-29.854  8.00163e+20
-29.7367  8.08484e+20
-29.6194  8.06064e+20
-29.5021  7.94665e+20
-29.3848  7.78222e+20
-29.2675  7.62221e+20
-29.1502  7.51783e+20
-29.0329  7.51229e+20
-28.9156  7.62363e+20
-28.7983  7.84296e+20
-28.681  8.14157e+20
-28.5637  8.47403e+20
-28.4464  8.79094e+20
-28.3291  9.05535e+20
-28.2118  9.24719e+20
-28.0944  9.3663e+20
-27.9771  9.43928e+20
-27.8598  9.49627e+20
-27.7425  9.57555e+20
-27.6252  9.70022e+20
-27.5079  9.88131e+20
-27.3906  1.0107e+21
-27.2733  1.03517e+21
-27.156  1.05799e+21
-27.0387  1.07582e+21
-26.9214  1.08692e+21
-26.8041  1.09129e+21
-26.6868  1.09106e+21
-26.5695  1.09e+21
-26.4522  1.09283e+21
-26.3349  1.10352e+21
-26.2176  1.12484e+21
-26.1003  1.15724e+21
-25.983  1.19873e+21
-25.8657  1.24534e+21
-25.7483  1.29191e+21
-25.631  1.33354e+21
-25.5137  1.36645e+21
-25.3964  1.38849e+21
-25.2791  1.39979e+21
-25.1618  1.40252e+21
-25.0445  1.39972e+21
-24.9272  1.39478e+21
-24.8099  1.3906e+21
-24.6926  1.38883e+21
-24.5753  1.38961e+21
-24.458  1.39273e+21
-24.3407  1.39758e+21
-24.2234  1.40398e+21
-24.1061  1.41355e+21
-23.9888  1.42915e+21
-23.8715  1.45492e+21
-23.7542  1.49491e+21
-23.6369  1.55344e+21
-23.5196  1.63189e+21
-23.4023  1.72975e+21
-23.2849  1.84338e+21
-23.1676  1.96642e+21
-23.0503  2.0914e+21
-22.933  2.21051e+21
-22.8157  2.31781e+21
-22.6984  2.40969e+21
-22.5811  2.48635e+21
-22.4638  2.55124e+21
-22.3465  2.60988e+21
-22.2292  2.66952e+21
-22.1119  2.73655e+21
-21.9946  2.81589e+21
-21.8773  2.90967e+21
-21.76  3.0173e+21
-21.6427  3.13534e+21
-21.5254  3.25915e+21
-21.4081  3.38375e+21
-21.2908  3.50512e+21
-21.1735  3.61985e+21
-21.0561  3.72757e+21
-20.9388  3.82851e+21
-20.8215  3.92423e+21
-20.7042  4.01628e+21
-20.5869  4.10573e+21
-20.4696  4.19355e+21
-20.3523  4.27994e+21
-20.235  4.36577e+21
-20.1177  4.45295e+21
-20.0004  4.54551e+21
-19.8831  4.64909e+21
-19.7658  4.77082e+21
-19.6485  4.91927e+21
-19.5312  5.10167e+21
-19.4139  5.32268e+21
-19.2966  5.58411e+21
-19.1793  5.88266e+21
-19.062  6.21087e+21
-18.9447  6.558e+21
-18.8274  6.91181e+21
-18.71  7.25902e+21
-18.5927  7.58974e+21
-18.4754  7.89579e+21
-18.3581  8.17448e+21
-18.2408  8.42625e+21
-18.1235  8.65635e+21
-18.0062  8.87104e+21
-17.8889  9.07944e+21
-17.7716  9.29063e+21
-17.6543  9.51423e+21
-17.537  9.76053e+21
-17.4197  1.00403e+22
-17.3024  1.03645e+22
-17.1851  1.07459e+22
-17.0678  1.11967e+22
-16.9505  1.17272e+22
-16.8332  1.23463e+22
-16.7159  1.30567e+22
-16.5986  1.38563e+22
-16.4813  1.47353e+22
-16.364  1.56777e+22
-16.2466  1.66622e+22
-16.1293  1.76642e+22
-16.012  1.86594e+22
-15.8947  1.96252e+22
-15.7774  2.05447e+22
-15.6601  2.1407e+22
-15.5428  2.22086e+22
-15.4255  2.2952e+22
-15.3082  2.36456e+22
-15.1909  2.42997e+22
-15.0736  2.49279e+22
-14.9563  2.55439e+22
-14.839  2.61596e+22
-14.7217  2.67875e+22
-14.6044  2.74378e+22
-14.4871  2.81199e+22
-14.3698  2.88413e+22
-14.2525  2.96085e+22
-14.1352  3.04241e+22
-14.0178  3.12884e+22
-13.9005  3.21962e+22
-13.7832  3.31383e+22
-13.6659  3.41007e+22
-13.5486  3.50674e+22
-13.4313  3.60197e+22
-13.314  3.69405e+22
-13.1967  3.78158e+22
-13.0794  3.86358e+22
-12.9621  3.93969e+22
-12.8448  4.01005e+22
-12.7275  4.07531e+22
-12.6102  4.13643e+22
-12.4929  4.19452e+22
-12.3756  4.25061e+22
-12.2583  4.30565e+22
-12.141  4.36032e+22
-12.0237  4.41517e+22
-11.9064  4.47056e+22
-11.7891  4.52676e+22
-11.6718  4.58415e+22
-11.5544  4.64305e+22
-11.4371  4.7038e+22
-11.3198  4.76669e+22
-11.2025  4.8319e+22
-11.0852  4.89937e+22
-10.9679  4.96878e+22
-10.8506  5.03955e+22
-10.7333  5.11093e+22
-10.616  5.18218e+22
-10.4987  5.25258e+22
-10.3814  5.3216e+22
-10.2641  5.38914e+22
-10.1468  5.45527e+22
-10.0295  5.52049e+22
-9.91217  5.58535e+22
-9.79487  5.6504e+22
-9.67756  5.71614e+22
-9.56026  5.78285e+22
-9.44295  5.85048e+22
-9.32565  5.91869e+22
-9.20834  5.98705e+22
-9.09104  6.055e+22
-8.97373  6.12201e+22
-8.85643  6.1877e+22
-8.73913  6.25197e+22
-8.62182  6.3148e+22
-8.50452  6.37637e+22
-8.38721  6.43687e+22
-8.26991  6.49659e+22
-8.1526  6.55566e+22
-8.03529  6.6142e+22
-7.91799  6.67223e+22
-7.80069  6.72983e+22
-7.68338  6.78705e+22
-7.56608  6.84413e+22
-7.44877  6.90144e+22
-7.33146  6.95933e+22
-7.21416  7.01826e+22
-7.09685  7.07853e+22
-6.97955  7.14024e+22
-6.86224  7.20326e+22
-6.74494  7.26703e+22
-6.62763  7.33087e+22
-6.51033  7.39387e+22
-6.39302  7.45514e+22
-6.27572  7.51396e+22
-6.15842  7.56987e+22
-6.04111  7.62274e+22
-5.92381  7.67283e+22
-5.8065  7.72061e+22
-5.68919  7.76674e+22
-5.57189  7.81183e+22
-5.45458  7.85637e+22
-5.33728  7.90061e+22
-5.21997  7.94453e+22
-5.10267  7.98793e+22
-4.98536  8.03044e+22
-4.86806  8.07182e+22
-4.75075  8.11185e+22
-4.63345  8.1506e+22
-4.51614  8.18821e+22
-4.39884  8.2251e+22
-4.28154  8.26162e+22
-4.16423  8.29816e+22
-4.04692  8.33485e+22
-3.92962  8.37168e+22
-3.81231  8.4084e+22
-3.69501  8.44461e+22
-3.5777  8.47989e+22
-3.4604  8.51394e+22
-3.34309  8.54654e+22
-3.22579  8.57778e+22
-3.10849  8.60783e+22
-2.99118  8.63702e+22
-2.87387  8.66569e+22
-2.75657  8.69402e+22
-2.63926  8.722e+22
-2.52196  8.74939e+22
-2.40465  8.77578e+22
-2.28735  8.80069e+22
-2.17005  8.82367e+22
-2.05274  8.84436e+22
-1.93544  8.86269e+22
-1.81813  8.87883e+22
-1.70083  8.89313e+22
-1.58352  8.90603e+22
-1.46622  8.91794e+22
-1.34891  8.9291e+22
-1.2316  8.93959e+22
-1.1143  8.94921e+22
-0.996995  8.95764e+22
-0.87969  8.9645e+22
-0.762385  8.9695e+22
-0.64508  8.97261e+22
-0.527775  8.97394e+22
-0.41047  8.97395e+22
-0.293165  8.97317e+22
-0.17586  8.97225e+22
-0.058555  8.97163e+22
0.05875  8.97158e+22
0.176055  8.97198e+22
0.29336  8.97257e+22
0.410665  8.97272e+22
0.52797  8.97187e+22
0.645275  8.96949e+22
0.76258  8.96525e+22
0.879885  8.95906e+22
0.99719  8.95112e+22
1.1145  8.94178e+22
1.2318  8.93139e+22
1.3491  8.92026e+22
1.46641  8.9085e+22
1.58371  8.89597e+22
1.70102  8.88228e+22
1.81832  8.86706e+22
1.93563  8.84982e+22
2.05294  8.83029e+22
2.17024  8.80838e+22
2.28754  8.7843e+22
2.40485  8.75841e+22
2.52216  8.73123e+22
2.63946  8.70321e+22
2.75677  8.67476e+22
2.87407  8.64597e+22
2.99137  8.61681e+22
3.10868  8.58698e+22
3.22599  8.55619e+22
3.34329  8.5241e+22
3.4606  8.49057e+22
3.5779  8.45565e+22
3.69521  8.4196e+22
3.81251  8.38279e+22
3.92982  8.34567e+22
4.04712  8.30856e+22
4.16443  8.27164e+22
4.28173  8.23486e+22
4.39903  8.19801e+22
4.51634  8.16063e+22
4.63364  8.12237e+22
4.75095  8.0829e+22
4.86825  8.04209e+22
4.98556  8.00002e+22
5.10286  7.95692e+22
5.22017  7.91313e+22
5.33748  7.86892e+22
5.45478  7.82448e+22
5.57209  7.77965e+22
5.68939  7.7341e+22
5.8067  7.68725e+22
5.924  7.63844e+22
6.0413  7.58708e+22
6.15861  7.53275e+22
6.27591  7.47534e+22
6.39322  7.41513e+22
6.51052  7.35272e+22
6.62783  7.28894e+22
6.74514  7.22469e+22
6.86244  7.16084e+22
6.97975  7.09806e+22
7.09705  7.03666e+22
7.21436  6.97673e+22
7.33166  6.91808e+22
7.44897  6.86028e+22
7.56627  6.80297e+22
7.68358  6.74571e+22
7.80088  6.68822e+22
7.91819  6.63036e+22
8.03549  6.57205e+22
8.1528  6.51322e+22
8.2701  6.45382e+22
8.38741  6.39372e+22
8.50471  6.33271e+22
8.62202  6.27055e+22
8.73932  6.20704e+22
8.85662  6.14204e+22
8.97393  6.07569e+22
9.09123  6.00819e+22
9.20854  5.94003e+22
9.32584  5.87173e+22
9.44315  5.80384e+22
9.56045  5.73673e+22
9.67776  5.67062e+22
9.79506  5.60534e+22
9.91237  5.5406e+22
10.0297  5.47577e+22
10.147  5.41024e+22
10.2643  5.3435e+22
10.3816  5.27527e+22
10.4989  5.20549e+22
10.6162  5.13451e+22
10.7335  5.06292e+22
10.8508  4.99148e+22
10.9681  4.92098e+22
11.0854  4.85208e+22
11.2027  4.78535e+22
11.32  4.7209e+22
11.4373  4.65877e+22
11.5546  4.59874e+22
11.6719  4.54051e+22
11.7893  4.4837e+22
11.9066  4.42796e+22
12.0239  4.37298e+22
12.1412  4.3184e+22
12.2585  4.26376e+22
12.3758  4.20846e+22
12.4931  4.15166e+22
12.6104  4.0924e+22
12.7277  4.02951e+22
12.845  3.962e+22
12.9623  3.889e+22
13.0796  3.81011e+22
13.1969  3.72535e+22
13.3142  3.63541e+22
13.4315  3.54146e+22
13.5488  3.44507e+22
13.6661  3.34803e+22
13.7834  3.2522e+22
13.9007  3.15903e+22
14.018  3.0698e+22
14.1354  2.98523e+22
14.2527  2.90562e+22
14.37  2.83081e+22
14.4873  2.76041e+22
14.6046  2.69361e+22
14.7219  2.62963e+22
14.8392  2.56748e+22
14.9565  2.50602e+22
15.0738  2.44407e+22
15.1911  2.38032e+22
15.3084  2.31345e+22
15.4257  2.24229e+22
15.543  2.16584e+22
15.6603  2.08345e+22
15.7776  1.9952e+22
15.8949  1.9017e+22
16.0122  1.80429e+22
16.1295  1.70489e+22
16.2468  1.60586e+22
16.3641  1.50966e+22
16.4815  1.41859e+22
16.5988  1.33458e+22
16.7161  1.259e+22
16.8334  1.19247e+22
16.9507  1.135e+22
17.068  1.08601e+22
17.1853  1.04454e+22
17.3026  1.00944e+22
17.4199  9.79511e+21
17.5372  9.53515e+21
17.6545  9.30367e+21
17.7718  9.09048e+21
17.8891  8.88581e+21
18.0064  8.68032e+21
18.1237  8.4645e+21
18.241  8.23091e+21
18.3583  7.97331e+21
18.4756  7.68832e+21
18.5929  7.37674e+21
18.7102  7.04361e+21
18.8275  6.69747e+21
18.9449  6.35006e+21
19.0622  6.01372e+21
19.1795  5.70127e+21
19.2968  5.42194e+21
19.4141  5.18107e+21
19.5314  4.97954e+21
19.6487  4.815e+21
19.766  4.681e+21
19.8833  4.56926e+21
20.0006  4.47236e+21
20.1179  4.38313e+21
20.2352  4.29653e+21
20.3525  4.2101e+21
20.4698  4.1225e+21
20.5871  4.03337e+21
20.7044  3.94209e+21
20.8217  3.84832e+21
20.939  3.75058e+21
21.0563  3.64725e+21
21.1736  3.53739e+21
21.291  3.42062e+21
21.4083  3.29898e+21
21.5256  3.17554e+21
21.6429  3.05522e+21
21.7602  2.94293e+21
21.8775  2.8429e+21
21.9948  2.75718e+21
22.1121  2.68533e+21
22.2294  2.62402e+21
22.3467  2.56715e+21
22.464  2.50772e+21
22.5813  2.43906e+21
22.6986  2.35628e+21
22.8159  2.25719e+21
22.9332  2.14366e+21
23.0505  2.02044e+21
23.1678  1.8948e+21
23.2851  1.77464e+21
23.4024  1.6673e+21
23.5198  1.57786e+21
23.6371  1.50916e+21
23.7544  1.46015e+21
23.8717  1.42841e+21
23.989  1.4092e+21
24.1063  1.39824e+21
24.2236  1.39169e+21
24.3409  1.38732e+21
24.4582  1.3843e+21
24.5755  1.38299e+21
24.6928  1.384e+21
24.8101  1.38774e+21
24.9274  1.39312e+21
25.0447  1.39804e+21
25.162  1.39941e+21
25.2793  1.39378e+21
25.3966  1.37838e+21
25.5139  1.35196e+21
25.6312  1.31526e+21
25.7485  1.27126e+21
25.8658  1.22422e+21
25.9832  1.17931e+21
26.1005  1.14156e+21
26.2178  1.11375e+21
26.3351  1.09691e+21
26.4524  1.08958e+21
26.5697  1.08836e+21
26.687  1.08884e+21
26.8043  1.08668e+21
26.9216  1.07885e+21
27.0389  1.06417e+21
27.1562  1.04348e+21
27.2735  1.01946e+21
27.3908  9.95432e+20
27.5081  9.74463e+20
27.6254  9.5889e+20
27.7427  9.48756e+20
27.86  9.42191e+20
27.9773  9.363e+20
28.0946  9.27411e+20
28.212  9.12617e+20
28.3293  8.90537e+20
28.4466  8.61836e+20
28.5639  8.29532e+20
28.6812  7.97888e+20
28.7985  7.71519e+20
28.9158  7.54335e+20
29.0331  7.48636e+20
29.1504  7.53826e+20
29.2677  7.67036e+20
29.385  7.83707e+20
29.5023  7.98108e+20
29.6196  8.05684e+20
29.7369  8.03366e+20
29.8542  7.90527e+20
29.9715  7.69158e+20
30.0888  7.43143e+20
30.2061  7.17575e+20
30.3234  6.96935e+20
30.4407  6.84498e+20
30.558  6.81488e+20
30.6754  6.86766e+20
30.7927  6.97697e+20
30.91  7.10553e+20
31.0273  7.21996e+20
31.1446  7.29856e+20
31.2619  7.33502e+20
31.3792  7.33859e+20
31.4965  7.32917e+20
31.6138  7.3297e+20
31.7311  7.35189e+20
31.8484  7.39623e+20
31.9657  7.44563e+20
32.083  7.47036e+20
32.2003  7.43704e+20
32.3176  7.3197e+20
32.4349  7.10775e+20
32.5522  6.81356e+20
32.6695  6.4717e+20
32.7868  6.13231e+20
32.9042  5.84805e+20
33.0215  5.66518e+20
33.1388  5.60452e+20
33.2561  5.66312e+20
33.3734  5.80613e+20
33.4907  5.98074e+20
33.608  6.12556e+20
33.7253  6.18834e+20
33.8426  6.13707e+20
33.9599  5.96956e+20
34.0772  5.71405e+20
34.1945  5.42086e+20
34.3118  5.14916e+20
34.4291  4.95271e+20
34.5464  4.86565e+20
34.6637  4.89472e+20
34.781  5.01809e+20
34.8983  5.19272e+20
35.0156  5.36556e+20
35.1329  5.49016e+20
35.2503  5.53664e+20
35.3676  5.50001e+20
35.4849  5.40279e+20
35.6022  5.28031e+20
35.7195  5.17656e+20
35.8368  5.12835e+20
35.9541  5.15309e+20
36.0714  5.24506e+20
36.1887  5.37639e+20
36.306  5.50592e+20
36.4233  5.59045e+20
36.5406  5.59641e+20
36.6579  5.51079e+20
36.7752  5.34259e+20
36.8925  5.12413e+20
37.0098  4.89815e+20
37.1271  4.70745e+20
37.2444  4.58316e+20
37.3617  4.53849e+20
37.479  4.56272e+20
37.5964  4.62943e+20
37.7137  4.70012e+20
37.831  4.74137e+20
37.9483  4.73117e+20
38.0656  4.66592e+20
38.1829  4.56017e+20
38.3002  4.44453e+20
38.4175  4.35127e+20
38.5348  4.30656e+20
38.6521  4.3212e+20
38.7694  4.38577e+20
38.8867  4.46911e+20
39.004  4.53406e+20
39.1213  4.5396e+20
39.2386  4.4577e+20
39.3559  4.28154e+20
39.4732  4.02836e+20
39.5905  3.73733e+20
39.7078  3.45857e+20
39.8251  3.24599e+20
39.9425  3.13914e+20
40.0598  3.15597e+20
40.1771  3.2891e+20
40.2944  3.50488e+20
40.4117  3.75474e+20
40.529  3.98622e+20
40.6463  4.15448e+20
40.7636  4.23301e+20
40.8809  4.21804e+20
40.9982  4.12957e+20
41.1155  4.00247e+20
41.2328  3.87878e+20
41.3501  3.79396e+20
41.4674  3.77161e+20
41.5847  3.81644e+20
41.702  3.91701e+20
41.8193  4.04802e+20
41.9366  4.18177e+20
42.0539  4.29307e+20
42.1712  4.3693e+20
42.2885  4.40932e+20
42.4059  4.42428e+20
42.5232  4.43111e+20
42.6405  4.44827e+20
42.7578  4.48383e+20
42.8751  4.53399e+20
42.9924  4.58333e+20
43.1097  4.60774e+20
43.227  4.57938e+20
43.3443  4.47853e+20
43.4616  4.2988e+20
43.5789  4.05084e+20
43.6962  3.76331e+20
43.8135  3.47825e+20
43.9308  3.23905e+20
44.0481  3.08345e+20
44.1654  3.03331e+20
44.2827  3.08781e+20
44.4  3.22331e+20
44.5173  3.40035e+20
44.6347  3.57038e+20
44.752  3.68867e+20
44.8693  3.72524e+20
44.9866  3.67096e+20
45.1039  3.54092e+20
45.2212  3.37039e+20
45.3385  3.2036e+20
45.4558  3.08373e+20
45.5731  3.04139e+20
45.6904  3.08667e+20
45.8077  3.20669e+20
45.925  3.36797e+20
46.0423  3.5265e+20
46.1596  3.63875e+20
46.2769  3.67624e+20
46.3942  3.62904e+20
46.5115  3.51015e+20
46.6288  3.35468e+20
46.7461  3.20532e+20
46.8634  3.1045e+20
46.9808  3.08084e+20
47.0981  3.14054e+20
47.2154  3.26754e+20
47.3327  3.42588e+20
47.45  3.56946e+20
47.5673  3.65465e+20
47.6846  3.6549e+20
47.8019  3.56266e+20
47.9192  3.39475e+20
48.0365  3.18985e+20
48.1538  2.99174e+20
48.2711  2.8418e+20
48.3884  2.76857e+20
48.5057  2.77806e+20
48.623  2.85427e+20
48.7403  2.96672e+20
48.8576  3.07937e+20
48.9749  3.16016e+20
49.0922  3.19176e+20
49.2095  3.17761e+20
49.3269  3.1369e+20
49.4442  3.09899e+20
49.5615  3.09062e+20
49.6788  3.12861e+20
49.7961  3.20987e+20
49.9134  3.31097e+20
50.0307  3.39507e+20
50.148  3.41976e+20
50.2653  3.3532e+20
50.3826  3.18289e+20
50.4999  2.9237e+20
50.6172  2.61565e+20
50.7345  2.31697e+20
50.8518  2.08936e+20
50.9691  1.9814e+20
51.0864  2.01895e+20
51.2037  2.19474e+20
51.321  2.47098e+20
51.4383  2.78787e+20
51.5556  3.0787e+20
51.673  3.28551e+20
51.7903  3.3739e+20
51.9076  3.33877e+20
52.0249  3.20671e+20
52.1422  3.02543e+20
52.2595  2.85055e+20
52.3768  2.73123e+20
52.4941  2.6988e+20
52.6114  2.75884e+20
52.7287  2.89282e+20
52.846  3.06541e+20
52.9633  3.23473e+20
53.0806  3.3674e+20
53.1979  3.44647e+20
53.3152  3.47322e+20
53.4325  3.46658e+20
53.5498  3.45535e+20
53.6671  3.46577e+20
53.7844  3.51202e+20
53.9017  3.59147e+20
54.0191  3.68284e+20
54.1364  3.75151e+20
54.2537  3.76083e+20
54.371  3.68254e+20
54.4883  3.50641e+20
54.6056  3.24613e+20
54.7229  2.93559e+20
54.8402  2.62238e+20
54.9575  2.35774e+20
55.0748  2.18156e+20
55.1921  2.11584e+20
55.3094  2.15572e+20
55.4267  2.27488e+20
55.544  2.42944e+20
55.6613  2.57224e+20
55.7786  2.66274e+20
55.8959  2.67828e+20
56.0132  2.61758e+20
56.1305  2.501e+20
56.2478  2.36413e+20
56.3651  2.2465e+20
56.4825  2.18106e+20
56.5998  2.18709e+20
56.7171  2.26224e+20
56.8344  2.38641e+20
56.9517  2.52599e+20
57.069  2.64457e+20
57.1863  2.7101e+20
57.3036  2.70664e+20
57.4209  2.63816e+20
57.5382  2.52278e+20
57.6555  2.39468e+20
57.7728  2.2903e+20
57.8901  2.24007e+20
58.0074  2.26025e+20
58.1247  2.3503e+20
58.242  2.49112e+20
58.3593  2.64941e+20
58.4766  2.78813e+20
58.5939  2.87388e+20
