#S 1 spectral density
#N 2
#UFWHM 80.3539
#L  abscissas [um]  spectral density
-58.5938  2.22131e+21
-58.4764  2.26273e+21
-58.3591  2.3465e+21
-58.2418  2.47593e+21
-58.1245  2.65087e+21
-58.0072  2.86746e+21
-57.8899  3.1173e+21
-57.7726  3.3881e+21
-57.6553  3.66482e+21
-57.538  3.93109e+21
-57.4207  4.17087e+21
-57.3034  4.37039e+21
-57.1861  4.52001e+21
-57.0688  4.61456e+21
-56.9515  4.65436e+21
-56.8342  4.64359e+21
-56.7169  4.59118e+21
-56.5996  4.50754e+21
-56.4823  4.40463e+21
-56.365  4.29457e+21
-56.2477  4.18867e+21
-56.1303  4.0971e+21
-56.013  4.0293e+21
-55.8957  3.99367e+21
-55.7784  3.99816e+21
-55.6611  4.04901e+21
-55.5438  4.15165e+21
-55.4265  4.30917e+21
-55.3092  4.52065e+21
-55.1919  4.78191e+21
-55.0746  5.08394e+21
-54.9573  5.4136e+21
-54.84  5.75456e+21
-54.7227  6.08958e+21
-54.6054  6.4011e+21
-54.4881  6.67461e+21
-54.3708  6.89987e+21
-54.2535  7.07157e+21
-54.1362  7.19014e+21
-54.0189  7.26082e+21
-53.9016  7.29225e+21
-53.7842  7.29565e+21
-53.6669  7.28265e+21
-53.5496  7.26428e+21
-53.4323  7.25113e+21
-53.315  7.25265e+21
-53.1977  7.27714e+21
-53.0804  7.33303e+21
-52.9631  7.42761e+21
-52.8458  7.5673e+21
-52.7285  7.75666e+21
-52.6112  7.99705e+21
-52.4939  8.28577e+21
-52.3766  8.61477e+21
-52.2593  8.97139e+21
-52.142  9.33857e+21
-52.0247  9.6973e+21
-51.9074  1.00282e+22
-51.7901  1.03142e+22
-51.6728  1.0543e+22
-51.5555  1.07078e+22
-51.4381  1.08085e+22
-51.3208  1.08502e+22
-51.2035  1.0842e+22
-51.0862  1.07963e+22
-50.9689  1.0725e+22
-50.8516  1.06402e+22
-50.7343  1.05526e+22
-50.617  1.04713e+22
-50.4997  1.04046e+22
-50.3824  1.03606e+22
-50.2651  1.03468e+22
-50.1478  1.03712e+22
-50.0305  1.04396e+22
-49.9132  1.05562e+22
-49.7959  1.07221e+22
-49.6786  1.09331e+22
-49.5613  1.11804e+22
-49.444  1.14514e+22
-49.3267  1.17307e+22
-49.2094  1.20017e+22
-49.092  1.22498e+22
-48.9747  1.24636e+22
-48.8574  1.26365e+22
-48.7401  1.27674e+22
-48.6228  1.28595e+22
-48.5055  1.29198e+22
-48.3882  1.29569e+22
-48.2709  1.298e+22
-48.1536  1.2997e+22
-48.0363  1.30149e+22
-47.919  1.30388e+22
-47.8017  1.30731e+22
-47.6844  1.31219e+22
-47.5671  1.31895e+22
-47.4498  1.328e+22
-47.3325  1.33974e+22
-47.2152  1.35439e+22
-47.0979  1.372e+22
-46.9806  1.39225e+22
-46.8633  1.4145e+22
-46.7459  1.43781e+22
-46.6286  1.46104e+22
-46.5113  1.48301e+22
-46.394  1.50273e+22
-46.2767  1.51944e+22
-46.1594  1.53285e+22
-46.0421  1.54306e+22
-45.9248  1.55051e+22
-45.8075  1.55588e+22
-45.6902  1.55992e+22
-45.5729  1.56325e+22
-45.4556  1.56633e+22
-45.3383  1.56937e+22
-45.221  1.57231e+22
-45.1037  1.575e+22
-44.9864  1.5772e+22
-44.8691  1.57878e+22
-44.7518  1.57978e+22
-44.6345  1.58041e+22
-44.5172  1.581e+22
-44.3998  1.58199e+22
-44.2825  1.58381e+22
-44.1652  1.58675e+22
-44.0479  1.5909e+22
-43.9306  1.59621e+22
-43.8133  1.6024e+22
-43.696  1.60915e+22
-43.5787  1.61612e+22
-43.4614  1.62305e+22
-43.3441  1.62982e+22
-43.2268  1.6365e+22
-43.1095  1.64323e+22
-42.9922  1.65023e+22
-42.8749  1.65769e+22
-42.7576  1.66566e+22
-42.6403  1.67407e+22
-42.523  1.68267e+22
-42.4057  1.6911e+22
-42.2884  1.69902e+22
-42.171  1.7061e+22
-42.0537  1.71219e+22
-41.9364  1.71735e+22
-41.8191  1.72183e+22
-41.7018  1.72607e+22
-41.5845  1.73052e+22
-41.4672  1.73563e+22
-41.3499  1.74176e+22
-41.2326  1.74899e+22
-41.1153  1.75734e+22
-40.998  1.76658e+22
-40.8807  1.77647e+22
-40.7634  1.78679e+22
-40.6461  1.79744e+22
-40.5288  1.80848e+22
-40.4115  1.82008e+22
-40.2942  1.83251e+22
-40.1769  1.84602e+22
-40.0596  1.86071e+22
-39.9423  1.87648e+22
-39.825  1.89296e+22
-39.7076  1.90953e+22
-39.5903  1.92544e+22
-39.473  1.93989e+22
-39.3557  1.95218e+22
-39.2384  1.96189e+22
-39.1211  1.96884e+22
-39.0038  1.97321e+22
-38.8865  1.97541e+22
-38.7692  1.97601e+22
-38.6519  1.97559e+22
-38.5346  1.9747e+22
-38.4173  1.9737e+22
-38.3  1.97282e+22
-38.1827  1.97224e+22
-38.0654  1.97205e+22
-37.9481  1.97246e+22
-37.8308  1.97374e+22
-37.7135  1.97631e+22
-37.5962  1.98063e+22
-37.4789  1.98711e+22
-37.3615  1.99599e+22
-37.2442  2.00729e+22
-37.1269  2.0206e+22
-37.0096  2.03531e+22
-36.8923  2.05042e+22
-36.775  2.06497e+22
-36.6577  2.07804e+22
-36.5404  2.08886e+22
-36.4231  2.09712e+22
-36.3058  2.10283e+22
-36.1885  2.10631e+22
-36.0712  2.10818e+22
-35.9539  2.10909e+22
-35.8366  2.10971e+22
-35.7193  2.11054e+22
-35.602  2.11194e+22
-35.4847  2.11411e+22
-35.3674  2.11722e+22
-35.2501  2.12147e+22
-35.1328  2.12712e+22
-35.0154  2.13456e+22
-34.8981  2.14427e+22
-34.7808  2.15668e+22
-34.6635  2.17201e+22
-34.5462  2.19026e+22
-34.4289  2.21102e+22
-34.3116  2.23351e+22
-34.1943  2.25668e+22
-34.077  2.27931e+22
-33.9597  2.3002e+22
-33.8424  2.31848e+22
-33.7251  2.33354e+22
-33.6078  2.34528e+22
-33.4905  2.35401e+22
-33.3732  2.3603e+22
-33.2559  2.36494e+22
-33.1386  2.36862e+22
-33.0213  2.37194e+22
-32.904  2.37523e+22
-32.7867  2.37861e+22
-32.6693  2.38203e+22
-32.552  2.3854e+22
-32.4347  2.38866e+22
-32.3174  2.3919e+22
-32.2001  2.39534e+22
-32.0828  2.39933e+22
-31.9655  2.40424e+22
-31.8482  2.41032e+22
-31.7309  2.4177e+22
-31.6136  2.4262e+22
-31.4963  2.43546e+22
-31.379  2.44492e+22
-31.2617  2.45403e+22
-31.1444  2.46228e+22
-31.0271  2.46937e+22
-30.9098  2.47523e+22
-30.7925  2.48004e+22
-30.6752  2.48415e+22
-30.5579  2.488e+22
-30.4406  2.49191e+22
-30.3232  2.49611e+22
-30.2059  2.50058e+22
-30.0886  2.50516e+22
-29.9713  2.50956e+22
-29.854  2.51353e+22
-29.7367  2.51688e+22
-29.6194  2.51971e+22
-29.5021  2.52224e+22
-29.3848  2.52497e+22
-29.2675  2.52844e+22
-29.1502  2.5332e+22
-29.0329  2.53963e+22
-28.9156  2.54784e+22
-28.7983  2.55771e+22
-28.681  2.56885e+22
-28.5637  2.58075e+22
-28.4464  2.59286e+22
-28.3291  2.60475e+22
-28.2118  2.61619e+22
-28.0944  2.62718e+22
-27.9771  2.63795e+22
-27.8598  2.64878e+22
-27.7425  2.66003e+22
-27.6252  2.67189e+22
-27.5079  2.68433e+22
-27.3906  2.69715e+22
-27.2733  2.70992e+22
-27.156  2.72208e+22
-27.0387  2.73316e+22
-26.9214  2.74273e+22
-26.8041  2.75065e+22
-26.6868  2.757e+22
-26.5695  2.76207e+22
-26.4522  2.76631e+22
-26.3349  2.77019e+22
-26.2176  2.77407e+22
-26.1003  2.77819e+22
-25.983  2.78259e+22
-25.8657  2.78717e+22
-25.7483  2.79175e+22
-25.631  2.79615e+22
-25.5137  2.80033e+22
-25.3964  2.80438e+22
-25.2791  2.80854e+22
-25.1618  2.81317e+22
-25.0445  2.81857e+22
-24.9272  2.82502e+22
-24.8099  2.83253e+22
-24.6926  2.84092e+22
-24.5753  2.84975e+22
-24.458  2.85845e+22
-24.3407  2.86637e+22
-24.2234  2.87299e+22
-24.1061  2.878e+22
-23.9888  2.88132e+22
-23.8715  2.88318e+22
-23.7542  2.88401e+22
-23.6369  2.88437e+22
-23.5196  2.88478e+22
-23.4023  2.88567e+22
-23.2849  2.88725e+22
-23.1676  2.88958e+22
-23.0503  2.89253e+22
-22.933  2.89598e+22
-22.8157  2.89979e+22
-22.6984  2.90402e+22
-22.5811  2.90892e+22
-22.4638  2.9148e+22
-22.3465  2.92212e+22
-22.2292  2.93127e+22
-22.1119  2.94246e+22
-21.9946  2.95565e+22
-21.8773  2.97051e+22
-21.76  2.98644e+22
-21.6427  3.00264e+22
-21.5254  3.01829e+22
-21.4081  3.03269e+22
-21.2908  3.04536e+22
-21.1735  3.05613e+22
-21.0561  3.06508e+22
-20.9388  3.07257e+22
-20.8215  3.07905e+22
-20.7042  3.08496e+22
-20.5869  3.09061e+22
-20.4696  3.09621e+22
-20.3523  3.10169e+22
-20.235  3.10699e+22
-20.1177  3.11196e+22
-20.0004  3.11657e+22
-19.8831  3.12087e+22
-19.7658  3.12514e+22
-19.6485  3.12968e+22
-19.5312  3.13486e+22
-19.4139  3.14093e+22
-19.2966  3.14797e+22
-19.1793  3.15581e+22
-19.062  3.16405e+22
-18.9447  3.17213e+22
-18.8274  3.17947e+22
-18.71  3.18557e+22
-18.5927  3.19016e+22
-18.4754  3.19324e+22
-18.3581  3.19511e+22
-18.2408  3.19622e+22
-18.1235  3.19712e+22
-18.0062  3.19831e+22
-17.8889  3.20008e+22
-17.7716  3.20245e+22
-17.6543  3.20525e+22
-17.537  3.2081e+22
-17.4197  3.21063e+22
-17.3024  3.21254e+22
-17.1851  3.21374e+22
-17.0678  3.21444e+22
-16.9505  3.21504e+22
-16.8332  3.21611e+22
-16.7159  3.21822e+22
-16.5986  3.22177e+22
-16.4813  3.22697e+22
-16.364  3.23365e+22
-16.2466  3.24146e+22
-16.1293  3.24984e+22
-16.012  3.25822e+22
-15.8947  3.26614e+22
-15.7774  3.2734e+22
-15.6601  3.28002e+22
-15.5428  3.28633e+22
-15.4255  3.29272e+22
-15.3082  3.29967e+22
-15.1909  3.30744e+22
-15.0736  3.31614e+22
-14.9563  3.32557e+22
-14.839  3.33533e+22
-14.7217  3.34492e+22
-14.6044  3.35383e+22
-14.4871  3.3617e+22
-14.3698  3.36841e+22
-14.2525  3.37405e+22
-14.1352  3.37891e+22
-14.0178  3.38339e+22
-13.9005  3.38786e+22
-13.7832  3.39251e+22
-13.6659  3.39738e+22
-13.5486  3.40233e+22
-13.4313  3.407e+22
-13.314  3.41111e+22
-13.1967  3.41442e+22
-13.0794  3.41685e+22
-12.9621  3.41862e+22
-12.8448  3.4201e+22
-12.7275  3.42175e+22
-12.6102  3.42408e+22
-12.4929  3.42741e+22
-12.3756  3.43182e+22
-12.2583  3.43712e+22
-12.141  3.44286e+22
-12.0237  3.44844e+22
-11.9064  3.45325e+22
-11.7891  3.4568e+22
-11.6718  3.45882e+22
-11.5544  3.45937e+22
-11.4371  3.45874e+22
-11.3198  3.45744e+22
-11.2025  3.45597e+22
-11.0852  3.45486e+22
-10.9679  3.45435e+22
-10.8506  3.45457e+22
-10.7333  3.45536e+22
-10.616  3.45651e+22
-10.4987  3.4577e+22
-10.3814  3.45881e+22
-10.2641  3.45977e+22
-10.1468  3.46077e+22
-10.0295  3.46216e+22
-9.91217  3.46432e+22
-9.79487  3.46762e+22
-9.67756  3.4723e+22
-9.56026  3.47835e+22
-9.44295  3.48552e+22
-9.32565  3.49341e+22
-9.20834  3.50148e+22
-9.09104  3.50921e+22
-8.97373  3.51622e+22
-8.85643  3.5223e+22
-8.73913  3.52751e+22
-8.62182  3.53207e+22
-8.50452  3.53631e+22
-8.38721  3.54053e+22
-8.26991  3.54499e+22
-8.1526  3.54973e+22
-8.03529  3.55463e+22
-7.91799  3.55945e+22
-7.80069  3.56389e+22
-7.68338  3.56772e+22
-7.56608  3.57081e+22
-7.44877  3.57325e+22
-7.33146  3.5753e+22
-7.21416  3.57734e+22
-7.09685  3.57977e+22
-6.97955  3.58288e+22
-6.86224  3.58678e+22
-6.74494  3.59133e+22
-6.62763  3.5962e+22
-6.51033  3.60085e+22
-6.39302  3.6048e+22
-6.27572  3.60755e+22
-6.15842  3.60894e+22
-6.04111  3.60895e+22
-5.92381  3.6079e+22
-5.8065  3.60625e+22
-5.68919  3.60458e+22
-5.57189  3.60329e+22
-5.45458  3.60273e+22
-5.33728  3.60289e+22
-5.21997  3.60362e+22
-5.10267  3.60449e+22
-4.98536  3.60509e+22
-4.86806  3.60507e+22
-4.75075  3.60423e+22
-4.63345  3.60261e+22
-4.51614  3.60053e+22
-4.39884  3.59839e+22
-4.28154  3.59672e+22
-4.16423  3.59588e+22
-4.04692  3.59609e+22
-3.92962  3.59729e+22
-3.81231  3.59924e+22
-3.69501  3.60147e+22
-3.5777  3.60355e+22
-3.4604  3.60507e+22
-3.34309  3.6059e+22
-3.22579  3.60608e+22
-3.10849  3.60591e+22
-2.99118  3.60584e+22
-2.87387  3.60632e+22
-2.75657  3.60767e+22
-2.63926  3.61008e+22
-2.52196  3.61346e+22
-2.40465  3.6175e+22
-2.28735  3.62178e+22
-2.17005  3.6259e+22
-2.05274  3.62952e+22
-1.93544  3.63254e+22
-1.81813  3.63503e+22
-1.70083  3.63725e+22
-1.58352  3.63951e+22
-1.46622  3.6421e+22
-1.34891  3.6451e+22
-1.2316  3.64843e+22
-1.1143  3.65178e+22
-0.996995  3.6547e+22
-0.87969  3.65671e+22
-0.762385  3.65748e+22
-0.64508  3.6569e+22
-0.527775  3.65516e+22
-0.41047  3.65266e+22
-0.293165  3.65005e+22
-0.17586  3.64797e+22
-0.058555  3.6469e+22
0.05875  3.64714e+22
0.176055  3.64861e+22
0.29336  3.65091e+22
0.410665  3.65351e+22
0.52797  3.65573e+22
0.645275  3.65701e+22
0.76258  3.657e+22
0.879885  3.65568e+22
0.99719  3.65321e+22
1.1145  3.65003e+22
1.2318  3.6466e+22
1.3491  3.64333e+22
1.46641  3.64048e+22
1.58371  3.63802e+22
1.70102  3.63581e+22
1.81832  3.63351e+22
1.93563  3.63079e+22
2.05294  3.62748e+22
2.17024  3.62356e+22
2.28754  3.61924e+22
2.40485  3.61487e+22
2.52216  3.61093e+22
2.63946  3.60778e+22
2.75677  3.60567e+22
2.87407  3.60455e+22
2.99137  3.60423e+22
3.10868  3.60424e+22
3.22599  3.60415e+22
3.34329  3.60352e+22
3.4606  3.60217e+22
3.5779  3.6001e+22
3.69521  3.59763e+22
3.81251  3.59514e+22
3.92982  3.59316e+22
4.04712  3.59208e+22
4.16443  3.59209e+22
4.28173  3.59314e+22
4.39903  3.59497e+22
4.51634  3.5971e+22
4.63364  3.59905e+22
4.75095  3.60041e+22
4.86825  3.60099e+22
4.98556  3.6008e+22
5.10286  3.60014e+22
5.22017  3.59936e+22
5.33748  3.59892e+22
5.45478  3.59912e+22
5.57209  3.60004e+22
5.68939  3.60153e+22
5.8067  3.6032e+22
5.924  3.60454e+22
6.0413  3.60503e+22
6.15861  3.60425e+22
6.27591  3.60203e+22
6.39322  3.59847e+22
6.51052  3.59392e+22
6.62783  3.58889e+22
6.74514  3.58393e+22
6.86244  3.5795e+22
6.97975  3.57587e+22
7.09705  3.57306e+22
7.21436  3.57088e+22
7.33166  3.56894e+22
7.44897  3.56687e+22
7.56627  3.56429e+22
7.68358  3.56102e+22
7.80088  3.55702e+22
7.91819  3.55251e+22
8.03549  3.5477e+22
8.1528  3.54291e+22
8.2701  3.53832e+22
8.38741  3.53398e+22
8.50471  3.52971e+22
8.62202  3.52528e+22
8.73932  3.52031e+22
8.85662  3.51457e+22
8.97393  3.50787e+22
9.09123  3.50031e+22
9.20854  3.49219e+22
9.32584  3.48394e+22
9.44315  3.47611e+22
9.56045  3.4692e+22
9.67776  3.46353e+22
9.79506  3.45928e+22
9.91237  3.45628e+22
10.0297  3.45429e+22
10.147  3.4529e+22
10.2643  3.45173e+22
10.3816  3.45053e+22
10.4989  3.44921e+22
10.6162  3.44785e+22
10.7335  3.44671e+22
10.8508  3.44606e+22
10.9681  3.44606e+22
11.0854  3.44679e+22
11.2027  3.44806e+22
11.32  3.44946e+22
11.4373  3.4505e+22
11.5546  3.45066e+22
11.6719  3.44949e+22
11.7893  3.44679e+22
11.9066  3.44267e+22
12.0239  3.43749e+22
12.1412  3.43179e+22
12.2585  3.42619e+22
12.3758  3.42123e+22
12.4931  3.41725e+22
12.6104  3.41435e+22
12.7277  3.4123e+22
12.845  3.41072e+22
12.9623  3.40912e+22
13.0796  3.40706e+22
13.1969  3.40421e+22
13.3142  3.4005e+22
13.4315  3.39607e+22
13.5488  3.39121e+22
13.6661  3.38622e+22
13.7834  3.3814e+22
13.9007  3.37684e+22
14.018  3.37242e+22
14.1354  3.36788e+22
14.2527  3.36283e+22
14.37  3.35689e+22
14.4873  3.34986e+22
14.6046  3.34166e+22
14.7219  3.33257e+22
14.8392  3.32297e+22
14.9565  3.31337e+22
15.0738  3.30423e+22
15.1911  3.29588e+22
15.3084  3.28838e+22
15.4257  3.28156e+22
15.543  3.27507e+22
15.6603  3.26844e+22
15.7776  3.26131e+22
15.8949  3.25349e+22
16.0122  3.24502e+22
16.1295  3.23623e+22
16.2468  3.22766e+22
16.3641  3.21988e+22
16.4815  3.2134e+22
16.5988  3.20855e+22
16.7161  3.20534e+22
16.8334  3.2035e+22
16.9507  3.20252e+22
17.068  3.20186e+22
17.1853  3.20096e+22
17.3026  3.19952e+22
17.4199  3.19741e+22
17.5372  3.19482e+22
17.6545  3.19206e+22
17.7718  3.18952e+22
17.8891  3.18748e+22
18.0064  3.18607e+22
18.1237  3.18511e+22
18.241  3.18422e+22
18.3583  3.18286e+22
18.4756  3.1805e+22
18.5929  3.17674e+22
18.7102  3.17139e+22
18.8275  3.16457e+22
18.9449  3.15668e+22
19.0622  3.14824e+22
19.1795  3.13992e+22
19.2968  3.13218e+22
19.4141  3.1254e+22
19.5314  3.11961e+22
19.6487  3.11466e+22
19.766  3.11027e+22
19.8833  3.10605e+22
20.0006  3.10169e+22
20.1179  3.09703e+22
20.2352  3.09204e+22
20.3525  3.08679e+22
20.4698  3.08142e+22
20.5871  3.07601e+22
20.7044  3.07047e+22
20.8217  3.06456e+22
20.939  3.0579e+22
21.0563  3.04999e+22
21.1736  3.0404e+22
21.291  3.02888e+22
21.4083  3.01541e+22
21.5256  3.00032e+22
21.6429  2.98419e+22
21.7602  2.96782e+22
21.8775  2.95203e+22
21.9948  2.93758e+22
22.1121  2.92496e+22
22.2294  2.9144e+22
22.3467  2.90583e+22
22.464  2.89894e+22
22.5813  2.8933e+22
22.6986  2.88849e+22
22.8159  2.88421e+22
22.9332  2.88036e+22
23.0505  2.87691e+22
23.1678  2.87406e+22
23.2851  2.87195e+22
23.4024  2.87061e+22
23.5198  2.86995e+22
23.6371  2.86965e+22
23.7544  2.8692e+22
23.8717  2.86806e+22
23.989  2.86565e+22
24.1063  2.86169e+22
24.2236  2.85601e+22
24.3409  2.8488e+22
24.4582  2.84051e+22
24.5755  2.8317e+22
24.6928  2.82303e+22
24.8101  2.81501e+22
24.9274  2.80797e+22
25.0447  2.802e+22
25.162  2.79697e+22
25.2793  2.7926e+22
25.3966  2.78848e+22
25.5139  2.78433e+22
25.6312  2.77998e+22
25.7485  2.77538e+22
25.8658  2.77067e+22
25.9832  2.76604e+22
26.1005  2.76168e+22
26.2178  2.75762e+22
26.3351  2.75375e+22
26.4524  2.7498e+22
26.5697  2.74533e+22
26.687  2.73991e+22
26.8043  2.73311e+22
26.9216  2.72475e+22
27.0389  2.71484e+22
27.1562  2.70363e+22
27.2735  2.69154e+22
27.3908  2.67909e+22
27.5081  2.66674e+22
27.6254  2.65483e+22
27.7427  2.64346e+22
27.86  2.6325e+22
27.9773  2.62171e+22
28.0946  2.61071e+22
28.212  2.59927e+22
28.3293  2.58725e+22
28.4466  2.57478e+22
28.5639  2.56222e+22
28.6812  2.55005e+22
28.7985  2.53888e+22
28.9158  2.52919e+22
29.0331  2.52128e+22
29.1504  2.51522e+22
29.2677  2.51075e+22
29.385  2.50746e+22
29.5023  2.50477e+22
29.6196  2.50218e+22
29.7369  2.49925e+22
29.8542  2.49582e+22
29.9715  2.49189e+22
30.0888  2.48764e+22
30.2061  2.48333e+22
30.3234  2.47918e+22
30.4407  2.47526e+22
30.558  2.47147e+22
30.6754  2.46754e+22
30.7927  2.46308e+22
30.91  2.4577e+22
31.0273  2.45111e+22
31.1446  2.44327e+22
31.2619  2.43433e+22
31.3792  2.42473e+22
31.4965  2.415e+22
31.6138  2.40574e+22
31.7311  2.39745e+22
31.8484  2.39042e+22
31.9657  2.3847e+22
32.083  2.38014e+22
32.2003  2.37641e+22
32.3176  2.37315e+22
32.4349  2.37003e+22
32.5522  2.36688e+22
32.6695  2.36368e+22
32.7868  2.36047e+22
32.9042  2.35735e+22
33.0215  2.3543e+22
33.1388  2.35108e+22
33.2561  2.34731e+22
33.3734  2.34228e+22
33.4907  2.33529e+22
33.608  2.32558e+22
33.7253  2.31266e+22
33.8426  2.29641e+22
33.9599  2.27706e+22
34.0772  2.25534e+22
34.1945  2.2323e+22
34.3118  2.20914e+22
34.4291  2.18701e+22
34.5464  2.16693e+22
34.6637  2.14954e+22
34.781  2.13508e+22
34.8983  2.12351e+22
35.0156  2.1145e+22
35.1329  2.10757e+22
35.2503  2.10232e+22
35.3676  2.0984e+22
35.4849  2.09557e+22
35.6022  2.09367e+22
35.7195  2.09252e+22
35.8368  2.09186e+22
35.9541  2.09128e+22
36.0714  2.09022e+22
36.1887  2.08794e+22
36.306  2.0838e+22
36.4233  2.07729e+22
36.5406  2.06812e+22
36.6579  2.05643e+22
36.7752  2.04272e+22
36.8925  2.0278e+22
37.0098  2.01267e+22
37.1271  1.99832e+22
37.2444  1.98562e+22
37.3617  1.97516e+22
37.479  1.96712e+22
37.5964  1.96146e+22
37.7137  1.95783e+22
37.831  1.95578e+22
37.9483  1.95488e+22
38.0656  1.9547e+22
38.1829  1.95507e+22
38.3002  1.95581e+22
38.4175  1.95678e+22
38.5348  1.95787e+22
38.6521  1.95872e+22
38.7694  1.95892e+22
38.8867  1.9579e+22
39.004  1.95506e+22
39.1213  1.94987e+22
39.2386  1.94203e+22
39.3559  1.9315e+22
39.4732  1.91859e+22
39.5905  1.90385e+22
39.7078  1.88804e+22
39.8251  1.87193e+22
39.9425  1.85625e+22
40.0598  1.84146e+22
40.1771  1.82781e+22
40.2944  1.81523e+22
40.4117  1.8035e+22
40.529  1.79232e+22
40.6463  1.78143e+22
40.7636  1.77072e+22
40.8809  1.76018e+22
40.9982  1.75006e+22
41.1155  1.74064e+22
41.2328  1.73219e+22
41.3501  1.72491e+22
41.4674  1.71879e+22
41.5847  1.71364e+22
41.702  1.70911e+22
41.8193  1.7047e+22
41.9366  1.69998e+22
42.0539  1.69459e+22
42.1712  1.68832e+22
42.2885  1.68123e+22
42.4059  1.67348e+22
42.5232  1.6654e+22
42.6405  1.65732e+22
42.7578  1.64947e+22
42.8751  1.64201e+22
42.9924  1.63488e+22
43.1097  1.62792e+22
43.227  1.62096e+22
43.3443  1.61377e+22
43.4616  1.60629e+22
43.5789  1.59858e+22
43.6962  1.59088e+22
43.8135  1.58353e+22
43.9308  1.57696e+22
44.0481  1.5715e+22
44.1654  1.56738e+22
44.2827  1.56462e+22
44.4  1.56302e+22
44.5173  1.56222e+22
44.6347  1.5618e+22
44.752  1.56133e+22
44.8693  1.56048e+22
44.9866  1.55911e+22
45.1039  1.5572e+22
45.2212  1.5549e+22
45.3385  1.55238e+22
45.4558  1.5497e+22
45.5731  1.54678e+22
45.6904  1.5433e+22
45.8077  1.53874e+22
45.925  1.5324e+22
46.0423  1.52358e+22
46.1596  1.51172e+22
46.2769  1.49654e+22
46.3942  1.47811e+22
46.5115  1.45695e+22
46.6288  1.43389e+22
46.7461  1.41007e+22
46.8634  1.38661e+22
46.9808  1.36464e+22
47.0981  1.34496e+22
47.2154  1.32811e+22
47.3327  1.31429e+22
47.45  1.30334e+22
47.5673  1.29504e+22
47.6846  1.28892e+22
47.8019  1.28457e+22
47.9192  1.28156e+22
48.0365  1.27943e+22
48.1538  1.27772e+22
48.2711  1.27579e+22
48.3884  1.27293e+22
48.5057  1.26824e+22
48.623  1.26087e+22
48.7403  1.24997e+22
48.8576  1.23496e+22
48.9749  1.2157e+22
49.0922  1.19251e+22
49.2095  1.16621e+22
49.3269  1.13813e+22
49.4442  1.10977e+22
49.5615  1.08282e+22
49.6788  1.05875e+22
49.7961  1.03874e+22
49.9134  1.02348e+22
50.0307  1.01321e+22
50.148  1.00777e+22
50.2653  1.00663e+22
50.3826  1.00913e+22
50.4999  1.0145e+22
50.6172  1.0219e+22
50.7345  1.03055e+22
50.8518  1.03956e+22
50.9691  1.04791e+22
51.0864  1.05449e+22
51.2037  1.05804e+22
51.321  1.0573e+22
51.4383  1.05114e+22
51.5556  1.03872e+22
51.673  1.01972e+22
51.7903  9.94371e+21
51.9076  9.63636e+21
52.0249  9.28939e+21
52.1422  8.92122e+21
52.2595  8.55235e+21
52.3768  8.20133e+21
52.4941  7.88405e+21
52.6114  7.61205e+21
52.7287  7.39098e+21
52.846  7.22201e+21
52.9633  7.10207e+21
53.0806  7.02574e+21
53.1979  6.98548e+21
53.3152  6.97373e+21
53.4325  6.98202e+21
53.5498  7.0014e+21
53.6671  7.0221e+21
53.7844  7.03343e+21
53.9017  7.02384e+21
54.0191  6.9816e+21
54.1364  6.89623e+21
54.2537  6.75983e+21
54.371  6.56918e+21
54.4883  6.32579e+21
54.6056  6.03713e+21
54.7229  5.71535e+21
54.8402  5.37676e+21
54.9575  5.03926e+21
55.0748  4.72022e+21
55.1921  4.43494e+21
55.3094  4.1948e+21
55.4267  4.00685e+21
55.544  3.87366e+21
55.6613  3.79388e+21
55.7786  3.76382e+21
55.8959  3.77723e+21
56.0132  3.82721e+21
56.1305  3.90595e+21
56.2478  4.00496e+21
56.3651  4.11455e+21
56.4825  4.22405e+21
56.5998  4.32215e+21
56.7171  4.3965e+21
56.8344  4.4355e+21
56.9517  4.42932e+21
57.069  4.37069e+21
57.1863  4.25693e+21
57.3036  4.09036e+21
57.4209  3.8781e+21
57.5382  3.63176e+21
57.6555  3.36643e+21
57.7728  3.09795e+21
57.8901  2.84191e+21
58.0074  2.61241e+21
58.1247  2.41935e+21
58.242  2.269e+21
58.3593  2.16338e+21
58.4766  2.10107e+21
58.5939  2.07768e+21
