#S 1 spectral density
#N 2
#UFWHM 12.4343
#L  abscissas [um]  spectral density
-58.5938  1.62741e+21
-58.4764  1.58673e+21
-58.3591  1.52936e+21
-58.2418  1.46373e+21
-58.1245  1.39961e+21
-58.0072  1.3461e+21
-57.8899  1.31015e+21
-57.7726  1.29504e+21
-57.6553  1.29937e+21
-57.538  1.3179e+21
-57.4207  1.34321e+21
-57.3034  1.36667e+21
-57.1861  1.38159e+21
-57.0688  1.38328e+21
-56.9515  1.3714e+21
-56.8342  1.34812e+21
-56.7169  1.31916e+21
-56.5996  1.29078e+21
-56.4823  1.26863e+21
-56.365  1.2565e+21
-56.2477  1.25491e+21
-56.1303  1.26189e+21
-56.013  1.27283e+21
-55.8957  1.28229e+21
-55.7784  1.28554e+21
-55.6611  1.27978e+21
-55.5438  1.26493e+21
-55.4265  1.24399e+21
-55.3092  1.22214e+21
-55.1919  1.2051e+21
-55.0746  1.19818e+21
-54.9573  1.2042e+21
-54.84  1.22325e+21
-54.7227  1.25207e+21
-54.6054  1.28455e+21
-54.4881  1.31357e+21
-54.3708  1.33244e+21
-54.2535  1.33637e+21
-54.1362  1.32364e+21
-54.0189  1.29607e+21
-53.9016  1.25849e+21
-53.7842  1.21792e+21
-53.6669  1.18171e+21
-53.5496  1.15624e+21
-53.4323  1.14555e+21
-53.315  1.15026e+21
-53.1977  1.16835e+21
-53.0804  1.19523e+21
-52.9631  1.22481e+21
-52.8458  1.25069e+21
-52.7285  1.26788e+21
-52.6112  1.27274e+21
-52.4939  1.26442e+21
-52.3766  1.24354e+21
-52.2593  1.21301e+21
-52.142  1.17602e+21
-52.0247  1.13697e+21
-51.9074  1.09949e+21
-51.7901  1.06684e+21
-51.6728  1.04153e+21
-51.5555  1.02511e+21
-51.4381  1.01839e+21
-51.3208  1.02156e+21
-51.2035  1.03385e+21
-51.0862  1.05406e+21
-50.9689  1.08026e+21
-50.8516  1.11021e+21
-50.7343  1.14153e+21
-50.617  1.17208e+21
-50.4997  1.2e+21
-50.3824  1.22408e+21
-50.2651  1.24409e+21
-50.1478  1.26035e+21
-50.0305  1.27371e+21
-49.9132  1.28514e+21
-49.7959  1.29556e+21
-49.6786  1.3058e+21
-49.5613  1.31624e+21
-49.444  1.32706e+21
-49.3267  1.33849e+21
-49.2094  1.35075e+21
-49.092  1.36439e+21
-48.9747  1.38003e+21
-48.8574  1.39814e+21
-48.7401  1.41875e+21
-48.6228  1.44081e+21
-48.5055  1.46295e+21
-48.3882  1.48267e+21
-48.2709  1.49729e+21
-48.1536  1.5043e+21
-48.0363  1.50244e+21
-47.919  1.49206e+21
-47.8017  1.47571e+21
-47.6844  1.45721e+21
-47.5671  1.44204e+21
-47.4498  1.43476e+21
-47.3325  1.43937e+21
-47.2152  1.45687e+21
-47.0979  1.48556e+21
-46.9806  1.52067e+21
-46.8633  1.55554e+21
-46.7459  1.58274e+21
-46.6286  1.59592e+21
-46.5113  1.59103e+21
-46.394  1.56813e+21
-46.2767  1.53035e+21
-46.1594  1.48466e+21
-46.0421  1.43925e+21
-45.9248  1.40276e+21
-45.8075  1.38147e+21
-45.6902  1.37844e+21
-45.5729  1.3932e+21
-45.4556  1.42127e+21
-45.3383  1.45587e+21
-45.221  1.48936e+21
-45.1037  1.51513e+21
-44.9864  1.52882e+21
-44.8691  1.5299e+21
-44.7518  1.52081e+21
-44.6345  1.50639e+21
-44.5172  1.49261e+21
-44.3998  1.48466e+21
-44.2825  1.4862e+21
-44.1652  1.49757e+21
-44.0479  1.51662e+21
-43.9306  1.53874e+21
-43.8133  1.55922e+21
-43.696  1.57319e+21
-43.5787  1.57833e+21
-43.4614  1.57436e+21
-43.3441  1.56372e+21
-43.2268  1.55067e+21
-43.1095  1.53994e+21
-42.9922  1.53516e+21
-42.8749  1.53799e+21
-42.7576  1.54709e+21
-42.6403  1.55887e+21
-42.523  1.56765e+21
-42.4057  1.56769e+21
-42.2884  1.55503e+21
-42.171  1.52813e+21
-42.0537  1.48952e+21
-41.9364  1.44478e+21
-41.8191  1.40228e+21
-41.7018  1.37072e+21
-41.5845  1.35743e+21
-41.4672  1.36613e+21
-41.3499  1.39601e+21
-41.2326  1.44166e+21
-41.1153  1.49304e+21
-40.998  1.53858e+21
-40.8807  1.56727e+21
-40.7634  1.57071e+21
-40.6461  1.54547e+21
-40.5288  1.49414e+21
-40.4115  1.42469e+21
-40.2942  1.34877e+21
-40.1769  1.27995e+21
-40.0596  1.23008e+21
-39.9423  1.20726e+21
-39.825  1.21393e+21
-39.7076  1.24655e+21
-39.5903  1.29684e+21
-39.473  1.35292e+21
-39.3557  1.40252e+21
-39.2384  1.43518e+21
-39.1211  1.44522e+21
-39.0038  1.43142e+21
-38.8865  1.39789e+21
-38.7692  1.35247e+21
-38.6519  1.3048e+21
-38.5346  1.26381e+21
-38.4173  1.23626e+21
-38.3  1.22487e+21
-38.1827  1.22898e+21
-38.0654  1.24439e+21
-37.9481  1.26573e+21
-37.8308  1.28701e+21
-37.7135  1.30416e+21
-37.5962  1.31538e+21
-37.4789  1.32133e+21
-37.3615  1.3246e+21
-37.2442  1.32828e+21
-37.1269  1.33509e+21
-37.0096  1.34599e+21
-36.8923  1.35963e+21
-36.775  1.3728e+21
-36.6577  1.38123e+21
-36.5404  1.38114e+21
-36.4231  1.36999e+21
-36.3058  1.34812e+21
-36.1885  1.31919e+21
-36.0712  1.28914e+21
-35.9539  1.26541e+21
-35.8366  1.25547e+21
-35.7193  1.26495e+21
-35.602  1.29593e+21
-35.4847  1.34706e+21
-35.3674  1.41249e+21
-35.2501  1.48372e+21
-35.1328  1.55083e+21
-35.0154  1.60433e+21
-34.8981  1.63725e+21
-34.7808  1.64568e+21
-34.6635  1.63033e+21
-34.5462  1.59524e+21
-34.4289  1.54851e+21
-34.3116  1.49873e+21
-34.1943  1.45485e+21
-34.077  1.42431e+21
-33.9597  1.41163e+21
-33.8424  1.41814e+21
-33.7251  1.44188e+21
-33.6078  1.47809e+21
-33.4905  1.52009e+21
-33.3732  1.56079e+21
-33.2559  1.59366e+21
-33.1386  1.61317e+21
-33.0213  1.61642e+21
-32.904  1.60293e+21
-32.7867  1.57484e+21
-32.6693  1.53606e+21
-32.552  1.49212e+21
-32.4347  1.44901e+21
-32.3174  1.41264e+21
-32.2001  1.38738e+21
-32.0828  1.37621e+21
-31.9655  1.37964e+21
-31.8482  1.39647e+21
-31.7309  1.42332e+21
-31.6136  1.45581e+21
-31.4963  1.48938e+21
-31.379  1.51975e+21
-31.2617  1.54364e+21
-31.1444  1.5594e+21
-31.0271  1.56726e+21
-30.9098  1.56819e+21
-30.7925  1.56498e+21
-30.6752  1.56009e+21
-30.5579  1.55586e+21
-30.4406  1.5544e+21
-30.3232  1.55666e+21
-30.2059  1.56337e+21
-30.0886  1.57445e+21
-29.9713  1.58967e+21
-29.854  1.60913e+21
-29.7367  1.63309e+21
-29.6194  1.66125e+21
-29.5021  1.69347e+21
-29.3848  1.72844e+21
-29.2675  1.76375e+21
-29.1502  1.79611e+21
-29.0329  1.82135e+21
-28.9156  1.83488e+21
-28.7983  1.833e+21
-28.681  1.81384e+21
-28.5637  1.7781e+21
-28.4464  1.72891e+21
-28.3291  1.67247e+21
-28.2118  1.61675e+21
-28.0944  1.5699e+21
-27.9771  1.53924e+21
-27.8598  1.529e+21
-27.7425  1.54012e+21
-27.6252  1.56911e+21
-27.5079  1.6089e+21
-27.3906  1.64992e+21
-27.2733  1.68235e+21
-27.156  1.69759e+21
-27.0387  1.69017e+21
-26.9214  1.65884e+21
-26.8041  1.60738e+21
-26.6868  1.54299e+21
-26.5695  1.47518e+21
-26.4522  1.41439e+21
-26.3349  1.3694e+21
-26.2176  1.34581e+21
-26.1003  1.34575e+21
-25.983  1.36709e+21
-25.8657  1.40474e+21
-25.7483  1.45194e+21
-25.631  1.5015e+21
-25.5137  1.54794e+21
-25.3964  1.58736e+21
-25.2791  1.6185e+21
-25.1618  1.64198e+21
-25.0445  1.65998e+21
-24.9272  1.67414e+21
-24.8099  1.68621e+21
-24.6926  1.69644e+21
-24.5753  1.70421e+21
-24.458  1.70857e+21
-24.3407  1.70911e+21
-24.2234  1.70609e+21
-24.1061  1.70195e+21
-23.9888  1.70027e+21
-23.8715  1.70588e+21
-23.7542  1.7226e+21
-23.6369  1.75335e+21
-23.5196  1.79778e+21
-23.4023  1.85255e+21
-23.2849  1.91108e+21
-23.1676  1.96457e+21
-23.0503  2.00413e+21
-22.933  2.02252e+21
-22.8157  2.01578e+21
-22.6984  1.98479e+21
-22.5811  1.93527e+21
-22.4638  1.87712e+21
-22.3465  1.82229e+21
-22.2292  1.78252e+21
-22.1119  1.76737e+21
-21.9946  1.78139e+21
-21.8773  1.82401e+21
-21.76  1.88929e+21
-21.6427  1.96746e+21
-21.5254  2.04664e+21
-21.4081  2.11639e+21
-21.2908  2.16841e+21
-21.1735  2.19928e+21
-21.0561  2.21038e+21
-20.9388  2.20737e+21
-20.8215  2.19856e+21
-20.7042  2.19255e+21
-20.5869  2.19651e+21
-20.4696  2.21484e+21
-20.3523  2.24826e+21
-20.235  2.29361e+21
-20.1177  2.34576e+21
-20.0004  2.39855e+21
-19.8831  2.44678e+21
-19.7658  2.48727e+21
-19.6485  2.51916e+21
-19.5312  2.54394e+21
-19.4139  2.56473e+21
-19.2966  2.58475e+21
-19.1793  2.60653e+21
-19.062  2.63035e+21
-18.9447  2.65532e+21
-18.8274  2.67878e+21
-18.71  2.69775e+21
-18.5927  2.71013e+21
-18.4754  2.71495e+21
-18.3581  2.71463e+21
-18.2408  2.71236e+21
-18.1235  2.71412e+21
-18.0062  2.72505e+21
-17.8889  2.74947e+21
-17.7716  2.7893e+21
-17.6543  2.84329e+21
-17.537  2.90719e+21
-17.4197  2.97494e+21
-17.3024  3.03939e+21
-17.1851  3.09424e+21
-17.0678  3.13522e+21
-16.9505  3.16084e+21
-16.8332  3.17295e+21
-16.7159  3.17585e+21
-16.5986  3.17577e+21
-16.4813  3.17831e+21
-16.364  3.18864e+21
-16.2466  3.20973e+21
-16.1293  3.24209e+21
-16.012  3.2843e+21
-15.8947  3.33252e+21
-15.7774  3.38292e+21
-15.6601  3.4314e+21
-15.5428  3.47497e+21
-15.4255  3.51256e+21
-15.3082  3.54434e+21
-15.1909  3.57129e+21
-15.0736  3.59611e+21
-14.9563  3.62169e+21
-14.839  3.65012e+21
-14.7217  3.68403e+21
-14.6044  3.72488e+21
-14.4871  3.77328e+21
-14.3698  3.82948e+21
-14.2525  3.89317e+21
-14.1352  3.96299e+21
-14.0178  4.03703e+21
-13.9005  4.11391e+21
-13.7832  4.19101e+21
-13.6659  4.26731e+21
-13.5486  4.34173e+21
-13.4313  4.41601e+21
-13.314  4.49228e+21
-13.1967  4.57602e+21
-13.0794  4.67291e+21
-12.9621  4.78997e+21
-12.8448  4.93333e+21
-12.7275  5.10817e+21
-12.6102  5.31552e+21
-12.4929  5.55389e+21
-12.3756  5.81786e+21
-12.2583  6.09833e+21
-12.141  6.38518e+21
-12.0237  6.66712e+21
-11.9064  6.93478e+21
-11.7891  7.18083e+21
-11.6718  7.40267e+21
-11.5544  7.60083e+21
-11.4371  7.78021e+21
-11.3198  7.94811e+21
-11.2025  8.11375e+21
-11.0852  8.2865e+21
-10.9679  8.47541e+21
-10.8506  8.68818e+21
-10.7333  8.93081e+21
-10.616  9.20783e+21
-10.4987  9.52265e+21
-10.3814  9.87729e+21
-10.2641  1.0273e+22
-10.1468  1.071e+22
-10.0295  1.11859e+22
-9.91217  1.16969e+22
-9.79487  1.22366e+22
-9.67756  1.27961e+22
-9.56026  1.33652e+22
-9.44295  1.39331e+22
-9.32565  1.44908e+22
-9.20834  1.50312e+22
-9.09104  1.55515e+22
-8.97373  1.60544e+22
-8.85643  1.65467e+22
-8.73913  1.70406e+22
-8.62182  1.75495e+22
-8.50452  1.80882e+22
-8.38721  1.86698e+22
-8.26991  1.93051e+22
-8.1526  1.99995e+22
-8.03529  2.07549e+22
-7.91799  2.15674e+22
-7.80069  2.24318e+22
-7.68338  2.3339e+22
-7.56608  2.428e+22
-7.44877  2.52464e+22
-7.33146  2.62299e+22
-7.21416  2.72241e+22
-7.09685  2.82216e+22
-6.97955  2.92165e+22
-6.86224  3.02022e+22
-6.74494  3.11706e+22
-6.62763  3.21157e+22
-6.51033  3.30304e+22
-6.39302  3.39104e+22
-6.27572  3.47539e+22
-6.15842  3.55626e+22
-6.04111  3.6343e+22
-5.92381  3.71054e+22
-5.8065  3.78608e+22
-5.68919  3.86233e+22
-5.57189  3.94065e+22
-5.45458  4.02214e+22
-5.33728  4.10767e+22
-5.21997  4.19765e+22
-5.10267  4.29228e+22
-4.98536  4.39128e+22
-4.86806  4.49422e+22
-4.75075  4.60046e+22
-4.63345  4.70929e+22
-4.51614  4.81999e+22
-4.39884  4.93169e+22
-4.28154  5.04343e+22
-4.16423  5.15446e+22
-4.04692  5.26357e+22
-3.92962  5.36989e+22
-3.81231  5.47242e+22
-3.69501  5.57035e+22
-3.5777  5.66325e+22
-3.4604  5.75091e+22
-3.34309  5.83352e+22
-3.22579  5.91171e+22
-3.10849  5.98636e+22
-2.99118  6.05826e+22
-2.87387  6.12847e+22
-2.75657  6.19763e+22
-2.63926  6.2661e+22
-2.52196  6.33387e+22
-2.40465  6.40065e+22
-2.28735  6.46587e+22
-2.17005  6.52876e+22
-2.05274  6.58861e+22
-1.93544  6.64476e+22
-1.81813  6.69677e+22
-1.70083  6.74433e+22
-1.58352  6.78737e+22
-1.46622  6.82572e+22
-1.34891  6.85925e+22
-1.2316  6.88799e+22
-1.1143  6.9118e+22
-0.996995  6.93064e+22
-0.87969  6.94459e+22
-0.762385  6.95388e+22
-0.64508  6.95915e+22
-0.527775  6.96117e+22
-0.41047  6.96095e+22
-0.293165  6.95956e+22
-0.17586  6.95807e+22
-0.058555  6.95722e+22
0.05875  6.95745e+22
0.176055  6.95867e+22
0.29336  6.96057e+22
0.410665  6.96222e+22
0.52797  6.96267e+22
0.645275  6.9609e+22
0.76258  6.95602e+22
0.879885  6.94719e+22
0.99719  6.93397e+22
1.1145  6.91613e+22
1.2318  6.8935e+22
1.3491  6.8661e+22
1.46641  6.83397e+22
1.58371  6.79709e+22
1.70102  6.75545e+22
1.81832  6.70918e+22
1.93563  6.65841e+22
2.05294  6.60347e+22
2.17024  6.54492e+22
2.28754  6.48343e+22
2.40485  6.41973e+22
2.52216  6.35461e+22
2.63946  6.28849e+22
2.75677  6.22169e+22
2.87407  6.15405e+22
2.99137  6.08507e+22
3.10868  6.01392e+22
3.22599  5.93968e+22
3.34329  5.86148e+22
3.4606  5.77848e+22
3.5779  5.69022e+22
3.69521  5.59671e+22
3.81251  5.49808e+22
3.92982  5.39503e+22
4.04712  5.28842e+22
4.16443  5.17903e+22
4.28173  5.06807e+22
4.39903  4.95635e+22
4.51634  4.84486e+22
4.63364  4.73443e+22
4.75095  4.62592e+22
4.86825  4.52013e+22
4.98556  4.41783e+22
5.10286  4.3196e+22
5.22017  4.22586e+22
5.33748  4.13679e+22
5.45478  4.05223e+22
5.57209  3.97148e+22
5.68939  3.89368e+22
5.8067  3.81749e+22
5.924  3.74158e+22
6.0413  3.66459e+22
6.15861  3.58537e+22
6.27591  3.50301e+22
6.39322  3.41713e+22
6.51052  3.32763e+22
6.62783  3.23481e+22
6.74514  3.1392e+22
6.86244  3.04154e+22
6.97975  2.94248e+22
7.09705  2.84275e+22
7.21436  2.7429e+22
7.33166  2.64351e+22
7.44897  2.54524e+22
7.56627  2.44873e+22
7.68358  2.35476e+22
7.80088  2.26426e+22
7.91819  2.17808e+22
8.03549  2.09712e+22
8.1528  2.02187e+22
8.2701  1.95267e+22
8.38741  1.88928e+22
8.50471  1.83097e+22
8.62202  1.77676e+22
8.73932  1.72518e+22
8.85662  1.67481e+22
8.97393  1.62426e+22
9.09123  1.57256e+22
9.20854  1.51897e+22
9.32584  1.46337e+22
9.44315  1.40618e+22
9.56045  1.34808e+22
9.67776  1.29002e+22
9.79506  1.23314e+22
9.91237  1.17839e+22
10.0297  1.12669e+22
10.147  1.07859e+22
10.2643  1.03456e+22
10.3816  9.94772e+21
10.4989  9.59229e+21
10.6162  9.27843e+21
10.7335  9.00374e+21
10.8508  8.7637e+21
10.9681  8.55387e+21
11.0854  8.3671e+21
11.2027  8.19531e+21
11.32  8.02915e+21
11.4373  7.85902e+21
11.5546  7.67605e+21
11.6719  7.47369e+21
11.7893  7.24784e+21
11.9066  6.9981e+21
12.0239  6.72864e+21
12.1412  6.44636e+21
12.2585  6.16062e+21
12.3758  5.8819e+21
12.4931  5.62003e+21
12.6104  5.38275e+21
12.7277  5.17481e+21
12.845  4.99786e+21
12.9623  4.85004e+21
13.0796  4.72716e+21
13.1969  4.62374e+21
13.3142  4.53339e+21
13.4315  4.45107e+21
13.5488  4.37183e+21
13.6661  4.29372e+21
13.7834  4.21516e+21
13.9007  4.13626e+21
14.018  4.05811e+21
14.1354  3.98246e+21
14.2527  3.91132e+21
14.37  3.84606e+21
14.4873  3.78857e+21
14.6046  3.73965e+21
14.7219  3.69906e+21
14.8392  3.66655e+21
14.9565  3.64012e+21
15.0738  3.61691e+21
15.1911  3.59385e+21
15.3084  3.5675e+21
15.4257  3.53492e+21
15.543  3.49446e+21
15.6603  3.44636e+21
15.7776  3.39263e+21
15.8949  3.33706e+21
16.0122  3.28445e+21
16.1295  3.2397e+21
16.2468  3.20687e+21
16.3641  3.18752e+21
16.4815  3.18032e+21
16.5988  3.18156e+21
16.7161  3.1854e+21
16.8334  3.18464e+21
16.9507  3.17318e+21
17.068  3.14649e+21
17.1853  3.10351e+21
17.3026  3.04599e+21
17.4199  2.97959e+21
17.5372  2.91138e+21
17.6545  2.84878e+21
17.7718  2.7983e+21
17.8891  2.76335e+21
18.0064  2.74444e+21
18.1237  2.73843e+21
18.241  2.74046e+21
18.3583  2.74426e+21
18.4756  2.74434e+21
18.5929  2.73688e+21
18.7102  2.72074e+21
18.8275  2.69712e+21
18.9449  2.66913e+21
19.0622  2.64028e+21
19.1795  2.61359e+21
19.2968  2.59005e+21
19.4141  2.56878e+21
19.5314  2.54715e+21
19.6487  2.52148e+21
19.766  2.48864e+21
19.8833  2.44725e+21
20.0006  2.39842e+21
20.1179  2.34568e+21
20.2352  2.29462e+21
20.3525  2.2515e+21
20.4698  2.22108e+21
20.5871  2.20594e+21
20.7044  2.20438e+21
20.8217  2.21165e+21
20.939  2.21983e+21
21.0563  2.22002e+21
21.1736  2.20434e+21
21.291  2.16804e+21
21.4083  2.1106e+21
21.5256  2.03698e+21
21.6429  1.95612e+21
21.7602  1.8793e+21
21.8775  1.8183e+21
21.9948  1.78201e+21
22.1121  1.77538e+21
22.2294  1.79765e+21
22.3467  1.84289e+21
22.464  1.90064e+21
22.5813  1.95889e+21
22.6986  2.00551e+21
22.8159  2.03171e+21
22.9332  2.03291e+21
23.0505  2.00922e+21
23.1678  1.96554e+21
23.2851  1.90984e+21
23.4024  1.8507e+21
23.5198  1.79681e+21
23.6371  1.75373e+21
23.7544  1.72435e+21
23.8717  1.70824e+21
23.989  1.70234e+21
24.1063  1.70305e+21
24.2236  1.70593e+21
24.3409  1.70789e+21
24.4582  1.70752e+21
24.5755  1.70416e+21
24.6928  1.69872e+21
24.8101  1.69147e+21
24.9274  1.68232e+21
25.0447  1.67007e+21
25.162  1.65253e+21
25.2793  1.62734e+21
25.3966  1.59264e+21
25.5139  1.54845e+21
25.6312  1.49693e+21
25.7485  1.44277e+21
25.8658  1.39276e+21
25.9832  1.35437e+21
26.1005  1.3346e+21
26.2178  1.33804e+21
26.3351  1.3659e+21
26.4524  1.41516e+21
26.5697  1.47928e+21
26.687  1.54832e+21
26.8043  1.61222e+21
26.9216  1.66137e+21
27.0389  1.68918e+21
27.1562  1.69302e+21
27.2735  1.67504e+21
27.3908  1.6411e+21
27.5081  1.60022e+21
27.6254  1.56226e+21
27.7427  1.53617e+21
27.86  1.5283e+21
27.9773  1.54145e+21
28.0946  1.57415e+21
28.212  1.62168e+21
28.3293  1.67695e+21
28.4466  1.73208e+21
28.5639  1.77977e+21
28.6812  1.81419e+21
28.7985  1.83253e+21
28.9158  1.83425e+21
29.0331  1.82111e+21
29.1504  1.79672e+21
29.2677  1.76487e+21
29.385  1.7298e+21
29.5023  1.69458e+21
29.6196  1.6617e+21
29.7369  1.63252e+21
29.8542  1.60769e+21
29.9715  1.58762e+21
30.0888  1.57227e+21
30.2061  1.56175e+21
30.3234  1.55606e+21
30.4407  1.55469e+21
30.558  1.55681e+21
30.6754  1.56121e+21
30.7927  1.56577e+21
30.91  1.56808e+21
31.0273  1.56587e+21
31.1446  1.55729e+21
31.2619  1.54139e+21
31.3792  1.51814e+21
31.4965  1.48959e+21
31.6138  1.45827e+21
31.7311  1.42827e+21
31.8484  1.40367e+21
31.9657  1.38834e+21
32.083  1.38513e+21
32.2003  1.39524e+21
32.3176  1.41859e+21
32.4349  1.45254e+21
32.5522  1.49333e+21
32.6695  1.53581e+21
32.7868  1.57404e+21
32.9042  1.60282e+21
33.0215  1.61764e+21
33.1388  1.61614e+21
33.2561  1.59843e+21
33.3734  1.56679e+21
33.4907  1.52638e+21
33.608  1.48367e+21
33.7253  1.44626e+21
33.8426  1.42113e+21
33.9599  1.41359e+21
34.0772  1.42593e+21
34.1945  1.45704e+21
34.3118  1.50198e+21
34.4291  1.55314e+21
34.5464  1.60078e+21
34.6637  1.63558e+21
34.781  1.64968e+21
34.8983  1.63851e+21
35.0156  1.60222e+21
35.1329  1.54501e+21
35.2503  1.475e+21
35.3676  1.40255e+21
35.4849  1.33795e+21
35.6022  1.28973e+21
35.7195  1.26334e+21
35.8368  1.25945e+21
35.9541  1.27469e+21
36.0714  1.30249e+21
36.1887  1.33469e+21
36.306  1.36323e+21
36.4233  1.38255e+21
36.5406  1.3897e+21
36.6579  1.38547e+21
36.7752  1.37308e+21
36.8925  1.35743e+21
37.0098  1.34333e+21
37.1271  1.33391e+21
37.2444  1.32985e+21
37.3617  1.32987e+21
37.479  1.33015e+21
37.5964  1.32693e+21
37.7137  1.31702e+21
37.831  1.29976e+21
37.9483  1.27748e+21
38.0656  1.25445e+21
38.1829  1.23728e+21
38.3002  1.23182e+21
38.4175  1.24218e+21
38.5348  1.26913e+21
38.6521  1.30925e+21
38.7694  1.35553e+21
38.8867  1.39865e+21
39.004  1.42883e+21
39.1213  1.43871e+21
39.2386  1.42475e+21
39.3559  1.38879e+21
39.4732  1.33772e+21
39.5905  1.28225e+21
39.7078  1.23495e+21
39.8251  1.207e+21
39.9425  1.20619e+21
40.0598  1.23495e+21
40.1771  1.28927e+21
40.2944  1.36023e+21
40.4117  1.43547e+21
40.529  1.50176e+21
40.6463  1.54793e+21
40.7636  1.56715e+21
40.8809  1.55824e+21
40.9982  1.5257e+21
41.1155  1.47877e+21
41.2328  1.42874e+21
41.3501  1.38687e+21
41.4674  1.36196e+21
41.5847  1.35843e+21
41.702  1.37644e+21
41.8193  1.4108e+21
41.9366  1.45434e+21
42.0539  1.49836e+21
42.1712  1.53521e+21
42.2885  1.55993e+21
42.4059  1.57086e+21
42.5232  1.56968e+21
42.6405  1.56123e+21
42.7578  1.55035e+21
42.8751  1.54238e+21
42.9924  1.54019e+21
43.1097  1.54461e+21
43.227  1.5538e+21
43.3443  1.56425e+21
43.4616  1.57181e+21
43.5789  1.5731e+21
43.6962  1.56627e+21
43.8135  1.5521e+21
43.9308  1.53333e+21
44.0481  1.5141e+21
44.1654  1.49883e+21
44.2827  1.49082e+21
44.4  1.49138e+21
44.5173  1.49909e+21
44.6347  1.51051e+21
44.752  1.52076e+21
44.8693  1.52439e+21
44.9866  1.51772e+21
45.1039  1.49952e+21
45.2212  1.47156e+21
45.3385  1.43834e+21
45.4558  1.40642e+21
45.5731  1.38289e+21
45.6904  1.37333e+21
45.8077  1.38131e+21
45.925  1.40636e+21
46.0423  1.44459e+21
46.1596  1.48963e+21
46.2769  1.53317e+21
46.3942  1.56792e+21
46.5115  1.58781e+21
46.6288  1.5903e+21
46.7461  1.57632e+21
46.8634  1.54983e+21
46.9808  1.51716e+21
47.0981  1.48505e+21
47.2154  1.45945e+21
47.3327  1.44462e+21
47.45  1.44162e+21
47.5673  1.44934e+21
47.6846  1.46383e+21
47.8019  1.48084e+21
47.9192  1.49549e+21
48.0365  1.50427e+21
48.1538  1.50506e+21
48.2711  1.49762e+21
48.3884  1.48291e+21
48.5057  1.46338e+21
48.623  1.44126e+21
48.7403  1.41891e+21
48.8576  1.39802e+21
48.9749  1.37925e+21
49.0922  1.36294e+21
49.2095  1.34879e+21
49.3269  1.33642e+21
49.4442  1.32533e+21
49.5615  1.31514e+21
49.6788  1.30524e+21
49.7961  1.29535e+21
49.9134  1.28475e+21
50.0307  1.27246e+21
50.148  1.2579e+21
50.2653  1.24018e+21
50.3826  1.21882e+21
50.4999  1.19427e+21
50.6172  1.16696e+21
50.7345  1.13816e+21
50.8518  1.10956e+21
50.9691  1.0828e+21
51.0864  1.05996e+21
51.2037  1.04247e+21
51.321  1.0315e+21
51.4383  1.02844e+21
51.5556  1.03393e+21
51.673  1.04826e+21
51.7903  1.07115e+21
51.9076  1.10151e+21
52.0249  1.13748e+21
52.1422  1.17601e+21
52.2595  1.21339e+21
52.3768  1.24504e+21
52.4941  1.26706e+21
52.6114  1.27625e+21
52.7287  1.27144e+21
52.846  1.2537e+21
52.9633  1.22666e+21
53.0806  1.19566e+21
53.1979  1.1677e+21
53.3152  1.149e+21
53.4325  1.14455e+21
53.5498  1.15656e+21
53.6671  1.18355e+21
53.7844  1.22105e+21
53.9017  1.26224e+21
54.0191  1.29915e+21
54.1364  1.32481e+21
54.2537  1.33451e+21
54.371  1.32701e+21
54.4883  1.30498e+21
54.6056  1.27394e+21
54.7229  1.24124e+21
54.8402  1.21443e+21
54.9575  1.19911e+21
55.0748  1.19779e+21
55.1921  1.20992e+21
55.3094  1.23118e+21
55.4267  1.2556e+21
55.544  1.27693e+21
55.6613  1.28986e+21
55.7786  1.29231e+21
55.8959  1.28502e+21
56.0132  1.27174e+21
56.1305  1.25836e+21
56.2478  1.25085e+21
56.3651  1.2538e+21
56.4825  1.26913e+21
56.5998  1.2952e+21
56.7171  1.32759e+21
56.8344  1.35972e+21
56.9517  1.38463e+21
57.069  1.39669e+21
57.1863  1.39358e+21
57.3036  1.37648e+21
57.4209  1.3506e+21
57.5382  1.3236e+21
57.6555  1.30414e+21
57.7728  1.29993e+21
57.8901  1.31571e+21
58.0074  1.35228e+21
58.1247  1.40598e+21
58.242  1.4695e+21
58.3593  1.53318e+21
58.4766  1.58755e+21
58.5939  1.62496e+21
