#S 1 spectral density
#N 2
#UFWHM 23.9302
#L  abscissas [um]  spectral density
-58.5938  2.79728e+20
-58.4764  2.66209e+20
-58.3591  2.49707e+20
-58.2418  2.34111e+20
-58.1245  2.23037e+20
-58.0072  2.19172e+20
-57.8899  2.23445e+20
-57.7726  2.34791e+20
-57.6553  2.50529e+20
-57.538  2.66769e+20
-57.4207  2.79757e+20
-57.3034  2.86506e+20
-57.1861  2.85516e+20
-57.0688  2.77263e+20
-56.9515  2.64249e+20
-56.8342  2.49546e+20
-56.7169  2.3701e+20
-56.5996  2.29336e+20
-56.4823  2.27986e+20
-56.365  2.3231e+20
-56.2477  2.40074e+20
-56.1303  2.47988e+20
-56.013  2.52611e+20
-55.8957  2.51318e+20
-55.7784  2.43341e+20
-55.6611  2.29837e+20
-55.5438  2.14024e+20
-55.4265  2.00095e+20
-55.3092  1.92658e+20
-55.1919  1.95228e+20
-55.0746  2.09119e+20
-54.9573  2.33614e+20
-54.84  2.65481e+20
-54.7227  3.002e+20
-54.6054  3.3247e+20
-54.4881  3.57957e+20
-54.3708  3.73979e+20
-54.2535  3.80139e+20
-54.1362  3.78213e+20
-54.0189  3.71387e+20
-53.9016  3.63389e+20
-53.7842  3.57228e+20
-53.6669  3.54611e+20
-53.5496  3.55246e+20
-53.4323  3.57247e+20
-53.315  3.58006e+20
-53.1977  3.5482e+20
-53.0804  3.4629e+20
-52.9631  3.32704e+20
-52.8458  3.16004e+20
-52.7285  2.9974e+20
-52.6112  2.87431e+20
-52.4939  2.8198e+20
-52.3766  2.84407e+20
-52.2593  2.93355e+20
-52.142  3.05278e+20
-52.0247  3.15473e+20
-51.9074  3.18989e+20
-51.7901  3.12306e+20
-51.6728  2.94497e+20
-51.5555  2.67431e+20
-51.4381  2.35874e+20
-51.3208  2.06139e+20
-51.2035  1.84664e+20
-51.0862  1.76596e+20
-50.9689  1.84349e+20
-50.8516  2.07e+20
-50.7343  2.40604e+20
-50.617  2.79043e+20
-50.4997  3.15712e+20
-50.3824  3.448e+20
-50.2651  3.62817e+20
-50.1478  3.69076e+20
-50.0305  3.6556e+20
-49.9132  3.56053e+20
-49.7959  3.44898e+20
-49.6786  3.35685e+20
-49.5613  3.30333e+20
-49.444  3.28838e+20
-49.3267  3.29266e+20
-49.2094  3.28956e+20
-49.092  3.25414e+20
-48.9747  3.17341e+20
-48.8574  3.05388e+20
-48.7401  2.91678e+20
-48.6228  2.79798e+20
-48.5055  2.73285e+20
-48.3882  2.74611e+20
-48.2709  2.84523e+20
-48.1536  3.01138e+20
-48.0363  3.2107e+20
-47.919  3.39583e+20
-47.8017  3.52216e+20
-47.6844  3.55948e+20
-47.5671  3.50158e+20
-47.4498  3.3645e+20
-47.3325  3.1902e+20
-47.2152  3.02747e+20
-47.0979  2.92516e+20
-46.9806  2.91474e+20
-46.8633  3.00626e+20
-46.7459  3.18206e+20
-46.6286  3.40428e+20
-46.5113  3.62346e+20
-46.394  3.7914e+20
-46.2767  3.87544e+20
-46.1594  3.86516e+20
-46.0421  3.77257e+20
-45.9248  3.6329e+20
-45.8075  3.48869e+20
-45.6902  3.37885e+20
-45.5729  3.33223e+20
-45.4556  3.35329e+20
-45.3383  3.4273e+20
-45.221  3.51919e+20
-45.1037  3.58904e+20
-44.9864  3.59977e+20
-44.8691  3.53155e+20
-44.7518  3.38479e+20
-44.6345  3.18331e+20
-44.5172  2.96832e+20
-44.3998  2.78907e+20
-44.2825  2.69301e+20
-44.1652  2.70929e+20
-44.0479  2.84796e+20
-43.9306  3.09416e+20
-43.8133  3.41186e+20
-43.696  3.75422e+20
-43.5787  4.0736e+20
-43.4614  4.33006e+20
-43.3441  4.5019e+20
-43.2268  4.58565e+20
-43.1095  4.59614e+20
-42.9922  4.56117e+20
-42.8749  4.508e+20
-42.7576  4.4613e+20
-42.6403  4.43443e+20
-42.523  4.42561e+20
-42.4057  4.42316e+20
-42.2884  4.41063e+20
-42.171  4.37149e+20
-42.0537  4.29882e+20
-41.9364  4.1956e+20
-41.8191  4.07665e+20
-41.7018  3.96434e+20
-41.5845  3.88142e+20
-41.4672  3.84284e+20
-41.3499  3.85098e+20
-41.2326  3.8927e+20
-41.1153  3.93947e+20
-40.998  3.95739e+20
-40.8807  3.91389e+20
-40.7634  3.78877e+20
-40.6461  3.58159e+20
-40.5288  3.31393e+20
-40.4115  3.02799e+20
-40.2942  2.77776e+20
-40.1769  2.61773e+20
-40.0596  2.5898e+20
-39.9423  2.71143e+20
-39.825  2.97502e+20
-39.7076  3.34526e+20
-39.5903  3.76718e+20
-39.473  4.17967e+20
-39.3557  4.52588e+20
-39.2384  4.76916e+20
-39.1211  4.89523e+20
-39.0038  4.91598e+20
-38.8865  4.86475e+20
-38.7692  4.77987e+20
-38.6519  4.70226e+20
-38.5346  4.6573e+20
-38.4173  4.65416e+20
-38.3  4.68265e+20
-38.1827  4.72084e+20
-38.0654  4.74294e+20
-37.9481  4.73123e+20
-37.8308  4.67904e+20
-37.7135  4.6e+20
-37.5962  4.51929e+20
-37.4789  4.46982e+20
-37.3615  4.48178e+20
-37.2442  4.57061e+20
-37.1269  4.733e+20
-37.0096  4.94353e+20
-36.8923  5.16341e+20
-36.775  5.34789e+20
-36.6577  5.45823e+20
-36.5404  5.47646e+20
-36.4231  5.40538e+20
-36.3058  5.27292e+20
-36.1885  5.12447e+20
-36.0712  5.00986e+20
-35.9539  4.97134e+20
-35.8366  5.03081e+20
-35.7193  5.1851e+20
-35.602  5.40536e+20
-35.4847  5.64589e+20
-35.3674  5.85434e+20
-35.2501  5.98837e+20
-35.1328  6.02513e+20
-35.0154  5.96623e+20
-34.8981  5.84147e+20
-34.7808  5.69195e+20
-34.6635  5.56571e+20
-34.5462  5.49967e+20
-34.4289  5.50891e+20
-34.3116  5.58397e+20
-34.1943  5.69411e+20
-34.077  5.79495e+20
-33.9597  5.84091e+20
-33.8424  5.80331e+20
-33.7251  5.6765e+20
-33.6078  5.48336e+20
-33.4905  5.268e+20
-33.3732  5.09053e+20
-33.2559  5.00916e+20
-33.1386  5.0609e+20
-33.0213  5.2622e+20
-32.904  5.59413e+20
-32.7867  6.01282e+20
-32.6693  6.45824e+20
-32.552  6.86623e+20
-32.4347  7.18593e+20
-32.3174  7.38917e+20
-32.2001  7.47214e+20
-32.0828  7.45789e+20
-31.9655  7.38424e+20
-31.8482  7.29405e+20
-31.7309  7.21909e+20
-31.6136  7.17968e+20
-31.4963  7.17398e+20
-31.379  7.18884e+20
-31.2617  7.20052e+20
-31.1444  7.18908e+20
-31.0271  7.14489e+20
-30.9098  7.07169e+20
-30.7925  6.98953e+20
-30.6752  6.92472e+20
-30.5579  6.90117e+20
-30.4406  6.93692e+20
-30.3232  7.02991e+20
-30.2059  7.16109e+20
-30.0886  7.29494e+20
-29.9713  7.39061e+20
-29.854  7.41501e+20
-29.7367  7.34903e+20
-29.6194  7.19936e+20
-29.5021  6.99871e+20
-29.3848  6.79877e+20
-29.2675  6.66331e+20
-29.1502  6.64818e+20
-29.0329  6.79516e+20
-28.9156  7.11529e+20
-28.7983  7.58826e+20
-28.681  8.1691e+20
-28.5637  8.7933e+20
-28.4464  9.39123e+20
-28.3291  9.90625e+20
-28.2118  1.03013e+21
-28.0944  1.05627e+21
-27.9771  1.07097e+21
-27.8598  1.07699e+21
-27.7425  1.07863e+21
-27.6252  1.07908e+21
-27.5079  1.08093e+21
-27.3906  1.08468e+21
-27.2733  1.08958e+21
-27.156  1.09387e+21
-27.0387  1.09568e+21
-26.9214  1.09442e+21
-26.8041  1.09067e+21
-26.6868  1.08669e+21
-26.5695  1.08581e+21
-26.4522  1.09189e+21
-26.3349  1.10775e+21
-26.2176  1.13489e+21
-26.1003  1.17251e+21
-25.983  1.21759e+21
-25.8657  1.2655e+21
-25.7483  1.31093e+21
-25.631  1.34929e+21
-25.5137  1.3777e+21
-25.3964  1.39518e+21
-25.2791  1.40347e+21
-25.1618  1.40632e+21
-25.0445  1.40822e+21
-24.9272  1.41369e+21
-24.8099  1.42619e+21
-24.6926  1.44732e+21
-24.5753  1.47635e+21
-24.458  1.51142e+21
-24.3407  1.54972e+21
-24.2234  1.5884e+21
-24.1061  1.62608e+21
-23.9888  1.66274e+21
-23.8715  1.70003e+21
-23.7542  1.74003e+21
-23.6369  1.7861e+21
-23.5196  1.83958e+21
-23.4023  1.9011e+21
-23.2849  1.96922e+21
-23.1676  2.04075e+21
-23.0503  2.11205e+21
-22.933  2.17962e+21
-22.8157  2.24181e+21
-22.6984  2.29899e+21
-22.5811  2.35462e+21
-22.4638  2.41443e+21
-22.3465  2.48503e+21
-22.2292  2.57334e+21
-22.1119  2.68423e+21
-21.9946  2.81971e+21
-21.8773  2.97823e+21
-21.76  3.15473e+21
-21.6427  3.34109e+21
-21.5254  3.52813e+21
-21.4081  3.70686e+21
-21.2908  3.87011e+21
-21.1735  4.01245e+21
-21.0561  4.13279e+21
-20.9388  4.23199e+21
-20.8215  4.31335e+21
-20.7042  4.38141e+21
-20.5869  4.44082e+21
-20.4696  4.4966e+21
-20.3523  4.55306e+21
-20.235  4.61483e+21
-20.1177  4.68695e+21
-20.0004  4.77562e+21
-19.8831  4.88766e+21
-19.7658  5.03023e+21
-19.6485  5.21093e+21
-19.5312  5.43514e+21
-19.4139  5.70496e+21
-19.2966  6.0195e+21
-19.1793  6.37256e+21
-19.062  6.75424e+21
-18.9447  7.15177e+21
-18.8274  7.55177e+21
-18.71  7.9406e+21
-18.5927  8.30888e+21
-18.4754  8.64966e+21
-18.3581  8.9621e+21
-18.2408  9.24872e+21
-18.1235  9.517e+21
-18.0062  9.77494e+21
-17.8889  1.00332e+22
-17.7716  1.03013e+22
-17.6543  1.05887e+22
-17.537  1.09045e+22
-17.4197  1.12576e+22
-17.3024  1.16562e+22
-17.1851  1.211e+22
-17.0678  1.26281e+22
-16.9505  1.32179e+22
-16.8332  1.38858e+22
-16.7159  1.46328e+22
-16.5986  1.54562e+22
-16.4813  1.63466e+22
-16.364  1.72895e+22
-16.2466  1.8266e+22
-16.1293  1.92546e+22
-16.012  2.02343e+22
-15.8947  2.11863e+22
-15.7774  2.20969e+22
-15.6601  2.29579e+22
-15.5428  2.37674e+22
-15.4255  2.45288e+22
-15.3082  2.52499e+22
-15.1909  2.59395e+22
-15.0736  2.66086e+22
-14.9563  2.72674e+22
-14.839  2.79247e+22
-14.7217  2.85885e+22
-14.6044  2.92659e+22
-14.4871  2.99635e+22
-14.3698  3.06863e+22
-14.2525  3.14404e+22
-14.1352  3.22281e+22
-14.0178  3.3051e+22
-13.9005  3.3906e+22
-13.7832  3.4787e+22
-13.6659  3.56831e+22
-13.5486  3.65818e+22
-13.4313  3.74674e+22
-13.314  3.83259e+22
-13.1967  3.9145e+22
-13.0794  3.99163e+22
-12.9621  4.06364e+22
-12.8448  4.13063e+22
-12.7275  4.19313e+22
-12.6102  4.25192e+22
-12.4929  4.30795e+22
-12.3756  4.36206e+22
-12.2583  4.41504e+22
-12.141  4.46749e+22
-12.0237  4.5199e+22
-11.9064  4.57266e+22
-11.7891  4.62613e+22
-11.6718  4.68083e+22
-11.5544  4.73726e+22
-11.4371  4.79592e+22
-11.3198  4.85727e+22
-11.2025  4.92162e+22
-11.0852  4.98897e+22
-10.9679  5.05899e+22
-10.8506  5.13101e+22
-10.7333  5.20414e+22
-10.616  5.27741e+22
-10.4987  5.34984e+22
-10.3814  5.42064e+22
-10.2641  5.48944e+22
-10.1468  5.55608e+22
-10.0295  5.62088e+22
-9.91217  5.68433e+22
-9.79487  5.74699e+22
-9.67756  5.80944e+22
-9.56026  5.87215e+22
-9.44295  5.93533e+22
-9.32565  5.99895e+22
-9.20834  6.06289e+22
-9.09104  6.12691e+22
-8.97373  6.19074e+22
-8.85643  6.25421e+22
-8.73913  6.31732e+22
-8.62182  6.38007e+22
-8.50452  6.44256e+22
-8.38721  6.5048e+22
-8.26991  6.56681e+22
-8.1526  6.62844e+22
-8.03529  6.68948e+22
-7.91799  6.74963e+22
-7.80069  6.80867e+22
-7.68338  6.86644e+22
-7.56608  6.92304e+22
-7.44877  6.97877e+22
-7.33146  7.03402e+22
-7.21416  7.08938e+22
-7.09685  7.14529e+22
-6.97955  7.20212e+22
-6.86224  7.25997e+22
-6.74494  7.31855e+22
-6.62763  7.37738e+22
-6.51033  7.43575e+22
-6.39302  7.49289e+22
-6.27572  7.54815e+22
-6.15842  7.60107e+22
-6.04111  7.65147e+22
-5.92381  7.69952e+22
-5.8065  7.74559e+22
-5.68919  7.79019e+22
-5.57189  7.83385e+22
-5.45458  7.87696e+22
-5.33728  7.91974e+22
-5.21997  7.96215e+22
-5.10267  8.00405e+22
-4.98536  8.04513e+22
-4.86806  8.08523e+22
-4.75075  8.12424e+22
-4.63345  8.1623e+22
-4.51614  8.19962e+22
-4.39884  8.23667e+22
-4.28154  8.27373e+22
-4.16423  8.31116e+22
-4.04692  8.34895e+22
-3.92962  8.38697e+22
-3.81231  8.42477e+22
-3.69501  8.46178e+22
-3.5777  8.49745e+22
-3.4604  8.5313e+22
-3.34309  8.56305e+22
-3.22579  8.59275e+22
-3.10849  8.62061e+22
-2.99118  8.64703e+22
-2.87387  8.67248e+22
-2.75657  8.69733e+22
-2.63926  8.72176e+22
-2.52196  8.74575e+22
-2.40465  8.76907e+22
-2.28735  8.7914e+22
-2.17005  8.81239e+22
-2.05274  8.83178e+22
-1.93544  8.84947e+22
-1.81813  8.86561e+22
-1.70083  8.88045e+22
-1.58352  8.8943e+22
-1.46622  8.90742e+22
-1.34891  8.9199e+22
-1.2316  8.9317e+22
-1.1143  8.94247e+22
-0.996995  8.95184e+22
-0.87969  8.95938e+22
-0.762385  8.96479e+22
-0.64508  8.96807e+22
-0.527775  8.96938e+22
-0.41047  8.96926e+22
-0.293165  8.96833e+22
-0.17586  8.96728e+22
-0.058555  8.96662e+22
0.05875  8.96662e+22
0.176055  8.96717e+22
0.29336  8.96797e+22
0.410665  8.96833e+22
0.52797  8.9676e+22
0.645275  8.96519e+22
0.76258  8.9607e+22
0.879885  8.95399e+22
0.99719  8.94524e+22
1.1145  8.93483e+22
1.2318  8.92316e+22
1.3491  8.91066e+22
1.46641  8.89755e+22
1.58371  8.88384e+22
1.70102  8.86931e+22
1.81832  8.85372e+22
1.93563  8.83669e+22
2.05294  8.81804e+22
2.17024  8.79769e+22
2.28754  8.77582e+22
2.40485  8.75272e+22
2.52216  8.72876e+22
2.63946  8.70421e+22
2.75677  8.67927e+22
2.87407  8.65387e+22
2.99137  8.62774e+22
3.10868  8.60046e+22
3.22599  8.57159e+22
3.34329  8.54075e+22
3.4606  8.50779e+22
3.5779  8.47284e+22
3.69521  8.43624e+22
3.81251  8.39851e+22
3.92982  8.36029e+22
4.04712  8.32205e+22
4.16443  8.28414e+22
4.28173  8.24664e+22
4.39903  8.20943e+22
4.51634  8.17212e+22
4.63364  8.13433e+22
4.75095  8.0957e+22
4.86825  8.05602e+22
4.98556  8.01527e+22
5.10286  7.97361e+22
5.22017  7.93127e+22
5.33748  7.8885e+22
5.45478  7.84544e+22
5.57209  7.80197e+22
5.68939  7.75783e+22
5.8067  7.71253e+22
5.924  7.66553e+22
6.0413  7.61635e+22
6.15861  7.56471e+22
6.27591  7.51054e+22
6.39322  7.45417e+22
6.51052  7.39616e+22
6.62783  7.33724e+22
6.74514  7.27817e+22
6.86244  7.21959e+22
6.97975  7.16194e+22
7.09705  7.10528e+22
7.21436  7.04944e+22
7.33166  6.994e+22
7.44897  6.93841e+22
7.56627  6.8822e+22
7.68358  6.82494e+22
7.80088  6.76646e+22
7.91819  6.70679e+22
8.03549  6.6461e+22
8.1528  6.58464e+22
8.2701  6.52268e+22
8.38741  6.46042e+22
8.50471  6.39792e+22
8.62202  6.3352e+22
8.73932  6.27215e+22
8.85662  6.20872e+22
8.97393  6.14497e+22
9.09123  6.08096e+22
9.20854  6.01694e+22
9.32584  5.95313e+22
9.44315  5.88978e+22
9.56045  5.82694e+22
9.67776  5.76452e+22
9.79506  5.70216e+22
9.91237  5.63938e+22
10.0297  5.57553e+22
10.147  5.51001e+22
10.2643  5.44244e+22
10.3816  5.37274e+22
10.4989  5.30107e+22
10.6162  5.2281e+22
10.7335  5.15466e+22
10.8508  5.08176e+22
10.9681  5.01038e+22
11.0854  4.94129e+22
11.2027  4.87512e+22
11.32  4.81195e+22
11.4373  4.75172e+22
11.5546  4.69406e+22
11.6719  4.63849e+22
11.7893  4.58445e+22
11.9066  4.53142e+22
12.0239  4.47898e+22
12.1412  4.42671e+22
12.2585  4.37414e+22
12.3758  4.32076e+22
12.4931  4.26585e+22
12.6104  4.20862e+22
12.7277  4.14812e+22
12.845  4.08351e+22
12.9623  4.0141e+22
13.0796  3.93958e+22
13.1969  3.85999e+22
13.3142  3.77596e+22
13.4315  3.68848e+22
13.5488  3.59888e+22
13.6661  3.50868e+22
13.7834  3.41936e+22
13.9007  3.33205e+22
14.018  3.24769e+22
14.1354  3.16672e+22
14.2527  3.08929e+22
14.37  3.01512e+22
14.4873  2.94389e+22
14.6046  2.87493e+22
14.7219  2.80769e+22
14.8392  2.74151e+22
14.9565  2.67564e+22
15.0738  2.60927e+22
15.1911  2.54147e+22
15.3084  2.47122e+22
15.4257  2.39757e+22
15.543  2.31964e+22
15.6603  2.23677e+22
15.7776  2.14893e+22
15.8949  2.05652e+22
16.0122  1.96056e+22
16.1295  1.86264e+22
16.2468  1.76474e+22
16.3641  1.66899e+22
16.4815  1.57739e+22
16.5988  1.49169e+22
16.7161  1.41314e+22
16.8334  1.34237e+22
16.9507  1.27951e+22
17.068  1.22418e+22
17.1853  1.1757e+22
17.3026  1.13323e+22
17.4199  1.0959e+22
17.5372  1.06275e+22
17.6545  1.03296e+22
17.7718  1.00564e+22
17.8891  9.7991e+21
18.0064  9.5481e+21
18.1237  9.2929e+21
18.241  9.02429e+21
18.3583  8.734e+21
18.4756  8.41631e+21
18.5929  8.07001e+21
18.7102  7.69838e+21
18.8275  7.30916e+21
18.9449  6.91385e+21
19.0622  6.52556e+21
19.1795  6.15868e+21
19.2968  5.82476e+21
19.4141  5.53191e+21
19.5314  5.28386e+21
19.6487  5.08112e+21
19.766  4.91949e+21
19.8833  4.79226e+21
20.0006  4.69254e+21
20.1179  4.61269e+21
20.2352  4.54604e+21
20.3525  4.48736e+21
20.4698  4.43196e+21
20.5871  4.3754e+21
20.7044  4.31291e+21
20.8217  4.24018e+21
20.939  4.15234e+21
21.0563  4.04531e+21
21.1736  3.91679e+21
21.291  3.76647e+21
21.4083  3.59759e+21
21.5256  3.41583e+21
21.6429  3.22966e+21
21.7602  3.04834e+21
21.8775  2.88075e+21
21.9948  2.73354e+21
22.1121  2.61053e+21
22.2294  2.5117e+21
22.3467  2.43329e+21
22.464  2.36931e+21
22.5813  2.31279e+21
22.6986  2.25718e+21
22.8159  2.19757e+21
22.9332  2.13219e+21
23.0505  2.06166e+21
23.1678  1.9889e+21
23.2851  1.91775e+21
23.4024  1.85198e+21
23.5198  1.79394e+21
23.6371  1.74474e+21
23.7544  1.70271e+21
23.8717  1.66597e+21
23.989  1.63114e+21
24.1063  1.59617e+21
24.2236  1.55993e+21
24.3409  1.52309e+21
24.4582  1.48769e+21
24.5755  1.45649e+21
24.6928  1.43211e+21
24.8101  1.41613e+21
24.9274  1.40797e+21
25.0447  1.40529e+21
25.162  1.40417e+21
25.2793  1.39984e+21
25.3966  1.38802e+21
25.5139  1.36589e+21
25.6312  1.3328e+21
25.7485  1.29068e+21
25.8658  1.24322e+21
25.9832  1.19548e+21
26.1005  1.15298e+21
26.2178  1.11933e+21
26.3351  1.09671e+21
26.4524  1.08496e+21
26.5697  1.08189e+21
26.687  1.08413e+21
26.8043  1.08798e+21
26.9216  1.09057e+21
27.0389  1.09036e+21
27.1562  1.0873e+21
27.2735  1.08275e+21
27.3908  1.07837e+21
27.5081  1.07542e+21
27.6254  1.07444e+21
27.7427  1.07387e+21
27.86  1.07066e+21
27.9773  1.06116e+21
28.0946  1.04162e+21
28.212  1.00961e+21
28.3293  9.64771e+20
28.4466  9.09326e+20
28.5639  8.48135e+20
28.6812  7.87481e+20
28.7985  7.33973e+20
28.9158  6.93315e+20
29.0331  6.692e+20
29.1504  6.61995e+20
29.2677  6.69258e+20
29.385  6.86245e+20
29.5023  7.06627e+20
29.6196  7.24747e+20
29.7369  7.36137e+20
29.8542  7.38669e+20
29.9715  7.328e+20
30.0888  7.21036e+20
30.2061  7.07384e+20
30.3234  6.95542e+20
30.4407  6.88493e+20
30.558  6.8748e+20
30.6754  6.91854e+20
30.7927  6.99669e+20
30.91  7.08068e+20
31.0273  7.14697e+20
31.1446  7.18245e+20
31.2619  7.18805e+20
31.3792  7.17748e+20
31.4965  7.17217e+20
31.6138  7.19344e+20
31.7311  7.24829e+20
31.8484  7.33084e+20
31.9657  7.4159e+20
32.083  7.46551e+20
32.2003  7.4392e+20
32.3176  7.30573e+20
32.4349  7.05225e+20
32.5522  6.69127e+20
32.6695  6.26206e+20
32.7868  5.82178e+20
32.9042  5.4326e+20
33.0215  5.15185e+20
33.1388  5.01165e+20
33.2561  5.01918e+20
33.3734  5.1481e+20
33.4907  5.35023e+20
33.608  5.56542e+20
33.7253  5.73915e+20
33.8426  5.8326e+20
33.9599  5.8337e+20
34.0772  5.75874e+20
34.1945  5.64463e+20
34.3118  5.53739e+20
34.4291  5.47908e+20
34.5464  5.49427e+20
34.6637  5.58371e+20
34.781  5.72311e+20
34.8983  5.87079e+20
35.0156  5.97889e+20
35.1329  6.00871e+20
35.2503  5.94038e+20
35.3676  5.77948e+20
35.4849  5.55952e+20
35.6022  5.32545e+20
35.7195  5.12869e+20
35.8368  5.011e+20
35.9541  4.99194e+20
36.0714  5.06478e+20
36.1887  5.19845e+20
36.306  5.34632e+20
36.4233  5.45902e+20
36.5406  5.49603e+20
36.6579  5.43861e+20
36.7752  5.2911e+20
36.8925  5.08312e+20
37.0098  4.85702e+20
37.1271  4.65715e+20
37.2444  4.51842e+20
37.3617  4.4587e+20
37.479  4.47264e+20
37.5964  4.53897e+20
37.7137  4.62331e+20
37.831  4.69465e+20
37.9483  4.73132e+20
38.0656  4.72764e+20
38.1829  4.69419e+20
38.3002  4.65559e+20
38.4175  4.63668e+20
38.5348  4.65607e+20
38.6521  4.71709e+20
38.7694  4.80404e+20
38.8867  4.88137e+20
39.004  4.90969e+20
39.1213  4.84862e+20
39.2386  4.67308e+20
39.3559  4.38211e+20
39.4732  4.00034e+20
39.5905  3.57574e+20
39.7078  3.16772e+20
39.8251  2.83914e+20
39.9425  2.6372e+20
40.0598  2.58596e+20
40.1771  2.68176e+20
40.2944  2.89196e+20
40.4117  3.16667e+20
40.529  3.44954e+20
40.6463  3.69002e+20
40.7636  3.85478e+20
40.8809  3.93222e+20
40.9982  3.93506e+20
41.1155  3.89133e+20
41.2328  3.8381e+20
41.3501  3.80718e+20
41.4674  3.82085e+20
41.5847  3.88424e+20
41.702  3.98832e+20
41.8193  4.11128e+20
41.9366  4.22944e+20
42.0539  4.3222e+20
42.1712  4.38091e+20
42.2885  4.40751e+20
42.4059  4.41484e+20
42.5232  4.42029e+20
42.6405  4.44124e+20
42.7578  4.48384e+20
42.8751  4.54096e+20
42.9924  4.59388e+20
43.1097  4.61558e+20
43.227  4.57534e+20
43.3443  4.45197e+20
43.4616  4.23905e+20
43.5789  3.94794e+20
43.6962  3.61016e+20
43.8135  3.27154e+20
43.9308  2.98014e+20
44.0481  2.77873e+20
44.1654  2.69406e+20
44.2827  2.72988e+20
44.4  2.86575e+20
44.5173  3.06387e+20
44.6347  3.27593e+20
44.752  3.45511e+20
44.8693  3.56776e+20
44.9866  3.6e+20
45.1039  3.56063e+20
45.2212  3.47857e+20
45.3385  3.39158e+20
45.4558  3.33705e+20
45.5731  3.34142e+20
45.6904  3.41196e+20
45.8077  3.53494e+20
45.925  3.67781e+20
46.0423  3.79929e+20
46.1596  3.85988e+20
46.2769  3.83601e+20
46.3942  3.723e+20
46.5115  3.53923e+20
46.6288  3.32419e+20
46.7461  3.12437e+20
46.8634  2.98458e+20
46.9808  2.93445e+20
47.0981  2.98019e+20
47.2154  3.1045e+20
47.3327  3.26921e+20
47.45  3.4257e+20
47.5673  3.52751e+20
47.6846  3.5455e+20
47.8019  3.46989e+20
47.9192  3.31599e+20
48.0365  3.12194e+20
48.1538  2.93153e+20
48.2711  2.7873e+20
48.3884  2.71921e+20
48.5057  2.73519e+20
48.623  2.82108e+20
48.7403  2.94824e+20
48.8576  3.08162e+20
48.9749  3.18959e+20
49.0922  3.25443e+20
49.2095  3.27808e+20
49.3269  3.27733e+20
49.4442  3.27894e+20
49.5615  3.30608e+20
49.6788  3.37236e+20
49.7961  3.47141e+20
49.9134  3.57759e+20
50.0307  3.65219e+20
50.148  3.6524e+20
50.2653  3.547e+20
50.3826  3.32533e+20
50.4999  3.00515e+20
50.6172  2.63025e+20
50.7345  2.26327e+20
50.8518  1.97031e+20
50.9691  1.80424e+20
51.0864  1.79484e+20
51.2037  1.93781e+20
51.321  2.19711e+20
51.4383  2.51365e+20
51.5556  2.82011e+20
51.673  3.057e+20
51.7903  3.18685e+20
51.9076  3.20108e+20
52.0249  3.12245e+20
52.1422  2.99479e+20
52.2595  2.86997e+20
52.3768  2.79408e+20
52.4941  2.79658e+20
52.6114  2.88163e+20
52.7287  3.03074e+20
52.846  3.20952e+20
52.9633  3.37718e+20
53.0806  3.50266e+20
53.1979  3.57106e+20
53.3152  3.58584e+20
53.4325  3.56746e+20
53.5498  3.54591e+20
53.6671  3.54775e+20
53.7844  3.58697e+20
53.9017  3.66005e+20
54.0191  3.74464e+20
54.1364  3.80454e+20
54.2537  3.8018e+20
54.371  3.70724e+20
54.4883  3.51009e+20
54.6056  3.22408e+20
54.7229  2.88393e+20
54.8402  2.5388e+20
54.9575  2.24184e+20
55.0748  2.03543e+20
55.1921  1.94392e+20
55.3094  1.96495e+20
55.4267  2.07411e+20
55.544  2.22906e+20
55.6613  2.38316e+20
55.7786  2.49575e+20
55.8959  2.5429e+20
56.0132  2.52177e+20
56.1305  2.45001e+20
56.2478  2.3602e+20
56.3651  2.28867e+20
56.4825  2.26528e+20
56.5998  2.30665e+20
56.7171  2.40823e+20
56.8344  2.54848e+20
56.9517  2.69313e+20
57.069  2.8062e+20
57.1863  2.85646e+20
57.3036  2.82992e+20
57.4209  2.73261e+20
57.5382  2.58519e+20
57.6555  2.42453e+20
57.7728  2.28936e+20
57.8901  2.21244e+20
58.0074  2.21158e+20
58.1247  2.28766e+20
58.242  2.42203e+20
58.3593  2.58171e+20
58.4766  2.72904e+20
58.5939  2.82983e+20
