#S 1 spectral density
#N 2
#UFWHM 4.80951
#L  abscissas [um]  spectral density
-58.5938  1.56613e+21
-58.4764  1.56619e+21
-58.3591  1.54665e+21
-58.2418  1.50901e+21
-58.1245  1.46196e+21
-58.0072  1.41938e+21
-57.8899  1.39491e+21
-57.7726  1.39734e+21
-57.6553  1.42641e+21
-57.538  1.47247e+21
-57.4207  1.51885e+21
-57.3034  1.54678e+21
-57.1861  1.54218e+21
-57.0688  1.49946e+21
-56.9515  1.42562e+21
-56.8342  1.33685e+21
-56.7169  1.25535e+21
-56.5996  1.20177e+21
-56.4823  1.18846e+21
-56.365  1.21579e+21
-56.2477  1.27133e+21
-56.1303  1.3337e+21
-56.013  1.37891e+21
-55.8957  1.38798e+21
-55.7784  1.35326e+21
-55.6611  1.28087e+21
-55.5438  1.18926e+21
-55.4265  1.10355e+21
-55.3092  1.04838e+21
-55.1919  1.03944e+21
-55.0746  1.0794e+21
-54.9573  1.15592e+21
-54.84  1.2457e+21
-54.7227  1.32118e+21
-54.6054  1.35856e+21
-54.4881  1.34529e+21
-54.3708  1.28326e+21
-54.2535  1.18839e+21
-54.1362  1.08648e+21
-54.0189  1.00448e+21
-53.9016  9.63483e+20
-53.7842  9.72426e+20
-53.6669  1.02571e+21
-53.5496  1.10552e+21
-53.4323  1.18711e+21
-53.315  1.24684e+21
-53.1977  1.26863e+21
-53.0804  1.24885e+21
-52.9631  1.19595e+21
-52.8458  1.12776e+21
-52.7285  1.06523e+21
-52.6112  1.02558e+21
-52.4939  1.01725e+21
-52.3766  1.03747e+21
-52.2593  1.07498e+21
-52.142  1.11319e+21
-52.0247  1.13785e+21
-51.9074  1.1412e+21
-51.7901  1.12525e+21
-51.6728  1.1009e+21
-51.5555  1.08419e+21
-51.4381  1.08983e+21
-51.3208  1.12595e+21
-51.2035  1.19055e+21
-51.0862  1.27099e+21
-50.9689  1.3484e+21
-50.8516  1.40304e+21
-50.7343  1.42128e+21
-50.617  1.40057e+21
-50.4997  1.3503e+21
-50.3824  1.28979e+21
-50.2651  1.24195e+21
-50.1478  1.22619e+21
-50.0305  1.25218e+21
-49.9132  1.31619e+21
-49.7959  1.40289e+21
-49.6786  1.48967e+21
-49.5613  1.55375e+21
-49.444  1.58005e+21
-49.3267  1.56543e+21
-49.2094  1.51977e+21
-49.092  1.4625e+21
-48.9747  1.41585e+21
-48.8574  1.39773e+21
-48.7401  1.41519e+21
-48.6228  1.46314e+21
-48.5055  1.5254e+21
-48.3882  1.58088e+21
-48.2709  1.61061e+21
-48.1536  1.60417e+21
-48.0363  1.56374e+21
-47.919  1.5029e+21
-47.8017  1.44214e+21
-47.6844  1.40177e+21
-47.5671  1.39498e+21
-47.4498  1.42304e+21
-47.3325  1.47527e+21
-47.2152  1.53213e+21
-47.0979  1.572e+21
-46.9806  1.57878e+21
-46.8633  1.54787e+21
-46.7459  1.48755e+21
-46.6286  1.4171e+21
-46.5113  1.36072e+21
-46.394  1.33924e+21
-46.2767  1.36421e+21
-46.1594  1.43244e+21
-46.0421  1.52805e+21
-45.9248  1.62655e+21
-45.8075  1.7017e+21
-45.6902  1.73464e+21
-45.5729  1.71884e+21
-45.4556  1.66192e+21
-45.3383  1.58349e+21
-45.221  1.5086e+21
-45.1037  1.45995e+21
-44.9864  1.45118e+21
-44.8691  1.48267e+21
-44.7518  1.54234e+21
-44.6345  1.60866e+21
-44.5172  1.65873e+21
-44.3998  1.6749e+21
-44.2825  1.64992e+21
-44.1652  1.58973e+21
-44.0479  1.51034e+21
-43.9306  1.43393e+21
-43.8133  1.38084e+21
-43.696  1.36442e+21
-43.5787  1.38698e+21
-43.4614  1.43897e+21
-43.3441  1.50316e+21
-43.2268  1.5594e+21
-43.1095  1.59127e+21
-42.9922  1.59065e+21
-42.8749  1.55917e+21
-42.7576  1.50808e+21
-42.6403  1.45344e+21
-42.523  1.41109e+21
-42.4057  1.39221e+21
-42.2884  1.39959e+21
-42.171  1.42788e+21
-42.0537  1.46599e+21
-41.9364  1.50089e+21
-41.8191  1.52286e+21
-41.7018  1.52743e+21
-41.5845  1.5182e+21
-41.4672  1.50311e+21
-41.3499  1.4926e+21
-41.2326  1.49491e+21
-41.1153  1.51258e+21
-40.998  1.54197e+21
-40.8807  1.57428e+21
-40.7634  1.59844e+21
-40.6461  1.60629e+21
-40.5288  1.59481e+21
-40.4115  1.56893e+21
-40.2942  1.53949e+21
-40.1769  1.51993e+21
-40.0596  1.52204e+21
-39.9423  1.5508e+21
-39.825  1.60271e+21
-39.7076  1.66595e+21
-39.5903  1.72368e+21
-39.473  1.75984e+21
-39.3557  1.76383e+21
-39.2384  1.73507e+21
-39.1211  1.68287e+21
-39.0038  1.62454e+21
-38.8865  1.57926e+21
-38.7692  1.56196e+21
-38.6519  1.57863e+21
-38.5346  1.62397e+21
-38.4173  1.68249e+21
-38.3  1.73417e+21
-38.1827  1.76059e+21
-38.0654  1.75149e+21
-37.9481  1.70842e+21
-37.8308  1.64469e+21
-37.7135  1.58148e+21
-37.5962  1.54069e+21
-37.4789  1.5381e+21
-37.3615  1.57817e+21
-37.2442  1.65144e+21
-37.1269  1.73867e+21
-37.0096  1.81487e+21
-36.8923  1.85947e+21
-36.775  1.86047e+21
-36.6577  1.81978e+21
-36.5404  1.75188e+21
-36.4231  1.67888e+21
-36.3058  1.6242e+21
-36.1885  1.60418e+21
-36.0712  1.62354e+21
-35.9539  1.67422e+21
-35.8366  1.73786e+21
-35.7193  1.79278e+21
-35.602  1.82027e+21
-35.4847  1.81167e+21
-35.3674  1.77028e+21
-35.2501  1.71034e+21
-35.1328  1.65209e+21
-35.0154  1.6149e+21
-34.8981  1.61044e+21
-34.7808  1.63932e+21
-34.6635  1.6902e+21
-34.5462  1.74409e+21
-34.4289  1.7804e+21
-34.3116  1.7841e+21
-34.1943  1.75036e+21
-34.077  1.68666e+21
-33.9597  1.61059e+21
-33.8424  1.54413e+21
-33.7251  1.50693e+21
-33.6078  1.50992e+21
-33.4905  1.55135e+21
-33.3732  1.61808e+21
-33.2559  1.68847e+21
-33.1386  1.73979e+21
-33.0213  1.75481e+21
-32.904  1.72701e+21
-32.7867  1.66286e+21
-32.6693  1.57939e+21
-32.552  1.49911e+21
-32.4347  1.44349e+21
-32.3174  1.42569e+21
-32.2001  1.44768e+21
-32.0828  1.49861e+21
-31.9655  1.55926e+21
-31.8482  1.60753e+21
-31.7309  1.62516e+21
-31.6136  1.60348e+21
-31.4963  1.54583e+21
-31.379  1.46617e+21
-31.2617  1.38493e+21
-31.1444  1.3227e+21
-31.0271  1.29356e+21
-30.9098  1.30147e+21
-30.7925  1.33887e+21
-30.6752  1.38955e+21
-30.5579  1.43359e+21
-30.4406  1.45415e+21
-30.3232  1.44188e+21
-30.2059  1.39834e+21
-30.0886  1.33475e+21
-29.9713  1.26824e+21
-29.854  1.21629e+21
-29.7367  1.19099e+21
-29.6194  1.19564e+21
-29.5021  1.22356e+21
-29.3848  1.26128e+21
-29.2675  1.29252e+21
-29.1502  1.30441e+21
-29.0329  1.29136e+21
-28.9156  1.25732e+21
-28.7983  1.21337e+21
-28.681  1.17518e+21
-28.5637  1.1565e+21
-28.4464  1.16524e+21
-28.3291  1.20077e+21
-28.2118  1.25391e+21
-28.0944  1.3109e+21
-27.9771  1.3573e+21
-27.8598  1.38355e+21
-27.7425  1.38764e+21
-27.6252  1.37525e+21
-27.5079  1.35761e+21
-27.3906  1.34689e+21
-27.2733  1.35148e+21
-27.156  1.37292e+21
-27.0387  1.40509e+21
-26.9214  1.43607e+21
-26.8041  1.45308e+21
-26.6868  1.447e+21
-26.5695  1.41588e+21
-26.4522  1.36687e+21
-26.3349  1.31326e+21
-26.2176  1.27114e+21
-26.1003  1.25323e+21
-25.983  1.26474e+21
-25.8657  1.3008e+21
-25.7483  1.34817e+21
-25.631  1.38923e+21
-25.5137  1.40783e+21
-25.3964  1.39473e+21
-25.2791  1.3514e+21
-25.1618  1.28964e+21
-25.0445  1.22887e+21
-24.9272  1.18948e+21
-24.8099  1.18686e+21
-24.6926  1.22652e+21
-24.5753  1.30169e+21
-24.458  1.39545e+21
-24.3407  1.48578e+21
-24.2234  1.55208e+21
-24.1061  1.58085e+21
-23.9888  1.57032e+21
-23.8715  1.53006e+21
-23.7542  1.47777e+21
-23.6369  1.43461e+21
-23.5196  1.41733e+21
-23.4023  1.43474e+21
-23.2849  1.48417e+21
-23.1676  1.55408e+21
-23.0503  1.62693e+21
-22.933  1.6855e+21
-22.8157  1.71776e+21
-22.6984  1.72101e+21
-22.5811  1.70114e+21
-22.4638  1.67161e+21
-22.3465  1.64765e+21
-22.2292  1.64156e+21
-22.1119  1.65861e+21
-21.9946  1.69553e+21
-21.8773  1.74118e+21
-21.76  1.78044e+21
-21.6427  1.79854e+21
-21.5254  1.78665e+21
-21.4081  1.74375e+21
-21.2908  1.67761e+21
-21.1735  1.6021e+21
-21.0561  1.53332e+21
-20.9388  1.48491e+21
-20.8215  1.46397e+21
-20.7042  1.46972e+21
-20.5869  1.49423e+21
-20.4696  1.52545e+21
-20.3523  1.55163e+21
-20.235  1.56529e+21
-20.1177  1.5655e+21
-20.0004  1.55791e+21
-19.8831  1.55273e+21
-19.7658  1.56028e+21
-19.6485  1.58754e+21
-19.5312  1.63462e+21
-19.4139  1.69445e+21
-19.2966  1.75471e+21
-19.1793  1.80125e+21
-19.062  1.82326e+21
-18.9447  1.81723e+21
-18.8274  1.78739e+21
-18.71  1.74675e+21
-18.5927  1.71061e+21
-18.4754  1.69367e+21
-18.3581  1.70441e+21
-18.2408  1.74092e+21
-18.1235  1.79305e+21
-18.0062  1.84378e+21
-17.8889  1.87484e+21
-17.7716  1.87345e+21
-17.6543  1.83531e+21
-17.537  1.76753e+21
-17.4197  1.68575e+21
-17.3024  1.60965e+21
-17.1851  1.55678e+21
-17.0678  1.53634e+21
-16.9505  1.5468e+21
-16.8332  1.57563e+21
-16.7159  1.60371e+21
-16.5986  1.61148e+21
-16.4813  1.58582e+21
-16.364  1.52484e+21
-16.2466  1.43956e+21
-16.1293  1.35063e+21
-16.012  1.28317e+21
-15.8947  1.25953e+21
-15.7774  1.29208e+21
-15.6601  1.38036e+21
-15.5428  1.51102e+21
-15.4255  1.66143e+21
-15.3082  1.80697e+21
-15.1909  1.92695e+21
-15.0736  2.01073e+21
-14.9563  2.05946e+21
-14.839  2.08425e+21
-14.7217  2.10184e+21
-14.6044  2.12839e+21
-14.4871  2.17397e+21
-14.3698  2.24006e+21
-14.2525  2.31931e+21
-14.1352  2.39859e+21
-14.0178  2.46427e+21
-13.9005  2.50621e+21
-13.7832  2.52272e+21
-13.6659  2.52004e+21
-13.5486  2.51018e+21
-13.4313  2.50743e+21
-13.314  2.52266e+21
-13.1967  2.55977e+21
-13.0794  2.61344e+21
-12.9621  2.67095e+21
-12.8448  2.71565e+21
-12.7275  2.73189e+21
-12.6102  2.71003e+21
-12.4929  2.65028e+21
-12.3756  2.5625e+21
-12.2583  2.46478e+21
-12.141  2.37937e+21
-12.0237  2.32663e+21
-11.9064  2.32109e+21
-11.7891  2.36779e+21
-11.6718  2.46241e+21
-11.5544  2.59349e+21
-11.4371  2.74549e+21
-11.3198  2.90304e+21
-11.2025  3.056e+21
-11.0852  3.20006e+21
-10.9679  3.3377e+21
-10.8506  3.47541e+21
-10.7333  3.62106e+21
-10.616  3.7806e+21
-10.4987  3.95503e+21
-10.3814  4.13984e+21
-10.2641  4.32659e+21
-10.1468  4.50399e+21
-10.0295  4.66211e+21
-9.91217  4.79576e+21
-9.79487  4.90429e+21
-9.67756  4.9933e+21
-9.56026  5.07338e+21
-9.44295  5.15556e+21
-9.32565  5.25011e+21
-9.20834  5.363e+21
-9.09104  5.49541e+21
-8.97373  5.643e+21
-8.85643  5.79804e+21
-8.73913  5.95224e+21
-8.62182  6.09716e+21
-8.50452  6.2266e+21
-8.38721  6.33824e+21
-8.26991  6.43074e+21
-8.1526  6.50638e+21
-8.03529  6.56661e+21
-7.91799  6.61435e+21
-7.80069  6.65167e+21
-7.68338  6.68329e+21
-7.56608  6.71434e+21
-7.44877  6.75268e+21
-7.33146  6.80634e+21
-7.21416  6.88322e+21
-7.09685  6.98781e+21
-6.97955  7.1214e+21
-6.86224  7.27823e+21
-6.74494  7.44783e+21
-6.62763  7.61695e+21
-6.51033  7.77303e+21
-6.39302  7.90624e+21
-6.27572  8.01393e+21
-6.15842  8.09903e+21
-6.04111  8.17076e+21
-5.92381  8.23919e+21
-5.8065  8.31333e+21
-5.68919  8.39633e+21
-5.57189  8.48433e+21
-5.45458  8.56843e+21
-5.33728  8.63533e+21
-5.21997  8.67528e+21
-5.10267  8.68484e+21
-4.98536  8.67102e+21
-4.86806  8.65014e+21
-4.75075  8.6479e+21
-4.63345  8.69183e+21
-4.51614  8.80755e+21
-4.39884  9.01018e+21
-4.28154  9.30509e+21
-4.16423  9.68591e+21
-4.04692  1.01365e+22
-3.92962  1.06379e+22
-3.81231  1.11761e+22
-3.69501  1.17421e+22
-3.5777  1.23401e+22
-3.4604  1.29811e+22
-3.34309  1.36836e+22
-3.22579  1.44672e+22
-3.10849  1.53488e+22
-2.99118  1.63349e+22
-2.87387  1.74257e+22
-2.75657  1.86116e+22
-2.63926  1.98783e+22
-2.52196  2.12087e+22
-2.40465  2.25886e+22
-2.28735  2.40069e+22
-2.17005  2.54562e+22
-2.05274  2.69317e+22
-1.93544  2.84296e+22
-1.81813  2.99432e+22
-1.70083  3.14618e+22
-1.58352  3.29714e+22
-1.46622  3.44519e+22
-1.34891  3.58814e+22
-1.2316  3.72414e+22
-1.1143  3.85113e+22
-0.996995  3.96767e+22
-0.87969  4.07287e+22
-0.762385  4.16585e+22
-0.64508  4.24641e+22
-0.527775  4.31433e+22
-0.41047  4.36927e+22
-0.293165  4.411e+22
-0.17586  4.43945e+22
-0.058555  4.4542e+22
0.05875  4.45508e+22
0.176055  4.44201e+22
0.29336  4.41511e+22
0.410665  4.3744e+22
0.52797  4.32019e+22
0.645275  4.25265e+22
0.76258  4.17225e+22
0.879885  4.07915e+22
0.99719  3.97403e+22
1.1145  3.85755e+22
1.2318  3.7309e+22
1.3491  3.59536e+22
1.46641  3.45301e+22
1.58371  3.30556e+22
1.70102  3.15519e+22
1.81832  3.00375e+22
1.93563  2.85262e+22
2.05294  2.70295e+22
2.17024  2.5554e+22
2.28754  2.41053e+22
2.40485  2.26886e+22
2.52216  2.13115e+22
2.63946  1.99857e+22
2.75677  1.87251e+22
2.87407  1.75449e+22
2.99137  1.64591e+22
3.10868  1.54735e+22
3.22599  1.45892e+22
3.34329  1.37975e+22
3.4606  1.30819e+22
3.5779  1.24245e+22
3.69521  1.1809e+22
3.81251  1.12251e+22
3.92982  1.06719e+22
4.04712  1.01591e+22
4.16443  9.70217e+21
4.28173  9.31953e+21
4.39903  9.02555e+21
4.51634  8.82608e+21
4.63364  8.71426e+21
4.75095  8.67323e+21
4.86825  8.67672e+21
4.98556  8.6972e+21
5.10286  8.71003e+21
5.22017  8.69773e+21
5.33748  8.65617e+21
5.45478  8.58814e+21
5.57209  8.50417e+21
5.68939  8.41683e+21
5.8067  8.33481e+21
5.924  8.26104e+21
6.0413  8.1923e+21
6.15861  8.1191e+21
6.27591  8.03132e+21
6.39322  7.92103e+21
6.51052  7.78498e+21
6.62783  7.6275e+21
6.74514  7.45813e+21
6.86244  7.29029e+21
6.97975  7.13617e+21
7.09705  7.0062e+21
7.21436  6.90446e+21
7.33166  6.8302e+21
7.44897  6.77782e+21
7.56627  6.73958e+21
7.68358  6.70707e+21
7.80088  6.67381e+21
7.91819  6.63424e+21
8.03549  6.58499e+21
8.1528  6.52375e+21
8.2701  6.4479e+21
8.38741  6.35511e+21
8.50471  6.24385e+21
8.62202  6.11458e+21
8.73932  5.96952e+21
8.85662  5.81488e+21
8.97393  5.65891e+21
9.09123  5.51114e+21
9.20854  5.37916e+21
9.32584  5.26725e+21
9.44315  5.17444e+21
9.56045  5.09444e+21
9.67776  5.01643e+21
9.79506  4.92875e+21
9.91237  4.82144e+21
10.0297  4.68734e+21
10.147  4.52732e+21
10.2643  4.34729e+21
10.3816  4.15724e+21
10.4989  3.96854e+21
10.6162  3.79039e+21
10.7335  3.62756e+21
10.8508  3.4787e+21
10.9681  3.33838e+21
11.0854  3.19855e+21
11.2027  3.05245e+21
11.32  2.89807e+21
11.4373  2.73936e+21
11.5546  2.58739e+21
11.6719  2.4573e+21
11.7893  2.36446e+21
11.9066  2.32026e+21
12.0239  2.32913e+21
12.1412  2.38473e+21
12.2585  2.47235e+21
12.3758  2.57092e+21
12.4931  2.65833e+21
12.6104  2.71653e+21
12.7277  2.73546e+21
12.845  2.71637e+21
12.9623  2.66914e+21
13.0796  2.60982e+21
13.1969  2.55625e+21
13.3142  2.52043e+21
13.4315  2.50786e+21
13.5488  2.51422e+21
13.6661  2.5278e+21
13.7834  2.53411e+21
13.9007  2.52047e+21
14.018  2.48018e+21
14.1354  2.41542e+21
14.2527  2.33567e+21
14.37  2.25504e+21
14.4873  2.18701e+21
14.6046  2.13893e+21
14.7219  2.10947e+21
14.8392  2.0886e+21
14.9565  2.0604e+21
15.0738  2.00842e+21
15.1911  1.922e+21
15.3084  1.80032e+21
15.4257  1.65448e+21
15.543  1.50463e+21
15.6603  1.3756e+21
15.7776  1.28949e+21
15.8949  1.25906e+21
16.0122  1.28443e+21
16.1295  1.35257e+21
16.2468  1.44115e+21
16.3641  1.52531e+21
16.4815  1.58454e+21
16.5988  1.60832e+21
16.7161  1.59914e+21
16.8334  1.57041e+21
16.9507  1.5418e+21
17.068  1.53215e+21
17.1853  1.55383e+21
17.3026  1.6081e+21
17.4199  1.68529e+21
17.5372  1.76774e+21
17.6545  1.83564e+21
17.7718  1.87377e+21
17.8891  1.8752e+21
18.0064  1.84422e+21
18.1237  1.79397e+21
18.241  1.74273e+21
18.3583  1.70697e+21
18.4756  1.69723e+21
18.5929  1.71456e+21
18.7102  1.7507e+21
18.8275  1.79113e+21
18.9449  1.82027e+21
19.0622  1.82606e+21
19.1795  1.80393e+21
19.2968  1.75792e+21
19.4141  1.6987e+21
19.5314  1.63978e+21
19.6487  1.59358e+21
19.766  1.56655e+21
19.8833  1.55854e+21
20.0006  1.56246e+21
20.1179  1.56827e+21
20.2352  1.56622e+21
20.3525  1.55097e+21
20.4698  1.52411e+21
20.5871  1.49297e+21
20.7044  1.46924e+21
20.8217  1.46471e+21
20.939  1.48646e+21
21.0563  1.53513e+21
21.1736  1.60324e+21
21.291  1.67706e+21
21.4083  1.74113e+21
21.5256  1.78189e+21
21.6429  1.79235e+21
21.7602  1.77376e+21
21.8775  1.73547e+21
21.9948  1.69179e+21
22.1121  1.65709e+21
22.2294  1.64192e+21
22.3467  1.64904e+21
22.464  1.67277e+21
22.5813  1.70058e+21
22.6986  1.71789e+21
22.8159  1.71232e+21
22.9332  1.67873e+21
23.0505  1.62045e+21
23.1678  1.55e+21
23.2851  1.4842e+21
23.4024  1.43934e+21
23.5198  1.42644e+21
23.6371  1.44604e+21
23.7544  1.48923e+21
23.8717  1.53843e+21
23.989  1.57371e+21
24.1063  1.57834e+21
24.2236  1.5441e+21
24.3409  1.47476e+21
24.4582  1.38458e+21
24.5755  1.2944e+21
24.6928  1.22567e+21
24.8101  1.19378e+21
24.9274  1.20348e+21
25.0447  1.24765e+21
25.162  1.30963e+21
25.2793  1.36854e+21
25.3966  1.40584e+21
25.5139  1.41094e+21
25.6312  1.38424e+21
25.7485  1.33675e+21
25.8658  1.28585e+21
25.9832  1.24972e+21
26.1005  1.24134e+21
26.2178  1.26413e+21
26.3351  1.3118e+21
26.4524  1.36999e+21
26.5697  1.42165e+21
26.687  1.45306e+21
26.8043  1.45762e+21
26.9216  1.43774e+21
27.0389  1.40356e+21
27.1562  1.36919e+21
27.2735  1.34684e+21
27.3908  1.34296e+21
27.5081  1.35575e+21
27.6254  1.3762e+21
27.7427  1.39119e+21
27.86  1.38893e+21
27.9773  1.36341e+21
28.0946  1.31646e+21
28.212  1.25821e+21
28.3293  1.20312e+21
28.4466  1.16609e+21
28.5639  1.15616e+21
28.6812  1.1744e+21
28.7985  1.21314e+21
28.9158  1.25811e+21
29.0331  1.29371e+21
29.1504  1.30824e+21
29.2677  1.29762e+21
29.385  1.26721e+21
29.5023  1.22985e+21
29.6196  1.20156e+21
29.7369  1.19625e+21
29.8542  1.22039e+21
29.9715  1.27102e+21
30.0888  1.33613e+21
30.2061  1.39862e+21
30.3234  1.44143e+21
30.4407  1.45358e+21
30.558  1.4335e+21
30.6754  1.39037e+21
30.7927  1.34108e+21
30.91  1.30496e+21
31.0273  1.2979e+21
31.1446  1.32715e+21
31.2619  1.38886e+21
31.3792  1.46855e+21
31.4965  1.54631e+21
31.6138  1.60191e+21
31.7311  1.62198e+21
31.8484  1.60378e+21
31.9657  1.55606e+21
32.083  1.49693e+21
32.2003  1.44828e+21
32.3176  1.42894e+21
32.4349  1.44874e+21
32.5522  1.50549e+21
32.6695  1.58569e+21
32.7868  1.66791e+21
32.9042  1.72994e+21
33.0215  1.7553e+21
33.1388  1.73831e+21
33.2561  1.68589e+21
33.3734  1.61555e+21
33.4907  1.54995e+21
33.608  1.51e+21
33.7253  1.50904e+21
33.8426  1.5475e+21
33.9599  1.61421e+21
34.0772  1.68964e+21
34.1945  1.75182e+21
34.3118  1.78377e+21
34.4291  1.77859e+21
34.5464  1.74137e+21
34.6637  1.68743e+21
34.781  1.63767e+21
34.8983  1.61015e+21
35.0156  1.61609e+21
35.1329  1.65426e+21
35.2503  1.71261e+21
35.3676  1.77195e+21
35.4849  1.81215e+21
35.6022  1.81959e+21
35.7195  1.79125e+21
35.8368  1.73657e+21
35.9541  1.67404e+21
36.0714  1.62506e+21
36.1887  1.60729e+21
36.306  1.62833e+21
36.4233  1.68292e+21
36.5406  1.75444e+21
36.6579  1.81975e+21
36.7752  1.85718e+21
36.8925  1.85305e+21
37.0098  1.80651e+21
37.1271  1.72971e+21
37.2444  1.64389e+21
37.3617  1.57338e+21
37.479  1.53663e+21
37.5964  1.54227e+21
37.7137  1.58513e+21
37.831  1.64873e+21
37.9483  1.7114e+21
38.0656  1.75233e+21
38.1829  1.75884e+21
38.3002  1.73019e+21
38.4175  1.67761e+21
38.5348  1.61945e+21
38.6521  1.57569e+21
38.7694  1.56118e+21
38.8867  1.58047e+21
39.004  1.62731e+21
39.1213  1.68587e+21
39.2386  1.73701e+21
39.3559  1.76385e+21
39.4732  1.75769e+21
39.5905  1.71977e+21
39.7078  1.66126e+21
39.8251  1.59843e+21
39.9425  1.54783e+21
40.0598  1.52089e+21
40.1771  1.52058e+21
40.2944  1.54123e+21
40.4117  1.57075e+21
40.529  1.59596e+21
40.6463  1.60601e+21
40.7636  1.59685e+21
40.8809  1.57155e+21
40.9982  1.53887e+21
41.1155  1.50999e+21
41.2328  1.49354e+21
41.3501  1.49271e+21
41.4674  1.50409e+21
41.5847  1.51932e+21
41.702  1.52796e+21
41.8193  1.52188e+21
41.9366  1.49808e+21
42.0539  1.46159e+21
42.1712  1.42247e+21
42.2885  1.39413e+21
42.4059  1.38764e+21
42.5232  1.40812e+21
42.6405  1.45224e+21
42.7578  1.50839e+21
42.8751  1.56023e+21
42.9924  1.59161e+21
43.1097  1.59154e+21
43.227  1.55854e+21
43.3443  1.50123e+21
43.4616  1.43663e+21
43.5789  1.38479e+21
43.6962  1.36327e+21
43.8135  1.38069e+21
43.9308  1.43463e+21
44.0481  1.51133e+21
44.1654  1.58985e+21
44.2827  1.6484e+21
44.4  1.67097e+21
44.5173  1.65265e+21
44.6347  1.60103e+21
44.752  1.53434e+21
44.8693  1.47591e+21
44.9866  1.44648e+21
45.1039  1.45772e+21
45.2212  1.50853e+21
45.3385  1.58429e+21
45.4558  1.66199e+21
45.5731  1.71648e+21
45.6904  1.72876e+21
45.8077  1.69212e+21
45.925  1.61413e+21
46.0423  1.51466e+21
46.1596  1.42001e+21
46.2769  1.35464e+21
46.3942  1.33432e+21
46.5115  1.36062e+21
46.6288  1.4213e+21
46.7461  1.4944e+21
46.8634  1.55515e+21
46.9808  1.5844e+21
47.0981  1.57439e+21
47.2154  1.53076e+21
47.3327  1.47068e+21
47.45  1.41631e+21
47.5673  1.3877e+21
47.6846  1.39589e+21
47.8019  1.43868e+21
47.9192  1.5024e+21
48.0365  1.56605e+21
48.1538  1.60844e+21
48.2711  1.61568e+21
48.3884  1.58589e+21
48.5057  1.52947e+21
48.623  1.46555e+21
48.7403  1.41581e+21
48.8576  1.39684e+21
48.9749  1.41396e+21
49.0922  1.4599e+21
49.2095  1.51701e+21
49.3269  1.56286e+21
49.4442  1.57785e+21
49.5615  1.55228e+21
49.6788  1.48882e+21
49.7961  1.40265e+21
49.9134  1.31612e+21
50.0307  1.25186e+21
50.148  1.2253e+21
50.2653  1.23992e+21
50.3826  1.2863e+21
50.4999  1.34548e+21
50.6172  1.39484e+21
50.7345  1.41562e+21
50.8518  1.39839e+21
50.9691  1.3456e+21
51.0864  1.27065e+21
51.2037  1.19263e+21
51.321  1.12983e+21
51.4383  1.09421e+21
51.5556  1.0877e+21
51.673  1.10233e+21
51.7903  1.12391e+21
51.9076  1.13767e+21
52.0249  1.13337e+21
52.1422  1.10952e+21
52.2595  1.07401e+21
52.3768  1.0409e+21
52.4941  1.02507e+21
52.6114  1.03734e+21
52.7287  1.07868e+21
52.846  1.1401e+21
52.9633  1.20442e+21
53.0806  1.25136e+21
53.1979  1.26457e+21
53.3152  1.23703e+21
53.4325  1.17404e+21
53.5498  1.09273e+21
53.6671  1.0167e+21
53.7844  9.69843e+20
53.9017  9.68368e+20
54.0191  1.01585e+21
54.1364  1.10197e+21
54.2537  1.20437e+21
54.371  1.29576e+21
54.4883  1.3516e+21
54.6056  1.3572e+21
54.7229  1.3126e+21
54.8402  1.23223e+21
54.9575  1.14087e+21
55.0748  1.06623e+21
55.1921  1.0309e+21
55.3094  1.04558e+21
55.4267  1.10621e+21
55.544  1.19533e+21
55.6613  1.28766e+21
55.7786  1.35802e+21
55.8959  1.38856e+21
56.0132  1.37476e+21
56.1305  1.32554e+21
56.2478  1.26123e+21
56.3651  1.20595e+21
56.4825  1.18123e+21
56.5998  1.19846e+21
56.7171  1.25627e+21
56.8344  1.34098e+21
56.9517  1.43112e+21
57.069  1.5048e+21
57.1863  1.5455e+21
57.3036  1.54798e+21
57.4209  1.51819e+21
57.5382  1.47127e+21
57.6555  1.42657e+21
57.7728  1.40026e+21
57.8901  1.40147e+21
58.0074  1.42933e+21
58.1247  1.47433e+21
58.242  1.52208e+21
58.3593  1.55875e+21
58.4766  1.57588e+21
58.5939  1.57256e+21
