#S 1 spectral density
#N 2
#UFWHM 54.5468
#L  abscissas [um]  spectral density
-58.5938  3.62391e+20
-58.4764  3.35054e+20
-58.3591  3.07062e+20
-58.2418  2.8294e+20
-58.1245  2.66986e+20
-58.0072  2.62344e+20
-57.8899  2.70052e+20
-57.7726  2.89155e+20
-57.6553  3.16625e+20
-57.538  3.48087e+20
-57.4207  3.79219e+20
-57.3034  4.05764e+20
-57.1861  4.25425e+20
-57.0688  4.37315e+20
-56.9515  4.42782e+20
-56.8342  4.44053e+20
-56.7169  4.44039e+20
-56.5996  4.4502e+20
-56.4823  4.48284e+20
-56.365  4.533e+20
-56.2477  4.58376e+20
-56.1303  4.60629e+20
-56.013  4.57428e+20
-55.8957  4.46692e+20
-55.7784  4.28321e+20
-55.6611  4.03674e+20
-55.5438  3.76326e+20
-55.4265  3.50499e+20
-55.3092  3.30752e+20
-55.1919  3.20408e+20
-55.0746  3.2113e+20
-54.9573  3.32121e+20
-54.84  3.50755e+20
-54.7227  3.72865e+20
-54.6054  3.94118e+20
-54.4881  4.11e+20
-54.3708  4.21782e+20
-54.2535  4.27023e+20
-54.1362  4.29001e+20
-54.0189  4.31307e+20
-53.9016  4.37551e+20
-53.7842  4.50179e+20
-53.6669  4.69876e+20
-53.5496  4.94947e+20
-53.4323  5.21912e+20
-53.315  5.46359e+20
-53.1977  5.63969e+20
-53.0804  5.71986e+20
-52.9631  5.69679e+20
-52.8458  5.58685e+20
-52.7285  5.42588e+20
-52.6112  5.25717e+20
-52.4939  5.12056e+20
-52.3766  5.03994e+20
-52.2593  5.01806e+20
-52.142  5.03496e+20
-52.0247  5.05721e+20
-51.9074  5.04696e+20
-51.7901  4.97539e+20
-51.6728  4.83495e+20
-51.5555  4.64312e+20
-51.4381  4.44216e+20
-51.3208  4.28403e+20
-51.2035  4.2242e+20
-51.0862  4.30062e+20
-50.9689  4.52672e+20
-50.8516  4.8832e+20
-50.7343  5.32056e+20
-50.617  5.77566e+20
-50.4997  6.17833e+20
-50.3824  6.47262e+20
-50.2651  6.62527e+20
-50.1478  6.63286e+20
-50.0305  6.51841e+20
-49.9132  6.32113e+20
-49.7959  6.08528e+20
-49.6786  5.84553e+20
-49.5613  5.61897e+20
-49.444  5.40256e+20
-49.3267  5.17767e+20
-49.2094  4.91812e+20
-49.092  4.60366e+20
-48.9747  4.23267e+20
-48.8574  3.82308e+20
-48.7401  3.41403e+20
-48.6228  3.05879e+20
-48.5055  2.81057e+20
-48.3882  2.70984e+20
-48.2709  2.77374e+20
-48.1536  2.99077e+20
-48.0363  3.32521e+20
-47.919  3.72091e+20
-47.8017  4.12132e+20
-47.6844  4.4755e+20
-47.5671  4.7557e+20
-47.4498  4.95714e+20
-47.3325  5.09682e+20
-47.2152  5.20615e+20
-47.0979  5.31793e+20
-46.9806  5.45568e+20
-46.8633  5.62456e+20
-46.7459  5.80946e+20
-46.6286  5.97975e+20
-46.5113  6.09674e+20
-46.394  6.12747e+20
-46.2767  6.05314e+20
-46.1594  5.8791e+20
-46.0421  5.63036e+20
-45.9248  5.3528e+20
-45.8075  5.09521e+20
-45.6902  4.90464e+20
-45.5729  4.81029e+20
-45.4556  4.81827e+20
-45.3383  4.91351e+20
-45.221  5.06376e+20
-45.1037  5.22875e+20
-44.9864  5.37641e+20
-44.8691  5.49052e+20
-44.7518  5.57726e+20
-44.6345  5.66603e+20
-44.5172  5.80257e+20
-44.3998  6.03939e+20
-44.2825  6.42068e+20
-44.1652  6.96917e+20
-44.0479  7.68215e+20
-43.9306  8.52513e+20
-43.8133  9.43654e+20
-43.696  1.03402e+21
-43.5787  1.11537e+21
-43.4614  1.18035e+21
-43.3441  1.22387e+21
-43.2268  1.24282e+21
-43.1095  1.23734e+21
-42.9922  1.20961e+21
-42.8749  1.1637e+21
-42.7576  1.10459e+21
-42.6403  1.03782e+21
-42.523  9.68879e+20
-42.4057  9.03366e+20
-42.2884  8.46968e+20
-42.171  8.05869e+20
-42.0537  7.86647e+20
-41.9364  7.96117e+20
-41.8191  8.40721e+20
-41.7018  9.25841e+20
-41.5845  1.05431e+21
-41.4672  1.22555e+21
-41.3499  1.43513e+21
-41.2326  1.67436e+21
-41.1153  1.931e+21
-40.998  2.19047e+21
-40.8807  2.43742e+21
-40.7634  2.65776e+21
-40.6461  2.84051e+21
-40.5288  2.97829e+21
-40.4115  3.06927e+21
-40.2942  3.11552e+21
-40.1769  3.12348e+21
-40.0596  3.10205e+21
-39.9423  3.06221e+21
-39.825  3.01503e+21
-39.7076  2.97191e+21
-39.5903  2.94373e+21
-39.473  2.94143e+21
-39.3557  2.97548e+21
-39.2384  3.05627e+21
-39.1211  3.1938e+21
-39.0038  3.39594e+21
-38.8865  3.66815e+21
-38.7692  4.01221e+21
-38.6519  4.42409e+21
-38.5346  4.89426e+21
-38.4173  5.40801e+21
-38.3  5.9459e+21
-38.1827  6.48583e+21
-38.0654  7.00601e+21
-37.9481  7.48638e+21
-37.8308  7.91169e+21
-37.7135  8.27175e+21
-37.5962  8.56379e+21
-37.4789  8.79016e+21
-37.3615  8.95876e+21
-37.2442  9.08113e+21
-37.1269  9.17079e+21
-37.0096  9.24339e+21
-36.8923  9.31389e+21
-36.775  9.39757e+21
-36.6577  9.50905e+21
-36.5404  9.66227e+21
-36.4231  9.86975e+21
-36.3058  1.01412e+22
-36.1885  1.04828e+22
-36.0712  1.0895e+22
-35.9539  1.13738e+22
-35.8366  1.19064e+22
-35.7193  1.24754e+22
-35.602  1.30579e+22
-35.4847  1.36291e+22
-35.3674  1.41638e+22
-35.2501  1.46408e+22
-35.1328  1.50439e+22
-35.0154  1.53646e+22
-34.8981  1.56017e+22
-34.7808  1.5761e+22
-34.6635  1.58545e+22
-34.5462  1.5897e+22
-34.4289  1.59053e+22
-34.3116  1.58962e+22
-34.1943  1.58846e+22
-34.077  1.58846e+22
-33.9597  1.59079e+22
-33.8424  1.59648e+22
-33.7251  1.6065e+22
-33.6078  1.62158e+22
-33.4905  1.64226e+22
-33.3732  1.66883e+22
-33.2559  1.70109e+22
-33.1386  1.7385e+22
-33.0213  1.77992e+22
-32.904  1.82392e+22
-32.7867  1.86874e+22
-32.6693  1.91261e+22
-32.552  1.9539e+22
-32.4347  1.99133e+22
-32.3174  2.02418e+22
-32.2001  2.05218e+22
-32.0828  2.0756e+22
-31.9655  2.09513e+22
-31.8482  2.1116e+22
-31.7309  2.12595e+22
-31.6136  2.13901e+22
-31.4963  2.15144e+22
-31.379  2.16373e+22
-31.2617  2.17624e+22
-31.1444  2.18924e+22
-31.0271  2.20302e+22
-30.9098  2.21789e+22
-30.7925  2.2342e+22
-30.6752  2.25223e+22
-30.5579  2.27218e+22
-30.4406  2.29407e+22
-30.3232  2.31765e+22
-30.2059  2.34242e+22
-30.0886  2.36769e+22
-29.9713  2.39271e+22
-29.854  2.41672e+22
-29.7367  2.43918e+22
-29.6194  2.45979e+22
-29.5021  2.47853e+22
-29.3848  2.4957e+22
-29.2675  2.5117e+22
-29.1502  2.52697e+22
-29.0329  2.54193e+22
-28.9156  2.5567e+22
-28.7983  2.57126e+22
-28.681  2.58538e+22
-28.5637  2.59866e+22
-28.4464  2.61073e+22
-28.3291  2.62135e+22
-28.2118  2.63048e+22
-28.0944  2.6383e+22
-27.9771  2.6452e+22
-27.8598  2.65174e+22
-27.7425  2.65842e+22
-27.6252  2.66572e+22
-27.5079  2.67392e+22
-27.3906  2.68307e+22
-27.2733  2.69306e+22
-27.156  2.70371e+22
-27.0387  2.7148e+22
-26.9214  2.72628e+22
-26.8041  2.73818e+22
-26.6868  2.75075e+22
-26.5695  2.76438e+22
-26.4522  2.77945e+22
-26.3349  2.79627e+22
-26.2176  2.81496e+22
-26.1003  2.83539e+22
-25.983  2.85715e+22
-25.8657  2.87964e+22
-25.7483  2.90212e+22
-25.631  2.92391e+22
-25.5137  2.94442e+22
-25.3964  2.96335e+22
-25.2791  2.98063e+22
-25.1618  2.99643e+22
-25.0445  3.01113e+22
-24.9272  3.02514e+22
-24.8099  3.03886e+22
-24.6926  3.05263e+22
-24.5753  3.06662e+22
-24.458  3.08095e+22
-24.3407  3.09574e+22
-24.2234  3.11111e+22
-24.1061  3.12727e+22
-23.9888  3.14461e+22
-23.8715  3.16351e+22
-23.7542  3.18439e+22
-23.6369  3.20754e+22
-23.5196  3.23304e+22
-23.4023  3.26062e+22
-23.2849  3.28976e+22
-23.1676  3.31962e+22
-23.0503  3.34921e+22
-22.933  3.37759e+22
-22.8157  3.40389e+22
-22.6984  3.42755e+22
-22.5811  3.4484e+22
-22.4638  3.46661e+22
-22.3465  3.48264e+22
-22.2292  3.49709e+22
-22.1119  3.51061e+22
-21.9946  3.52372e+22
-21.8773  3.53674e+22
-21.76  3.54977e+22
-21.6427  3.56277e+22
-21.5254  3.57556e+22
-21.4081  3.58803e+22
-21.2908  3.6001e+22
-21.1735  3.61189e+22
-21.0561  3.62366e+22
-20.9388  3.63572e+22
-20.8215  3.64837e+22
-20.7042  3.66182e+22
-20.5869  3.67611e+22
-20.4696  3.69103e+22
-20.3523  3.70628e+22
-20.235  3.7214e+22
-20.1177  3.736e+22
-20.0004  3.74987e+22
-19.8831  3.76294e+22
-19.7658  3.77537e+22
-19.6485  3.78753e+22
-19.5312  3.79984e+22
-19.4139  3.81266e+22
-19.2966  3.82624e+22
-19.1793  3.84058e+22
-19.062  3.85543e+22
-18.9447  3.87045e+22
-18.8274  3.88515e+22
-18.71  3.89918e+22
-18.5927  3.91231e+22
-18.4754  3.92461e+22
-18.3581  3.9363e+22
-18.2408  3.94787e+22
-18.1235  3.95979e+22
-18.0062  3.97246e+22
-17.8889  3.98614e+22
-17.7716  4.00079e+22
-17.6543  4.01618e+22
-17.537  4.03194e+22
-17.4197  4.04764e+22
-17.3024  4.06298e+22
-17.1851  4.07789e+22
-17.0678  4.09255e+22
-16.9505  4.10732e+22
-16.8332  4.12274e+22
-16.7159  4.13931e+22
-16.5986  4.15737e+22
-16.4813  4.17698e+22
-16.364  4.19792e+22
-16.2466  4.21966e+22
-16.1293  4.2415e+22
-16.012  4.26271e+22
-15.8947  4.28272e+22
-15.7774  4.30114e+22
-15.6601  4.31791e+22
-15.5428  4.33326e+22
-15.4255  4.34758e+22
-15.3082  4.36135e+22
-15.1909  4.37493e+22
-15.0736  4.38855e+22
-14.9563  4.40223e+22
-14.839  4.41584e+22
-14.7217  4.42906e+22
-14.6044  4.44171e+22
-14.4871  4.45365e+22
-14.3698  4.46493e+22
-14.2525  4.47584e+22
-14.1352  4.48672e+22
-14.0178  4.49799e+22
-13.9005  4.50997e+22
-13.7832  4.52278e+22
-13.6659  4.53628e+22
-13.5486  4.55017e+22
-13.4313  4.56393e+22
-13.314  4.577e+22
-13.1967  4.58901e+22
-13.0794  4.59976e+22
-12.9621  4.60928e+22
-12.8448  4.6179e+22
-12.7275  4.6261e+22
-12.6102  4.63439e+22
-12.4929  4.64322e+22
-12.3756  4.65281e+22
-12.2583  4.66317e+22
-12.141  4.67402e+22
-12.0237  4.685e+22
-11.9064  4.69566e+22
-11.7891  4.70563e+22
-11.6718  4.71479e+22
-11.5544  4.72322e+22
-11.4371  4.7312e+22
-11.3198  4.73915e+22
-11.2025  4.74756e+22
-11.0852  4.75672e+22
-10.9679  4.76684e+22
-10.8506  4.77782e+22
-10.7333  4.78942e+22
-10.616  4.80127e+22
-10.4987  4.81298e+22
-10.3814  4.82426e+22
-10.2641  4.83508e+22
-10.1468  4.84551e+22
-10.0295  4.85589e+22
-9.91217  4.86661e+22
-9.79487  4.87806e+22
-9.67756  4.89049e+22
-9.56026  4.90395e+22
-9.44295  4.91827e+22
-9.32565  4.93307e+22
-9.20834  4.94786e+22
-9.09104  4.96221e+22
-8.97373  4.97569e+22
-8.85643  4.98818e+22
-8.73913  4.99967e+22
-8.62182  5.01036e+22
-8.50452  5.02056e+22
-8.38721  5.03055e+22
-8.26991  5.04049e+22
-8.1526  5.05045e+22
-8.03529  5.06025e+22
-7.91799  5.06966e+22
-7.80069  5.07836e+22
-7.68338  5.08612e+22
-7.56608  5.09284e+22
-7.44877  5.09862e+22
-7.33146  5.10376e+22
-7.21416  5.1087e+22
-7.09685  5.11386e+22
-6.97955  5.11964e+22
-6.86224  5.12622e+22
-6.74494  5.13356e+22
-6.62763  5.14138e+22
-6.51033  5.14928e+22
-6.39302  5.15677e+22
-6.27572  5.16346e+22
-6.15842  5.16913e+22
-6.04111  5.17377e+22
-5.92381  5.17762e+22
-5.8065  5.18107e+22
-5.68919  5.18455e+22
-5.57189  5.18842e+22
-5.45458  5.19291e+22
-5.33728  5.19793e+22
-5.21997  5.20325e+22
-5.10267  5.20847e+22
-4.98536  5.21313e+22
-4.86806  5.2169e+22
-4.75075  5.21964e+22
-4.63345  5.22141e+22
-4.51614  5.22259e+22
-4.39884  5.22365e+22
-4.28154  5.22515e+22
-4.16423  5.22753e+22
-4.04692  5.23107e+22
-3.92962  5.23572e+22
-3.81231  5.24126e+22
-3.69501  5.24727e+22
-3.5777  5.25324e+22
-3.4604  5.25877e+22
-3.34309  5.26365e+22
-3.22579  5.26784e+22
-3.10849  5.27158e+22
-2.99118  5.27522e+22
-2.87387  5.27913e+22
-2.75657  5.28363e+22
-2.63926  5.28885e+22
-2.52196  5.29469e+22
-2.40465  5.30086e+22
-2.28735  5.307e+22
-2.17005  5.31272e+22
-2.05274  5.31771e+22
-1.93544  5.32189e+22
-1.81813  5.32536e+22
-1.70083  5.32836e+22
-1.58352  5.33122e+22
-1.46622  5.33417e+22
-1.34891  5.33734e+22
-1.2316  5.34064e+22
-1.1143  5.34377e+22
-0.996995  5.34629e+22
-0.87969  5.34783e+22
-0.762385  5.34805e+22
-0.64508  5.3469e+22
-0.527775  5.3446e+22
-0.41047  5.34163e+22
-0.293165  5.3386e+22
-0.17586  5.33621e+22
-0.058555  5.33496e+22
0.05875  5.33512e+22
0.176055  5.33661e+22
0.29336  5.3391e+22
0.410665  5.34196e+22
0.52797  5.34455e+22
0.645275  5.34626e+22
0.76258  5.34672e+22
0.879885  5.34584e+22
0.99719  5.34377e+22
1.1145  5.34086e+22
1.2318  5.33758e+22
1.3491  5.33425e+22
1.46641  5.33112e+22
1.58371  5.32819e+22
1.70102  5.32529e+22
1.81832  5.32209e+22
1.93563  5.3183e+22
2.05294  5.3137e+22
2.17024  5.30828e+22
2.28754  5.30221e+22
2.40485  5.29584e+22
2.52216  5.28958e+22
2.63946  5.28379e+22
2.75677  5.27868e+22
2.87407  5.27425e+22
2.99137  5.2703e+22
3.10868  5.26647e+22
3.22599  5.26232e+22
3.34329  5.25757e+22
3.4606  5.25209e+22
3.5779  5.24595e+22
3.69521  5.2395e+22
3.81251  5.2332e+22
3.92982  5.22757e+22
4.04712  5.22298e+22
4.16443  5.2196e+22
4.28173  5.21737e+22
4.39903  5.21591e+22
4.51634  5.21475e+22
4.63364  5.21331e+22
4.75095  5.21114e+22
4.86825  5.20799e+22
4.98556  5.20385e+22
5.10286  5.19892e+22
5.22017  5.19362e+22
5.33748  5.18837e+22
5.45478  5.18353e+22
5.57209  5.17923e+22
5.68939  5.17544e+22
5.8067  5.17185e+22
5.924  5.16806e+22
6.0413  5.16363e+22
6.15861  5.15826e+22
6.27591  5.15181e+22
6.39322  5.14441e+22
6.51052  5.13637e+22
6.62783  5.12818e+22
6.74514  5.1203e+22
6.86244  5.1131e+22
6.97975  5.10676e+22
7.09705  5.10122e+22
7.21436  5.09617e+22
7.33166  5.0912e+22
7.44897  5.08582e+22
7.56627  5.07968e+22
7.68358  5.07253e+22
7.80088  5.06435e+22
7.91819  5.05532e+22
8.03549  5.04571e+22
8.1528  5.03581e+22
8.2701  5.02587e+22
8.38741  5.01592e+22
8.50471  5.00588e+22
8.62202  4.99551e+22
8.73932  4.9845e+22
8.85662  4.97259e+22
8.97393  4.95966e+22
9.09123  4.94573e+22
9.20854  4.93112e+22
9.32584  4.91621e+22
9.44315  4.90147e+22
9.56045  4.88735e+22
9.67776  4.87413e+22
9.79506  4.86188e+22
9.91237  4.85045e+22
10.0297  4.83955e+22
10.147  4.82876e+22
10.2643  4.81776e+22
10.3816  4.80633e+22
10.4989  4.79443e+22
10.6162  4.78229e+22
10.7335  4.77019e+22
10.8508  4.75857e+22
10.9681  4.74775e+22
11.0854  4.73791e+22
11.2027  4.729e+22
11.32  4.72079e+22
11.4373  4.71282e+22
11.5546  4.70468e+22
11.6719  4.69595e+22
11.7893  4.68642e+22
11.9066  4.6761e+22
12.0239  4.66525e+22
12.1412  4.65421e+22
12.2585  4.64343e+22
12.3758  4.63328e+22
12.4931  4.62386e+22
12.6104  4.61511e+22
12.7277  4.60672e+22
12.845  4.5982e+22
12.9623  4.58903e+22
13.0796  4.57882e+22
13.1969  4.56733e+22
13.3142  4.55464e+22
13.4315  4.54105e+22
13.5488  4.52701e+22
13.6661  4.51308e+22
13.7834  4.49968e+22
13.9007  4.4871e+22
14.018  4.47536e+22
14.1354  4.46426e+22
14.2527  4.45341e+22
14.37  4.44244e+22
14.4873  4.43098e+22
14.6046  4.41884e+22
14.7219  4.40601e+22
14.8392  4.3927e+22
14.9565  4.37911e+22
15.0738  4.36548e+22
15.1911  4.35192e+22
15.3084  4.33831e+22
15.4257  4.32436e+22
15.543  4.30967e+22
15.6603  4.29377e+22
15.7776  4.27634e+22
15.8949  4.25726e+22
16.0122  4.23674e+22
16.1295  4.21518e+22
16.2468  4.19329e+22
16.3641  4.17179e+22
16.4815  4.15131e+22
16.5988  4.13226e+22
16.7161  4.11477e+22
16.8334  4.09864e+22
16.9507  4.08345e+22
17.068  4.06869e+22
17.1853  4.05385e+22
17.3026  4.03862e+22
17.4199  4.02295e+22
17.5372  4.00699e+22
17.6545  3.99114e+22
17.7718  3.97581e+22
17.8891  3.96134e+22
18.0064  3.94791e+22
18.1237  3.93545e+22
18.241  3.92363e+22
18.3583  3.91203e+22
18.4756  3.90011e+22
18.5929  3.88754e+22
18.7102  3.87409e+22
18.8275  3.85983e+22
18.9449  3.84502e+22
19.0622  3.8301e+22
19.1795  3.81547e+22
19.2968  3.80146e+22
19.4141  3.78819e+22
19.5314  3.77555e+22
19.6487  3.76325e+22
19.766  3.75086e+22
19.8833  3.73798e+22
20.0006  3.72432e+22
20.1179  3.70981e+22
20.2352  3.69461e+22
20.3525  3.67902e+22
20.4698  3.66354e+22
20.5871  3.64854e+22
20.7044  3.63436e+22
20.8217  3.62106e+22
20.939  3.60858e+22
21.0563  3.59665e+22
21.1736  3.58494e+22
21.291  3.5731e+22
21.4083  3.561e+22
21.5256  3.54854e+22
21.6429  3.53583e+22
21.7602  3.52302e+22
21.8775  3.51021e+22
21.9948  3.49742e+22
22.1121  3.48443e+22
22.2294  3.47079e+22
22.3467  3.45593e+22
22.464  3.43918e+22
22.5813  3.41993e+22
22.6986  3.39784e+22
22.8159  3.37293e+22
22.9332  3.34549e+22
23.0505  3.31627e+22
23.1678  3.28616e+22
23.2851  3.25623e+22
23.4024  3.22741e+22
23.5198  3.20045e+22
23.6371  3.17576e+22
23.7544  3.15347e+22
23.8717  3.13341e+22
23.989  3.11518e+22
24.1063  3.09838e+22
24.2236  3.08263e+22
24.3409  3.06759e+22
24.4582  3.05311e+22
24.5755  3.03904e+22
24.6928  3.0253e+22
24.8101  3.01171e+22
24.9274  2.99805e+22
25.0447  2.98391e+22
25.162  2.96888e+22
25.2793  2.95255e+22
25.3966  2.93467e+22
25.5139  2.91511e+22
25.6312  2.89408e+22
25.7485  2.87202e+22
25.8658  2.84957e+22
25.9832  2.82745e+22
26.1005  2.80637e+22
26.2178  2.78683e+22
26.3351  2.76911e+22
26.4524  2.75324e+22
26.5697  2.73894e+22
26.687  2.72587e+22
26.8043  2.71363e+22
26.9216  2.70182e+22
27.0389  2.69037e+22
27.1562  2.67924e+22
27.2735  2.66859e+22
27.3908  2.65864e+22
27.5081  2.64964e+22
27.6254  2.64158e+22
27.7427  2.63438e+22
27.86  2.6277e+22
27.9773  2.62109e+22
28.0946  2.61401e+22
28.212  2.60601e+22
28.3293  2.59672e+22
28.4466  2.58609e+22
28.5639  2.57422e+22
28.6812  2.56134e+22
28.7985  2.54779e+22
28.9158  2.53384e+22
29.0331  2.51961e+22
29.1504  2.50499e+22
29.2677  2.48967e+22
29.385  2.47323e+22
29.5023  2.45521e+22
29.6196  2.43527e+22
29.7369  2.41325e+22
29.8542  2.38936e+22
29.9715  2.36404e+22
30.0888  2.33801e+22
30.2061  2.31202e+22
30.3234  2.28693e+22
30.4407  2.26335e+22
30.558  2.2417e+22
30.6754  2.22211e+22
30.7927  2.20454e+22
30.91  2.18868e+22
31.0273  2.17423e+22
31.1446  2.16078e+22
31.2619  2.14804e+22
31.3792  2.13567e+22
31.4965  2.12334e+22
31.6138  2.11059e+22
31.7311  2.09687e+22
31.8484  2.08142e+22
31.9657  2.06333e+22
32.083  2.04173e+22
32.2003  2.01585e+22
32.3176  1.98514e+22
32.4349  1.94958e+22
32.5522  1.90962e+22
32.6695  1.86625e+22
32.7868  1.82091e+22
32.9042  1.77534e+22
33.0215  1.7313e+22
33.1388  1.6905e+22
33.2561  1.65426e+22
33.3734  1.62345e+22
33.4907  1.59852e+22
33.608  1.57946e+22
33.7253  1.56589e+22
33.8426  1.55717e+22
33.9599  1.55247e+22
34.0772  1.55082e+22
34.1945  1.55111e+22
34.3118  1.5521e+22
34.4291  1.55233e+22
34.5464  1.55022e+22
34.6637  1.54409e+22
34.781  1.53231e+22
34.8983  1.51342e+22
35.0156  1.4865e+22
35.1329  1.45117e+22
35.2503  1.40782e+22
35.3676  1.35758e+22
35.4849  1.30231e+22
35.6022  1.24434e+22
35.7195  1.18617e+22
35.8368  1.13031e+22
35.9541  1.07883e+22
36.0714  1.03335e+22
36.1887  9.94834e+21
36.306  9.63489e+21
36.4233  9.39078e+21
36.5406  9.20819e+21
36.6579  9.07558e+21
36.7752  8.98026e+21
36.8925  8.90822e+21
37.0098  8.84381e+21
37.1271  8.77187e+21
37.2444  8.67706e+21
37.3617  8.54448e+21
37.479  8.36107e+21
37.5964  8.1167e+21
37.7137  7.80478e+21
37.831  7.42535e+21
37.9483  6.98431e+21
38.0656  6.49345e+21
38.1829  5.97056e+21
38.3002  5.43677e+21
38.4175  4.91437e+21
38.5348  4.42467e+21
38.6521  3.98519e+21
38.7694  3.60864e+21
38.8867  3.30209e+21
39.004  3.06675e+21
39.1213  2.89876e+21
39.2386  2.79173e+21
39.3559  2.73638e+21
39.4732  2.72263e+21
39.5905  2.74026e+21
39.7078  2.7789e+21
39.8251  2.82802e+21
39.9425  2.8766e+21
40.0598  2.9138e+21
40.1771  2.92839e+21
40.2944  2.91052e+21
40.4117  2.85202e+21
40.529  2.74836e+21
40.6463  2.59879e+21
40.7636  2.40775e+21
40.8809  2.18413e+21
40.9982  1.9402e+21
41.1155  1.69087e+21
41.2328  1.45098e+21
41.3501  1.23413e+21
41.4674  1.05045e+21
41.5847  9.06745e+20
41.702  8.04933e+20
41.8193  7.43993e+20
41.9366  7.19621e+20
42.0539  7.26094e+20
42.1712  7.56825e+20
42.2885  8.05752e+20
42.4059  8.66697e+20
42.5232  9.34388e+20
42.6405  1.00367e+21
42.7578  1.06904e+21
42.8751  1.1253e+21
42.9924  1.16723e+21
43.1097  1.19007e+21
43.227  1.19028e+21
43.3443  1.16662e+21
43.4616  1.12013e+21
43.5789  1.05455e+21
43.6962  9.75894e+20
43.8135  8.91855e+20
43.9308  8.10189e+20
44.0481  7.3764e+20
44.1654  6.79069e+20
44.2827  6.36082e+20
44.4  6.07765e+20
44.5173  5.90657e+20
44.6347  5.7993e+20
44.752  5.70719e+20
44.8693  5.59245e+20
44.9866  5.43836e+20
45.1039  5.25029e+20
45.2212  5.05506e+20
45.3385  4.89056e+20
45.4558  4.79651e+20
45.5731  4.79962e+20
45.6904  4.90921e+20
45.8077  5.10998e+20
45.925  5.3685e+20
46.0423  5.63495e+20
46.1596  5.8628e+20
46.2769  6.01402e+20
46.3942  6.06969e+20
46.5115  6.03086e+20
46.6288  5.92023e+20
46.7461  5.76923e+20
46.8634  5.61267e+20
46.9808  5.47158e+20
47.0981  5.35201e+20
47.2154  5.24131e+20
47.3327  5.11347e+20
47.45  4.93666e+20
47.5673  4.685e+20
47.6846  4.35283e+20
47.8019  3.95533e+20
47.9192  3.53013e+20
48.0365  3.13228e+20
48.1538  2.81894e+20
48.2711  2.64001e+20
48.3884  2.6241e+20
48.5057  2.77176e+20
48.623  3.05707e+20
48.7403  3.43374e+20
48.8576  3.84747e+20
48.9749  4.24892e+20
49.0922  4.6047e+20
49.2095  4.90382e+20
49.3269  5.15294e+20
49.4442  5.37566e+20
49.5615  5.59492e+20
49.6788  5.82598e+20
49.7961  6.06481e+20
49.9134  6.28963e+20
50.0307  6.46122e+20
50.148  6.53851e+20
50.2653  6.48641e+20
50.3826  6.2917e+20
50.4999  5.96791e+20
50.6172  5.55749e+20
50.7345  5.1216e+20
50.8518  4.72818e+20
50.9691  4.4368e+20
51.0864  4.28341e+20
51.2037  4.27479e+20
51.321  4.3871e+20
51.4383  4.57225e+20
51.5556  4.77426e+20
51.673  4.94291e+20
51.7903  5.04409e+20
51.9076  5.07261e+20
52.0249  5.04638e+20
52.1422  5.00187e+20
52.2595  4.97958e+20
52.3768  5.0136e+20
52.4941  5.11537e+20
52.6114  5.27521e+20
52.7287  5.4606e+20
52.846  5.62622e+20
52.9633  5.72759e+20
53.0806  5.73108e+20
53.1979  5.62928e+20
53.3152  5.43363e+20
53.4325  5.18042e+20
53.5498  4.91481e+20
53.6671  4.68048e+20
53.7844  4.50702e+20
53.9017  4.40387e+20
54.0191  4.35692e+20
54.1364  4.3353e+20
54.2537  4.29936e+20
54.371  4.21843e+20
54.4883  4.07314e+20
54.6056  3.86909e+20
54.7229  3.63186e+20
54.8402  3.4032e+20
54.9575  3.22802e+20
55.0748  3.14505e+20
55.1921  3.17492e+20
55.3094  3.31488e+20
55.4267  3.53972e+20
55.544  3.80873e+20
55.6613  4.07446e+20
55.7786  4.29631e+20
55.8959  4.4467e+20
56.0132  4.51957e+20
56.1305  4.52588e+20
56.2478  4.49279e+20
56.3651  4.44726e+20
56.4825  4.41551e+20
56.5998  4.40772e+20
56.7171  4.41977e+20
56.8344  4.43096e+20
56.9517  4.41207e+20
57.069  4.33592e+20
57.1863  4.18266e+20
57.3036  3.94891e+20
57.4209  3.65222e+20
57.5382  3.32596e+20
57.6555  3.0154e+20
57.7728  2.76699e+20
57.8901  2.61883e+20
58.0074  2.59171e+20
58.1247  2.68515e+20
58.242  2.87806e+20
58.3593  3.13343e+20
58.4766  3.40649e+20
58.5939  3.65456e+20
