#S 1 spectral density
#N 2
#UFWHM 13.0209
#L  abscissas [um]  spectral density
-58.5938  1.26026e+21
-58.4764  1.21318e+21
-58.3591  1.16974e+21
-58.2418  1.13806e+21
-58.1245  1.12522e+21
-58.0072  1.13463e+21
-57.8899  1.16626e+21
-57.7726  1.21629e+21
-57.6553  1.27763e+21
-57.538  1.34114e+21
-57.4207  1.39773e+21
-57.3034  1.43903e+21
-57.1861  1.45991e+21
-57.0688  1.45797e+21
-56.9515  1.43495e+21
-56.8342  1.39551e+21
-56.7169  1.34713e+21
-56.5996  1.29772e+21
-56.4823  1.25468e+21
-56.365  1.22439e+21
-56.2477  1.21031e+21
-56.1303  1.21347e+21
-56.013  1.23227e+21
-55.8957  1.26323e+21
-55.7784  1.30187e+21
-55.6611  1.34332e+21
-55.5438  1.38261e+21
-55.4265  1.41637e+21
-55.3092  1.44167e+21
-55.1919  1.45677e+21
-55.0746  1.46089e+21
-54.9573  1.45399e+21
-54.84  1.43738e+21
-54.7227  1.41245e+21
-54.6054  1.38243e+21
-54.4881  1.3509e+21
-54.3708  1.32226e+21
-54.2535  1.30124e+21
-54.1362  1.29169e+21
-54.0189  1.29653e+21
-53.9016  1.31612e+21
-53.7842  1.34845e+21
-53.6669  1.38922e+21
-53.5496  1.43148e+21
-53.4323  1.46809e+21
-53.315  1.49188e+21
-53.1977  1.49784e+21
-53.0804  1.48411e+21
-52.9631  1.45236e+21
-52.8458  1.40736e+21
-52.7285  1.35737e+21
-52.6112  1.31072e+21
-52.4939  1.27603e+21
-52.3766  1.25908e+21
-52.2593  1.2624e+21
-52.142  1.28454e+21
-52.0247  1.32135e+21
-51.9074  1.36554e+21
-51.7901  1.40908e+21
-51.6728  1.44499e+21
-51.5555  1.46762e+21
-51.4381  1.47408e+21
-51.3208  1.46426e+21
-51.2035  1.44004e+21
-51.0862  1.40502e+21
-50.9689  1.3634e+21
-50.8516  1.31868e+21
-50.7343  1.27477e+21
-50.617  1.23427e+21
-50.4997  1.19968e+21
-50.3824  1.17283e+21
-50.2651  1.1559e+21
-50.1478  1.15048e+21
-50.0305  1.15713e+21
-49.9132  1.17578e+21
-49.7959  1.20399e+21
-49.6786  1.23785e+21
-49.5613  1.27149e+21
-49.444  1.29807e+21
-49.3267  1.31107e+21
-49.2094  1.30545e+21
-49.092  1.27907e+21
-48.9747  1.23332e+21
-48.8574  1.17316e+21
-48.7401  1.10655e+21
-48.6228  1.04271e+21
-48.5055  9.90923e+20
-48.3882  9.58136e+20
-48.2709  9.47918e+20
-48.1536  9.59279e+20
-48.0363  9.87745e+20
-47.919  1.02533e+21
-47.8017  1.06314e+21
-47.6844  1.0923e+21
-47.5671  1.10617e+21
-47.4498  1.10096e+21
-47.3325  1.07722e+21
-47.2152  1.03809e+21
-47.0979  9.89392e+20
-46.9806  9.38237e+20
-46.8633  8.91476e+20
-46.7459  8.54792e+20
-46.6286  8.3233e+20
-46.5113  8.25918e+20
-46.394  8.35886e+20
-46.2767  8.60829e+20
-46.1594  8.98316e+20
-46.0421  9.45309e+20
-45.9248  9.98085e+20
-45.8075  1.05274e+21
-45.6902  1.10454e+21
-45.5729  1.14911e+21
-45.4556  1.18187e+21
-45.3383  1.19876e+21
-45.221  1.19743e+21
-45.1037  1.17723e+21
-44.9864  1.14002e+21
-44.8691  1.09041e+21
-44.7518  1.03483e+21
-44.6345  9.81361e+20
-44.5172  9.37945e+20
-44.3998  9.11463e+20
-44.2825  9.06426e+20
-44.1652  9.23729e+20
-44.0479  9.6094e+20
-43.9306  1.01218e+21
-43.8133  1.06947e+21
-43.696  1.12401e+21
-43.5787  1.16769e+21
-43.4614  1.19422e+21
-43.3441  1.20095e+21
-43.2268  1.1883e+21
-43.1095  1.16038e+21
-42.9922  1.12347e+21
-42.8749  1.08537e+21
-42.7576  1.05318e+21
-42.6403  1.03349e+21
-42.523  1.03016e+21
-42.4057  1.04424e+21
-42.2884  1.07469e+21
-42.171  1.11802e+21
-42.0537  1.16958e+21
-41.9364  1.22421e+21
-41.8191  1.27686e+21
-41.7018  1.32346e+21
-41.5845  1.36099e+21
-41.4672  1.38723e+21
-41.3499  1.40162e+21
-41.2326  1.40424e+21
-41.1153  1.3963e+21
-40.998  1.37966e+21
-40.8807  1.35748e+21
-40.7634  1.33353e+21
-40.6461  1.31204e+21
-40.5288  1.2978e+21
-40.4115  1.29491e+21
-40.2942  1.30655e+21
-40.1769  1.33409e+21
-40.0596  1.37623e+21
-39.9423  1.42968e+21
-39.825  1.48854e+21
-39.7076  1.54578e+21
-39.5903  1.59424e+21
-39.473  1.62766e+21
-39.3557  1.64246e+21
-39.2384  1.63762e+21
-39.1211  1.61604e+21
-39.0038  1.58343e+21
-38.8865  1.54719e+21
-38.7692  1.51485e+21
-38.6519  1.49348e+21
-38.5346  1.48709e+21
-38.4173  1.49726e+21
-38.3  1.52194e+21
-38.1827  1.55694e+21
-38.0654  1.59592e+21
-37.9481  1.63349e+21
-37.8308  1.6643e+21
-37.7135  1.68535e+21
-37.5962  1.69586e+21
-37.4789  1.69696e+21
-37.3615  1.691e+21
-37.2442  1.68125e+21
-37.1269  1.6701e+21
-37.0096  1.6596e+21
-36.8923  1.6505e+21
-36.775  1.64259e+21
-36.6577  1.63539e+21
-36.5404  1.62839e+21
-36.4231  1.62161e+21
-36.3058  1.61493e+21
-36.1885  1.60953e+21
-36.0712  1.60553e+21
-35.9539  1.60309e+21
-35.8366  1.60105e+21
-35.7193  1.59758e+21
-35.602  1.59018e+21
-35.4847  1.5765e+21
-35.3674  1.55458e+21
-35.2501  1.52433e+21
-35.1328  1.48769e+21
-35.0154  1.44824e+21
-34.8981  1.41106e+21
-34.7808  1.38126e+21
-34.6635  1.36351e+21
-34.5462  1.35972e+21
-34.4289  1.3699e+21
-34.3116  1.39069e+21
-34.1943  1.41684e+21
-34.077  1.44145e+21
-33.9597  1.45822e+21
-33.8424  1.46233e+21
-33.7251  1.45186e+21
-33.6078  1.4277e+21
-33.4905  1.39365e+21
-33.3732  1.35523e+21
-33.2559  1.31918e+21
-33.1386  1.29057e+21
-33.0213  1.27323e+21
-32.904  1.26821e+21
-32.7867  1.27415e+21
-32.6693  1.28754e+21
-32.552  1.30389e+21
-32.4347  1.31867e+21
-32.3174  1.3281e+21
-32.2001  1.33009e+21
-32.0828  1.32398e+21
-31.9655  1.31034e+21
-31.8482  1.29066e+21
-31.7309  1.26678e+21
-31.6136  1.23984e+21
-31.4963  1.21127e+21
-31.379  1.18194e+21
-31.2617  1.15278e+21
-31.1444  1.12501e+21
-31.0271  1.1007e+21
-30.9098  1.08213e+21
-30.7925  1.07203e+21
-30.6752  1.07204e+21
-30.5579  1.08273e+21
-30.4406  1.10305e+21
-30.3232  1.12982e+21
-30.2059  1.15808e+21
-30.0886  1.18203e+21
-29.9713  1.1961e+21
-29.854  1.19601e+21
-29.7367  1.18017e+21
-29.6194  1.15005e+21
-29.5021  1.11028e+21
-29.3848  1.06755e+21
-29.2675  1.02952e+21
-29.1502  1.00373e+21
-29.0329  9.95351e+20
-28.9156  1.00658e+21
-28.7983  1.03621e+21
-28.681  1.07923e+21
-28.5637  1.12932e+21
-28.4464  1.17834e+21
-28.3291  1.21937e+21
-28.2118  1.24734e+21
-28.0944  1.25992e+21
-27.9771  1.25802e+21
-27.8598  1.24498e+21
-27.7425  1.22561e+21
-27.6252  1.20575e+21
-27.5079  1.19007e+21
-27.3906  1.18247e+21
-27.2733  1.18488e+21
-27.156  1.19756e+21
-27.0387  1.2201e+21
-26.9214  1.25062e+21
-26.8041  1.28832e+21
-26.6868  1.33187e+21
-26.5695  1.38079e+21
-26.4522  1.43434e+21
-26.3349  1.49146e+21
-26.2176  1.55069e+21
-26.1003  1.60963e+21
-25.983  1.66482e+21
-25.8657  1.71294e+21
-25.7483  1.75111e+21
-25.631  1.77749e+21
-25.5137  1.79215e+21
-25.3964  1.79695e+21
-25.2791  1.79583e+21
-25.1618  1.79326e+21
-25.0445  1.79437e+21
-24.9272  1.80309e+21
-24.8099  1.8215e+21
-24.6926  1.84932e+21
-24.5753  1.88392e+21
-24.458  1.92128e+21
-24.3407  1.95644e+21
-24.2234  1.98505e+21
-24.1061  2.00451e+21
-23.9888  2.01387e+21
-23.8715  2.01555e+21
-23.7542  2.01244e+21
-23.6369  2.00965e+21
-23.5196  2.01143e+21
-23.4023  2.0211e+21
-23.2849  2.03996e+21
-23.1676  2.06703e+21
-23.0503  2.09959e+21
-22.933  2.13368e+21
-22.8157  2.16519e+21
-22.6984  2.19134e+21
-22.5811  2.21022e+21
-22.4638  2.22232e+21
-22.3465  2.22972e+21
-22.2292  2.23502e+21
-22.1119  2.24178e+21
-21.9946  2.25213e+21
-21.8773  2.26796e+21
-21.76  2.28863e+21
-21.6427  2.31278e+21
-21.5254  2.33809e+21
-21.4081  2.36246e+21
-21.2908  2.38377e+21
-21.1735  2.40088e+21
-21.0561  2.41416e+21
-20.9388  2.42429e+21
-20.8215  2.43279e+21
-20.7042  2.44037e+21
-20.5869  2.44755e+21
-20.4696  2.45433e+21
-20.3523  2.46023e+21
-20.235  2.46444e+21
-20.1177  2.46699e+21
-20.0004  2.46878e+21
-19.8831  2.47134e+21
-19.7658  2.47807e+21
-19.6485  2.49148e+21
-19.5312  2.51395e+21
-19.4139  2.54646e+21
-19.2966  2.58753e+21
-19.1793  2.63369e+21
-19.062  2.6788e+21
-18.9447  2.71635e+21
-18.8274  2.73979e+21
-18.71  2.74411e+21
-18.5927  2.72743e+21
-18.4754  2.69065e+21
-18.3581  2.63923e+21
-18.2408  2.57967e+21
-18.1235  2.52178e+21
-18.0062  2.47402e+21
-17.8889  2.44369e+21
-17.7716  2.43514e+21
-17.6543  2.44971e+21
-17.537  2.48529e+21
-17.4197  2.53768e+21
-17.3024  2.60101e+21
-17.1851  2.66912e+21
-17.0678  2.73679e+21
-16.9505  2.79927e+21
-16.8332  2.85417e+21
-16.7159  2.8997e+21
-16.5986  2.93572e+21
-16.4813  2.96199e+21
-16.364  2.97941e+21
-16.2466  2.98969e+21
-16.1293  2.99503e+21
-16.012  2.9991e+21
-15.8947  3.0067e+21
-15.7774  3.02351e+21
-15.6601  3.0554e+21
-15.5428  3.108e+21
-15.4255  3.18548e+21
-15.3082  3.289e+21
-15.1909  3.41659e+21
-15.0736  3.56326e+21
-14.9563  3.72121e+21
-14.839  3.88167e+21
-14.7217  4.03657e+21
-14.6044  4.17929e+21
-14.4871  4.3073e+21
-14.3698  4.42176e+21
-14.2525  4.52841e+21
-14.1352  4.63514e+21
-14.0178  4.75202e+21
-13.9005  4.88849e+21
-13.7832  5.05207e+21
-13.6659  5.24676e+21
-13.5486  5.47304e+21
-13.4313  5.72784e+21
-13.314  6.00563e+21
-13.1967  6.29915e+21
-13.0794  6.6008e+21
-12.9621  6.90405e+21
-12.8448  7.20345e+21
-12.7275  7.49624e+21
-12.6102  7.77901e+21
-12.4929  8.05124e+21
-12.3756  8.31179e+21
-12.2583  8.55979e+21
-12.141  8.79545e+21
-12.0237  9.01937e+21
-11.9064  9.23324e+21
-11.7891  9.44004e+21
-11.6718  9.64532e+21
-11.5544  9.85478e+21
-11.4371  1.00753e+22
-11.3198  1.03128e+22
-11.2025  1.05725e+22
-11.0852  1.08566e+22
-10.9679  1.11657e+22
-10.8506  1.14973e+22
-10.7333  1.18477e+22
-10.616  1.22124e+22
-10.4987  1.25874e+22
-10.3814  1.29711e+22
-10.2641  1.33629e+22
-10.1468  1.37656e+22
-10.0295  1.41818e+22
-9.91217  1.46158e+22
-9.79487  1.50695e+22
-9.67756  1.55435e+22
-9.56026  1.60356e+22
-9.44295  1.65413e+22
-9.32565  1.70547e+22
-9.20834  1.75695e+22
-9.09104  1.80805e+22
-8.97373  1.8587e+22
-8.85643  1.90903e+22
-8.73913  1.9598e+22
-8.62182  2.01197e+22
-8.50452  2.06685e+22
-8.38721  2.12578e+22
-8.26991  2.19005e+22
-8.1526  2.26064e+22
-8.03529  2.33812e+22
-7.91799  2.4226e+22
-7.80069  2.51385e+22
-7.68338  2.61112e+22
-7.56608  2.71346e+22
-7.44877  2.81973e+22
-7.33146  2.92871e+22
-7.21416  3.03923e+22
-7.09685  3.15007e+22
-6.97955  3.26018e+22
-6.86224  3.36866e+22
-6.74494  3.47466e+22
-6.62763  3.5777e+22
-6.51033  3.67743e+22
-6.39302  3.77388e+22
-6.27572  3.86737e+22
-6.15842  3.95856e+22
-6.04111  4.04839e+22
-5.92381  4.13807e+22
-5.8065  4.22856e+22
-5.68919  4.32089e+22
-5.57189  4.41574e+22
-5.45458  4.51337e+22
-5.33728  4.61366e+22
-5.21997  4.71597e+22
-5.10267  4.81957e+22
-4.98536  4.92338e+22
-4.86806  5.02648e+22
-4.75075  5.12807e+22
-4.63345  5.22762e+22
-4.51614  5.3249e+22
-4.39884  5.41996e+22
-4.28154  5.51279e+22
-4.16423  5.60374e+22
-4.04692  5.69261e+22
-3.92962  5.7794e+22
-3.81231  5.86364e+22
-3.69501  5.94476e+22
-3.5777  6.02222e+22
-3.4604  6.09542e+22
-3.34309  6.164e+22
-3.22579  6.22792e+22
-3.10849  6.28749e+22
-2.99118  6.34316e+22
-2.87387  6.3959e+22
-2.75657  6.4466e+22
-2.63926  6.49624e+22
-2.52196  6.54563e+22
-2.40465  6.59549e+22
-2.28735  6.64623e+22
-2.17005  6.69804e+22
-2.05274  6.75083e+22
-1.93544  6.80427e+22
-1.81813  6.85791e+22
-1.70083  6.91105e+22
-1.58352  6.96289e+22
-1.46622  7.01236e+22
-1.34891  7.05835e+22
-1.2316  7.09983e+22
-1.1143  7.13584e+22
-0.996995  7.16566e+22
-0.87969  7.18889e+22
-0.762385  7.20566e+22
-0.64508  7.21658e+22
-0.527775  7.2227e+22
-0.41047  7.22534e+22
-0.293165  7.22593e+22
-0.17586  7.22586e+22
-0.058555  7.22612e+22
0.05875  7.22724e+22
0.176055  7.22903e+22
0.29336  7.23102e+22
0.410665  7.2319e+22
0.52797  7.23036e+22
0.645275  7.22494e+22
0.76258  7.21441e+22
0.879885  7.19777e+22
0.99719  7.17462e+22
1.1145  7.14493e+22
1.2318  7.10915e+22
1.3491  7.06802e+22
1.46641  7.02259e+22
1.58371  6.97385e+22
1.70102  6.92285e+22
1.81832  6.87063e+22
1.93563  6.81796e+22
2.05294  6.76555e+22
2.17024  6.71391e+22
2.28754  6.66331e+22
2.40485  6.61377e+22
2.52216  6.56514e+22
2.63946  6.51684e+22
2.75677  6.4682e+22
2.87407  6.41827e+22
2.99137  6.36604e+22
3.10868  6.31051e+22
3.22599  6.2509e+22
3.34329  6.18676e+22
3.4606  6.11786e+22
3.5779  6.04436e+22
3.69521  5.96683e+22
3.81251  5.88578e+22
3.92982  5.80188e+22
4.04712  5.71573e+22
4.16443  5.62751e+22
4.28173  5.53748e+22
4.39903  5.44543e+22
4.51634  5.35125e+22
4.63364  5.25473e+22
4.75095  5.15595e+22
4.86825  5.05518e+22
4.98556  4.95303e+22
5.10286  4.85026e+22
5.22017  4.74785e+22
5.33748  4.64676e+22
5.45478  4.54775e+22
5.57209  4.45121e+22
5.68939  4.35722e+22
5.8067  4.26531e+22
5.924  4.17479e+22
6.0413  4.08467e+22
6.15861  3.99392e+22
6.27591  3.90144e+22
6.39322  3.80654e+22
6.51052  3.70862e+22
6.62783  3.60747e+22
6.74514  3.50316e+22
6.86244  3.3961e+22
6.97975  3.28685e+22
7.09705  3.17617e+22
7.21436  3.06494e+22
7.33166  2.95421e+22
7.44897  2.84512e+22
7.56627  2.73886e+22
7.68358  2.63664e+22
7.80088  2.53959e+22
7.91819  2.44859e+22
8.03549  2.36433e+22
8.1528  2.28695e+22
8.2701  2.21628e+22
8.38741  2.15164e+22
8.50471  2.09187e+22
8.62202  2.0359e+22
8.73932  1.98219e+22
8.85662  1.92964e+22
8.97393  1.87731e+22
9.09123  1.82478e+22
9.20854  1.77185e+22
9.32584  1.71884e+22
9.44315  1.66633e+22
9.56045  1.61489e+22
9.67776  1.56507e+22
9.79506  1.51736e+22
9.91237  1.47179e+22
10.0297  1.42829e+22
10.147  1.38653e+22
10.2643  1.34616e+22
10.3816  1.30693e+22
10.4989  1.2686e+22
10.6162  1.23127e+22
10.7335  1.19515e+22
10.8508  1.16057e+22
10.9681  1.12794e+22
11.0854  1.09754e+22
11.2027  1.06953e+22
11.32  1.04374e+22
11.4373  1.01991e+22
11.5546  9.97509e+21
11.6719  9.75949e+21
11.7893  9.54618e+21
11.9066  9.33017e+21
12.0239  9.10746e+21
12.1412  8.87535e+21
12.2585  8.63256e+21
12.3758  8.37878e+21
12.4931  8.11386e+21
12.6104  7.83827e+21
12.7277  7.55257e+21
12.845  7.2579e+21
12.9623  6.95692e+21
13.0796  6.65315e+21
13.1969  6.3525e+21
13.3142  6.06156e+21
13.4315  5.78766e+21
13.5488  5.53775e+21
13.6661  5.31697e+21
13.7834  5.12714e+21
13.9007  4.9668e+21
14.018  4.83069e+21
14.1354  4.71099e+21
14.2527  4.59852e+21
14.37  4.48322e+21
14.4873  4.35844e+21
14.6046  4.2202e+21
14.7219  4.06823e+21
14.8392  3.90636e+21
14.9565  3.74173e+21
15.0738  3.58263e+21
15.1911  3.43737e+21
15.3084  3.3127e+21
15.4257  3.21276e+21
15.543  3.1381e+21
15.6603  3.08703e+21
15.7776  3.05512e+21
15.8949  3.037e+21
16.0122  3.0268e+21
16.1295  3.01919e+21
16.2468  3.01045e+21
16.3641  2.99715e+21
16.4815  2.97693e+21
16.5988  2.94819e+21
16.7161  2.91016e+21
16.8334  2.86209e+21
16.9507  2.80467e+21
17.068  2.73946e+21
17.1853  2.66988e+21
17.3026  2.60037e+21
17.4199  2.53723e+21
17.5372  2.48682e+21
17.6545  2.45464e+21
17.7718  2.44485e+21
17.8891  2.45853e+21
18.0064  2.49358e+21
18.1237  2.54427e+21
18.241  2.60305e+21
18.3583  2.66067e+21
18.4756  2.7084e+21
18.5929  2.73943e+21
18.7102  2.75006e+21
18.8275  2.73978e+21
18.9449  2.71214e+21
19.0622  2.67201e+21
19.1795  2.62678e+21
19.2968  2.5825e+21
19.4141  2.54422e+21
19.5314  2.51489e+21
19.6487  2.49506e+21
19.766  2.48342e+21
19.8833  2.47747e+21
20.0006  2.47442e+21
20.1179  2.47182e+21
20.2352  2.46842e+21
20.3525  2.46408e+21
20.4698  2.45881e+21
20.5871  2.4536e+21
20.7044  2.44814e+21
20.8217  2.44243e+21
20.939  2.4354e+21
21.0563  2.42552e+21
21.1736  2.41153e+21
21.291  2.39279e+21
21.4083  2.36959e+21
21.5256  2.34325e+21
21.6429  2.31635e+21
21.7602  2.29139e+21
21.8775  2.27098e+21
21.9948  2.25591e+21
22.1121  2.24615e+21
22.2294  2.2397e+21
22.3467  2.23387e+21
22.464  2.22505e+21
22.5813  2.21052e+21
22.6986  2.18882e+21
22.8159  2.16e+21
22.9332  2.12681e+21
23.0505  2.09263e+21
23.1678  2.06159e+21
23.2851  2.03766e+21
23.4024  2.02258e+21
23.5198  2.01674e+21
23.6371  2.0179e+21
23.7544  2.02185e+21
23.8717  2.02414e+21
23.989  2.02001e+21
24.1063  2.00682e+21
24.2236  1.98323e+21
24.3409  1.95118e+21
24.4582  1.91421e+21
24.5755  1.87708e+21
24.6928  1.84485e+21
24.8101  1.82107e+21
24.9274  1.80742e+21
25.0447  1.80339e+21
25.162  1.80578e+21
25.2793  1.81022e+21
25.3966  1.81145e+21
25.5139  1.80494e+21
25.6312  1.78739e+21
25.7485  1.75772e+21
25.8658  1.71649e+21
25.9832  1.66608e+21
26.1005  1.60975e+21
26.2178  1.55067e+21
26.3351  1.49178e+21
26.4524  1.43516e+21
26.5697  1.38219e+21
26.687  1.33342e+21
26.8043  1.28969e+21
26.9216  1.25196e+21
27.0389  1.2217e+21
27.1562  1.20026e+21
27.2735  1.18908e+21
27.3908  1.18882e+21
27.5081  1.1985e+21
27.6254  1.21556e+21
27.7427  1.23579e+21
27.86  1.25348e+21
27.9773  1.26334e+21
28.0946  1.26037e+21
28.212  1.24221e+21
28.3293  1.20912e+21
28.4466  1.16426e+21
28.5639  1.11374e+21
28.6812  1.06496e+21
28.7985  1.02566e+21
28.9158  1.0019e+21
29.0331  9.97369e+20
29.1504  1.01219e+21
29.2677  1.04282e+21
29.385  1.08335e+21
29.5023  1.12596e+21
29.6196  1.16322e+21
29.7369  1.189e+21
29.8542  1.1996e+21
29.9715  1.19477e+21
30.0888  1.17696e+21
30.2061  1.15062e+21
30.3234  1.12163e+21
30.4407  1.0956e+21
30.558  1.07681e+21
30.6754  1.06787e+21
30.7927  1.06964e+21
30.91  1.08108e+21
31.0273  1.10034e+21
31.1446  1.12504e+21
31.2619  1.15331e+21
31.3792  1.18304e+21
31.4965  1.21329e+21
31.6138  1.24267e+21
31.7311  1.27009e+21
31.8484  1.29395e+21
31.9657  1.31244e+21
32.083  1.32383e+21
32.2003  1.32697e+21
32.3176  1.32167e+21
32.4349  1.30932e+21
32.5522  1.29291e+21
32.6695  1.27675e+21
32.7868  1.26544e+21
32.9042  1.26356e+21
33.0215  1.27377e+21
33.1388  1.29644e+21
33.2561  1.32966e+21
33.3734  1.36854e+21
33.4907  1.40719e+21
33.608  1.43913e+21
33.7253  1.4592e+21
33.8426  1.46438e+21
33.9599  1.45497e+21
34.0772  1.43414e+21
34.1945  1.40731e+21
34.3118  1.38127e+21
34.4291  1.36278e+21
34.5464  1.35622e+21
34.6637  1.36425e+21
34.781  1.38615e+21
34.8983  1.41872e+21
35.0156  1.45705e+21
35.1329  1.49619e+21
35.2503  1.53116e+21
35.3676  1.55908e+21
35.4849  1.57883e+21
35.6022  1.59106e+21
35.7195  1.59778e+21
35.8368  1.60138e+21
35.9541  1.60423e+21
36.0714  1.60765e+21
36.1887  1.61225e+21
36.306  1.61769e+21
36.4233  1.6237e+21
36.5406  1.62956e+21
36.6579  1.63553e+21
36.7752  1.64178e+21
36.8925  1.64963e+21
37.0098  1.65944e+21
37.1271  1.67111e+21
37.2444  1.68339e+21
37.3617  1.69415e+21
37.479  1.69994e+21
37.5964  1.6978e+21
37.7137  1.68508e+21
37.831  1.66109e+21
37.9483  1.62757e+21
38.0656  1.58807e+21
38.1829  1.54856e+21
38.3002  1.5152e+21
38.4175  1.49398e+21
38.5348  1.48862e+21
38.6521  1.50018e+21
38.7694  1.52645e+21
38.8867  1.56207e+21
39.004  1.59954e+21
39.1213  1.63106e+21
39.2386  1.64927e+21
39.3559  1.64947e+21
39.4732  1.62992e+21
39.5905  1.59221e+21
39.7078  1.54089e+21
39.8251  1.48279e+21
39.9425  1.42486e+21
40.0598  1.37383e+21
40.1771  1.33472e+21
40.2944  1.31041e+21
40.4117  1.3012e+21
40.529  1.30545e+21
40.6463  1.31993e+21
40.7636  1.34067e+21
40.8809  1.36333e+21
40.9982  1.38414e+21
41.1155  1.39966e+21
41.2328  1.40692e+21
41.3501  1.40394e+21
41.4674  1.38901e+21
41.5847  1.36197e+21
41.702  1.32342e+21
41.8193  1.2751e+21
41.9366  1.22049e+21
42.0539  1.16428e+21
42.1712  1.11179e+21
42.2885  1.06885e+21
42.4059  1.04026e+21
42.5232  1.0292e+21
42.6405  1.03663e+21
42.7578  1.06022e+21
42.8751  1.09537e+21
42.9924  1.13484e+21
43.1097  1.17084e+21
43.227  1.1956e+21
43.3443  1.20307e+21
43.4616  1.1904e+21
43.5789  1.15806e+21
43.6962  1.10988e+21
43.8135  1.0529e+21
43.9308  9.95663e+20
44.0481  9.4692e+20
44.1654  9.14035e+20
44.2827  9.01823e+20
44.4  9.11786e+20
44.5173  9.42092e+20
44.6347  9.87635e+20
44.752  1.0415e+21
44.8693  1.09574e+21
44.9866  1.14326e+21
45.1039  1.17794e+21
45.2212  1.19604e+21
45.3385  1.19601e+21
45.4558  1.17846e+21
45.5731  1.14576e+21
45.6904  1.10147e+21
45.8077  1.0498e+21
45.925  9.95065e+20
46.0423  9.41863e+20
46.1596  8.94196e+20
46.2769  8.56352e+20
46.3942  8.31785e+20
46.5115  8.23019e+20
46.6288  8.31528e+20
46.7461  8.56854e+20
46.8634  8.96261e+20
46.9808  9.45312e+20
47.0981  9.97296e+20
47.2154  1.04492e+21
47.3327  1.08118e+21
47.45  1.10043e+21
47.5673  1.10026e+21
47.6846  1.08136e+21
47.8019  1.04832e+21
47.9192  1.00864e+21
48.0365  9.71326e+20
48.1538  9.45541e+20
48.2711  9.38534e+20
48.3884  9.53867e+20
48.5057  9.91523e+20
48.623  1.04689e+21
48.7403  1.11251e+21
48.8576  1.1791e+21
48.9749  1.23762e+21
49.0922  1.28061e+21
49.2095  1.30411e+21
49.3269  1.30737e+21
49.4442  1.29299e+21
49.5615  1.26611e+21
49.6788  1.23329e+21
49.7961  1.20093e+21
49.9134  1.17421e+21
50.0307  1.1568e+21
50.148  1.15077e+21
50.2653  1.15635e+21
50.3826  1.17304e+21
50.4999  1.19968e+21
50.6172  1.23452e+21
50.7345  1.27595e+21
50.8518  1.32106e+21
50.9691  1.36706e+21
51.0864  1.41009e+21
51.2037  1.44538e+21
51.321  1.4686e+21
51.4383  1.47638e+21
51.5556  1.46676e+21
51.673  1.44065e+21
51.7903  1.4017e+21
51.9076  1.35614e+21
52.0249  1.31192e+21
52.1422  1.27713e+21
52.2595  1.2587e+21
52.3768  1.26029e+21
52.4941  1.28238e+21
52.6114  1.32133e+21
52.7287  1.37024e+21
52.846  1.42053e+21
52.9633  1.46358e+21
53.0806  1.49177e+21
53.1979  1.50125e+21
53.3152  1.49117e+21
53.4325  1.46441e+21
53.5498  1.42678e+21
53.6671  1.3853e+21
53.7844  1.34717e+21
53.9017  1.31835e+21
54.0191  1.30258e+21
54.1364  1.30093e+21
54.2537  1.31221e+21
54.371  1.33363e+21
54.4883  1.36125e+21
54.6056  1.39095e+21
54.7229  1.41872e+21
54.8402  1.44139e+21
54.9575  1.45651e+21
55.0748  1.46223e+21
55.1921  1.45773e+21
55.3094  1.44234e+21
55.4267  1.41692e+21
55.544  1.38249e+21
55.6613  1.34216e+21
55.7786  1.29985e+21
55.8959  1.26047e+21
56.0132  1.22937e+21
56.1305  1.2116e+21
56.2478  1.21051e+21
56.3651  1.22752e+21
56.4825  1.26102e+21
56.5998  1.30669e+21
56.7171  1.35764e+21
56.8344  1.40582e+21
56.9517  1.44302e+21
57.069  1.46208e+21
57.1863  1.45913e+21
57.3036  1.43345e+21
57.4209  1.38811e+21
57.5382  1.32963e+21
57.6555  1.26679e+21
57.7728  1.20859e+21
57.8901  1.16368e+21
58.0074  1.13817e+21
58.1247  1.13488e+21
58.242  1.15277e+21
58.3593  1.18726e+21
58.4766  1.23149e+21
58.5939  1.27696e+21
