#S 1 spectral density
#N 2
#UFWHM 117.188
#L  abscissas [um]  spectral density
-58.5938  1.24868e+22
-58.4764  1.25542e+22
-58.3591  1.26225e+22
-58.2418  1.26898e+22
-58.1245  1.27541e+22
-58.0072  1.2813e+22
-57.8899  1.28634e+22
-57.7726  1.29021e+22
-57.6553  1.29255e+22
-57.538  1.29308e+22
-57.4207  1.29168e+22
-57.3034  1.28837e+22
-57.1861  1.28343e+22
-57.0688  1.27732e+22
-56.9515  1.27073e+22
-56.8342  1.26437e+22
-56.7169  1.25901e+22
-56.5996  1.2553e+22
-56.4823  1.25368e+22
-56.365  1.25434e+22
-56.2477  1.25725e+22
-56.1303  1.26215e+22
-56.013  1.26863e+22
-55.8957  1.27623e+22
-55.7784  1.28447e+22
-55.6611  1.29296e+22
-55.5438  1.30141e+22
-55.4265  1.30961e+22
-55.3092  1.31739e+22
-55.1919  1.32458e+22
-55.0746  1.33101e+22
-54.9573  1.33646e+22
-54.84  1.34066e+22
-54.7227  1.34343e+22
-54.6054  1.34465e+22
-54.4881  1.34436e+22
-54.3708  1.3428e+22
-54.2535  1.34043e+22
-54.1362  1.33782e+22
-54.0189  1.33562e+22
-53.9016  1.33445e+22
-53.7842  1.33478e+22
-53.6669  1.33683e+22
-53.5496  1.34057e+22
-53.4323  1.34574e+22
-53.315  1.35191e+22
-53.1977  1.35854e+22
-53.0804  1.36516e+22
-52.9631  1.37136e+22
-52.8458  1.37686e+22
-52.7285  1.38155e+22
-52.6112  1.38535e+22
-52.4939  1.38825e+22
-52.3766  1.39019e+22
-52.2593  1.39105e+22
-52.142  1.39067e+22
-52.0247  1.38886e+22
-51.9074  1.38555e+22
-51.7901  1.38081e+22
-51.6728  1.37491e+22
-51.5555  1.36838e+22
-51.4381  1.36192e+22
-51.3208  1.35633e+22
-51.2035  1.35236e+22
-51.0862  1.3506e+22
-50.9689  1.35136e+22
-50.8516  1.35465e+22
-50.7343  1.36019e+22
-50.617  1.36744e+22
-50.4997  1.37579e+22
-50.3824  1.38462e+22
-50.2651  1.39344e+22
-50.1478  1.40191e+22
-50.0305  1.40989e+22
-49.9132  1.41737e+22
-49.7959  1.42437e+22
-49.6786  1.43091e+22
-49.5613  1.43695e+22
-49.444  1.44233e+22
-49.3267  1.44684e+22
-49.2094  1.45028e+22
-49.092  1.45259e+22
-48.9747  1.45375e+22
-48.8574  1.45398e+22
-48.7401  1.45368e+22
-48.6228  1.45328e+22
-48.5055  1.45322e+22
-48.3882  1.45384e+22
-48.2709  1.45528e+22
-48.1536  1.45746e+22
-48.0363  1.46013e+22
-47.919  1.46283e+22
-47.8017  1.46516e+22
-47.6844  1.46672e+22
-47.5671  1.46733e+22
-47.4498  1.46697e+22
-47.3325  1.4658e+22
-47.2152  1.46412e+22
-47.0979  1.46225e+22
-46.9806  1.46049e+22
-46.8633  1.45903e+22
-46.7459  1.4579e+22
-46.6286  1.45707e+22
-46.5113  1.45642e+22
-46.394  1.45589e+22
-46.2767  1.45547e+22
-46.1594  1.4553e+22
-46.0421  1.45567e+22
-45.9248  1.45688e+22
-45.8075  1.45929e+22
-45.6902  1.46313e+22
-45.5729  1.46845e+22
-45.4556  1.47513e+22
-45.3383  1.48279e+22
-45.221  1.49092e+22
-45.1037  1.49892e+22
-44.9864  1.50624e+22
-44.8691  1.51247e+22
-44.7518  1.51737e+22
-44.6345  1.52095e+22
-44.5172  1.52339e+22
-44.3998  1.52505e+22
-44.2825  1.52629e+22
-44.1652  1.52746e+22
-44.0479  1.52884e+22
-43.9306  1.53053e+22
-43.8133  1.53252e+22
-43.696  1.53475e+22
-43.5787  1.53707e+22
-43.4614  1.53935e+22
-43.3441  1.54154e+22
-43.2268  1.54361e+22
-43.1095  1.54562e+22
-42.9922  1.5476e+22
-42.8749  1.5496e+22
-42.7576  1.55154e+22
-42.6403  1.55328e+22
-42.523  1.5546e+22
-42.4057  1.55522e+22
-42.2884  1.55489e+22
-42.171  1.55351e+22
-42.0537  1.55104e+22
-41.9364  1.54768e+22
-41.8191  1.54378e+22
-41.7018  1.53983e+22
-41.5845  1.53636e+22
-41.4672  1.53384e+22
-41.3499  1.53271e+22
-41.2326  1.53317e+22
-41.1153  1.53526e+22
-40.998  1.53888e+22
-40.8807  1.54379e+22
-40.7634  1.54975e+22
-40.6461  1.55648e+22
-40.5288  1.56381e+22
-40.4115  1.57163e+22
-40.2942  1.57986e+22
-40.1769  1.58843e+22
-40.0596  1.59723e+22
-39.9423  1.60604e+22
-39.825  1.61452e+22
-39.7076  1.62227e+22
-39.5903  1.62881e+22
-39.473  1.63374e+22
-39.3557  1.63684e+22
-39.2384  1.638e+22
-39.1211  1.63741e+22
-39.0038  1.63545e+22
-38.8865  1.63262e+22
-38.7692  1.62949e+22
-38.6519  1.6266e+22
-38.5346  1.62431e+22
-38.4173  1.62284e+22
-38.3  1.62218e+22
-38.1827  1.62221e+22
-38.0654  1.62271e+22
-37.9481  1.62344e+22
-37.8308  1.6243e+22
-37.7135  1.62519e+22
-37.5962  1.62616e+22
-37.4789  1.62733e+22
-37.3615  1.62874e+22
-37.2442  1.63039e+22
-37.1269  1.63216e+22
-37.0096  1.63385e+22
-36.8923  1.63514e+22
-36.775  1.63574e+22
-36.6577  1.63547e+22
-36.5404  1.63427e+22
-36.4231  1.63232e+22
-36.3058  1.62998e+22
-36.1885  1.62773e+22
-36.0712  1.62614e+22
-35.9539  1.62566e+22
-35.8366  1.62663e+22
-35.7193  1.62914e+22
-35.602  1.63308e+22
-35.4847  1.63816e+22
-35.3674  1.64401e+22
-35.2501  1.65026e+22
-35.1328  1.65664e+22
-35.0154  1.663e+22
-34.8981  1.66931e+22
-34.7808  1.67566e+22
-34.6635  1.68212e+22
-34.5462  1.68868e+22
-34.4289  1.69524e+22
-34.3116  1.70151e+22
-34.1943  1.70709e+22
-34.077  1.71156e+22
-33.9597  1.71456e+22
-33.8424  1.71584e+22
-33.7251  1.71544e+22
-33.6078  1.7136e+22
-33.4905  1.71079e+22
-33.3732  1.7076e+22
-33.2559  1.70459e+22
-33.1386  1.70227e+22
-33.0213  1.70091e+22
-32.904  1.70059e+22
-32.7867  1.70118e+22
-32.6693  1.70238e+22
-32.552  1.70385e+22
-32.4347  1.70532e+22
-32.3174  1.70659e+22
-32.2001  1.70765e+22
-32.0828  1.70859e+22
-31.9655  1.70954e+22
-31.8482  1.7107e+22
-31.7309  1.71213e+22
-31.6136  1.71385e+22
-31.4963  1.7157e+22
-31.379  1.71751e+22
-31.2617  1.71906e+22
-31.1444  1.72022e+22
-31.0271  1.72097e+22
-30.9098  1.72146e+22
-30.7925  1.72196e+22
-30.6752  1.7228e+22
-30.5579  1.72434e+22
-30.4406  1.72679e+22
-30.3232  1.73023e+22
-30.2059  1.73455e+22
-30.0886  1.73946e+22
-29.9713  1.74451e+22
-29.854  1.74931e+22
-29.7367  1.75349e+22
-29.6194  1.75679e+22
-29.5021  1.75916e+22
-29.3848  1.76072e+22
-29.2675  1.76167e+22
-29.1502  1.76224e+22
-29.0329  1.76267e+22
-28.9156  1.76305e+22
-28.7983  1.76335e+22
-28.681  1.76348e+22
-28.5637  1.76324e+22
-28.4464  1.7625e+22
-28.3291  1.7612e+22
-28.2118  1.75945e+22
-28.0944  1.75747e+22
-27.9771  1.75562e+22
-27.8598  1.7543e+22
-27.7425  1.75385e+22
-27.6252  1.75449e+22
-27.5079  1.75626e+22
-27.3906  1.759e+22
-27.2733  1.76234e+22
-27.156  1.76589e+22
-27.0387  1.76918e+22
-26.9214  1.7719e+22
-26.8041  1.77384e+22
-26.6868  1.77501e+22
-26.5695  1.7756e+22
-26.4522  1.77586e+22
-26.3349  1.77613e+22
-26.2176  1.7767e+22
-26.1003  1.77774e+22
-25.983  1.7793e+22
-25.8657  1.78134e+22
-25.7483  1.78373e+22
-25.631  1.78632e+22
-25.5137  1.78905e+22
-25.3964  1.79191e+22
-25.2791  1.79495e+22
-25.1618  1.79833e+22
-25.0445  1.80217e+22
-24.9272  1.80648e+22
-24.8099  1.81121e+22
-24.6926  1.81612e+22
-24.5753  1.82087e+22
-24.458  1.82502e+22
-24.3407  1.82815e+22
-24.2234  1.82996e+22
-24.1061  1.83027e+22
-23.9888  1.82918e+22
-23.8715  1.82695e+22
-23.7542  1.824e+22
-23.6369  1.82084e+22
-23.5196  1.81794e+22
-23.4023  1.81567e+22
-23.2849  1.8142e+22
-23.1676  1.81357e+22
-23.0503  1.81367e+22
-22.933  1.8143e+22
-22.8157  1.81527e+22
-22.6984  1.81647e+22
-22.5811  1.81785e+22
-22.4638  1.81953e+22
-22.3465  1.82162e+22
-22.2292  1.82425e+22
-22.1119  1.82748e+22
-21.9946  1.8312e+22
-21.8773  1.83519e+22
-21.76  1.83906e+22
-21.6427  1.84237e+22
-21.5254  1.84473e+22
-21.4081  1.84583e+22
-21.2908  1.84556e+22
-21.1735  1.84405e+22
-21.0561  1.8416e+22
-20.9388  1.83868e+22
-20.8215  1.83582e+22
-20.7042  1.83347e+22
-20.5869  1.83198e+22
-20.4696  1.83153e+22
-20.3523  1.83213e+22
-20.235  1.83363e+22
-20.1177  1.83586e+22
-20.0004  1.83864e+22
-19.8831  1.84182e+22
-19.7658  1.84535e+22
-19.6485  1.84922e+22
-19.5312  1.85346e+22
-19.4139  1.858e+22
-19.2966  1.86271e+22
-19.1793  1.86733e+22
-19.062  1.87147e+22
-18.9447  1.87473e+22
-18.8274  1.87672e+22
-18.71  1.87718e+22
-18.5927  1.87608e+22
-18.4754  1.87362e+22
-18.3581  1.87018e+22
-18.2408  1.86636e+22
-18.1235  1.86275e+22
-18.0062  1.85991e+22
-17.8889  1.85821e+22
-17.7716  1.85784e+22
-17.6543  1.85871e+22
-17.537  1.86061e+22
-17.4197  1.86321e+22
-17.3024  1.86619e+22
-17.1851  1.86931e+22
-17.0678  1.87246e+22
-16.9505  1.87571e+22
-16.8332  1.87913e+22
-16.7159  1.88285e+22
-16.5986  1.88689e+22
-16.4813  1.89115e+22
-16.364  1.89536e+22
-16.2466  1.89914e+22
-16.1293  1.90208e+22
-16.012  1.90379e+22
-15.8947  1.90404e+22
-15.7774  1.90285e+22
-15.6601  1.90043e+22
-15.5428  1.89723e+22
-15.4255  1.89378e+22
-15.3082  1.89065e+22
-15.1909  1.88831e+22
-15.0736  1.88701e+22
-14.9563  1.88681e+22
-14.839  1.88759e+22
-14.7217  1.88909e+22
-14.6044  1.89099e+22
-14.4871  1.89305e+22
-14.3698  1.89511e+22
-14.2525  1.89715e+22
-14.1352  1.89923e+22
-14.0178  1.90147e+22
-13.9005  1.90394e+22
-13.7832  1.90663e+22
-13.6659  1.90939e+22
-13.5486  1.91195e+22
-13.4313  1.91397e+22
-13.314  1.91514e+22
-13.1967  1.91524e+22
-13.0794  1.91424e+22
-12.9621  1.91228e+22
-12.8448  1.90972e+22
-12.7275  1.90701e+22
-12.6102  1.90463e+22
-12.4929  1.90296e+22
-12.3756  1.90225e+22
-12.2583  1.90253e+22
-12.141  1.90365e+22
-12.0237  1.90532e+22
-11.9064  1.90721e+22
-11.7891  1.90902e+22
-11.6718  1.91057e+22
-11.5544  1.91183e+22
-11.4371  1.91292e+22
-11.3198  1.91404e+22
-11.2025  1.91535e+22
-11.0852  1.91703e+22
-10.9679  1.91905e+22
-10.8506  1.92129e+22
-10.7333  1.92346e+22
-10.616  1.92526e+22
-10.4987  1.92638e+22
-10.3814  1.92663e+22
-10.2641  1.92596e+22
-10.1468  1.92455e+22
-10.0295  1.92269e+22
-9.91217  1.92079e+22
-9.79487  1.91924e+22
-9.67756  1.91839e+22
-9.56026  1.91839e+22
-9.44295  1.91927e+22
-9.32565  1.92088e+22
-9.20834  1.92298e+22
-9.09104  1.9253e+22
-8.97373  1.92763e+22
-8.85643  1.92981e+22
-8.73913  1.93186e+22
-8.62182  1.93386e+22
-8.50452  1.93592e+22
-8.38721  1.93816e+22
-8.26991  1.94059e+22
-8.1526  1.94312e+22
-8.03529  1.94555e+22
-7.91799  1.9476e+22
-7.80069  1.949e+22
-7.68338  1.9495e+22
-7.56608  1.94903e+22
-7.44877  1.94767e+22
-7.33146  1.94565e+22
-7.21416  1.94333e+22
-7.09685  1.94107e+22
-6.97955  1.9392e+22
-6.86224  1.93796e+22
-6.74494  1.93738e+22
-6.62763  1.93735e+22
-6.51033  1.93759e+22
-6.39302  1.93784e+22
-6.27572  1.93785e+22
-6.15842  1.93747e+22
-6.04111  1.93668e+22
-5.92381  1.93567e+22
-5.8065  1.93466e+22
-5.68919  1.93397e+22
-5.57189  1.93379e+22
-5.45458  1.93423e+22
-5.33728  1.93521e+22
-5.21997  1.93652e+22
-5.10267  1.93783e+22
-4.98536  1.93881e+22
-4.86806  1.93918e+22
-4.75075  1.9388e+22
-4.63345  1.93775e+22
-4.51614  1.93628e+22
-4.39884  1.93473e+22
-4.28154  1.93353e+22
-4.16423  1.93301e+22
-4.04692  1.93338e+22
-3.92962  1.93466e+22
-3.81231  1.93669e+22
-3.69501  1.93918e+22
-3.5777  1.94177e+22
-3.4604  1.94416e+22
-3.34309  1.94615e+22
-3.22579  1.94767e+22
-3.10849  1.94881e+22
-2.99118  1.94973e+22
-2.87387  1.95065e+22
-2.75657  1.95167e+22
-2.63926  1.95285e+22
-2.52196  1.95407e+22
-2.40465  1.95511e+22
-2.28735  1.95572e+22
-2.17005  1.95569e+22
-2.05274  1.95489e+22
-1.93544  1.95336e+22
-1.81813  1.95132e+22
-1.70083  1.94909e+22
-1.58352  1.94706e+22
-1.46622  1.94554e+22
-1.34891  1.94473e+22
-1.2316  1.94465e+22
-1.1143  1.94514e+22
-0.996995  1.94591e+22
-0.87969  1.94658e+22
-0.762385  1.94688e+22
-0.64508  1.94662e+22
-0.527775  1.94581e+22
-0.41047  1.94463e+22
-0.293165  1.94338e+22
-0.17586  1.9424e+22
-0.058555  1.94195e+22
0.05875  1.94219e+22
0.176055  1.94308e+22
0.29336  1.94438e+22
0.410665  1.94579e+22
0.52797  1.94694e+22
0.645275  1.94759e+22
0.76258  1.94761e+22
0.879885  1.94707e+22
0.99719  1.94621e+22
1.1145  1.94538e+22
1.2318  1.94493e+22
1.3491  1.94512e+22
1.46641  1.94608e+22
1.58371  1.94772e+22
1.70102  1.94978e+22
1.81832  1.95193e+22
1.93563  1.95378e+22
2.05294  1.95507e+22
2.17024  1.95563e+22
2.28754  1.95549e+22
2.40485  1.95482e+22
2.52216  1.95387e+22
2.63946  1.95286e+22
2.75677  1.95197e+22
2.87407  1.95125e+22
2.99137  1.95058e+22
3.10868  1.9498e+22
3.22599  1.94869e+22
3.34329  1.94708e+22
3.4606  1.94495e+22
3.5779  1.94241e+22
3.69521  1.93972e+22
3.81251  1.93724e+22
3.92982  1.9353e+22
4.04712  1.93419e+22
4.16443  1.93401e+22
4.28173  1.93467e+22
4.39903  1.93592e+22
4.51634  1.93738e+22
4.63364  1.93865e+22
4.75095  1.93942e+22
4.86825  1.93951e+22
4.98556  1.93892e+22
5.10286  1.93786e+22
5.22017  1.93663e+22
5.33748  1.93558e+22
5.45478  1.93498e+22
5.57209  1.93498e+22
5.68939  1.93558e+22
5.8067  1.9366e+22
5.924  1.93776e+22
6.0413  1.93878e+22
6.15861  1.93944e+22
6.27591  1.93964e+22
6.39322  1.93945e+22
6.51052  1.93907e+22
6.62783  1.93881e+22
6.74514  1.93896e+22
6.86244  1.93972e+22
6.97975  1.94115e+22
7.09705  1.94317e+22
7.21436  1.94548e+22
7.33166  1.94772e+22
7.44897  1.94954e+22
7.56627  1.95062e+22
7.68358  1.95078e+22
7.80088  1.95002e+22
7.91819  1.94849e+22
8.03549  1.94644e+22
8.1528  1.94414e+22
8.2701  1.94184e+22
8.38741  1.93968e+22
8.50471  1.9377e+22
8.62202  1.93581e+22
8.73932  1.93389e+22
8.85662  1.93183e+22
8.97393  1.92958e+22
9.09123  1.92721e+22
9.20854  1.92491e+22
9.32584  1.92291e+22
9.44315  1.9215e+22
9.56045  1.92089e+22
9.67776  1.92116e+22
9.79506  1.92224e+22
9.91237  1.92389e+22
10.0297  1.92575e+22
10.147  1.92742e+22
10.2643  1.92852e+22
10.3816  1.92882e+22
10.4989  1.92826e+22
10.6162  1.92692e+22
10.7335  1.92506e+22
10.8508  1.92298e+22
10.9681  1.92098e+22
11.0854  1.91927e+22
11.2027  1.9179e+22
11.32  1.91681e+22
11.4373  1.91584e+22
11.5546  1.91475e+22
11.6719  1.9134e+22
11.7893  1.91174e+22
11.9066  1.90985e+22
12.0239  1.90797e+22
12.1412  1.90644e+22
12.2585  1.90557e+22
12.3758  1.90562e+22
12.4931  1.90666e+22
12.6104  1.9086e+22
12.7277  1.91112e+22
12.845  1.91379e+22
12.9623  1.91614e+22
13.0796  1.91777e+22
13.1969  1.91839e+22
13.3142  1.91792e+22
13.4315  1.91647e+22
13.5488  1.91432e+22
13.6661  1.91176e+22
13.7834  1.90913e+22
13.9007  1.90663e+22
14.018  1.90436e+22
14.1354  1.90228e+22
14.2527  1.9003e+22
14.37  1.89832e+22
14.4873  1.89628e+22
14.6046  1.89427e+22
14.7219  1.89248e+22
14.8392  1.8912e+22
14.9565  1.89073e+22
15.0738  1.89129e+22
15.1911  1.89296e+22
15.3084  1.8956e+22
15.4257  1.89888e+22
15.543  1.90229e+22
15.6603  1.90528e+22
15.7776  1.90734e+22
15.8949  1.90809e+22
16.0122  1.9074e+22
16.1295  1.90535e+22
16.2468  1.9022e+22
16.3641  1.89836e+22
16.4815  1.89425e+22
16.5988  1.89017e+22
16.7161  1.88633e+22
16.8334  1.88278e+22
16.9507  1.87944e+22
17.068  1.87622e+22
17.1853  1.87298e+22
17.3026  1.86981e+22
17.4199  1.86683e+22
17.5372  1.86434e+22
17.6545  1.86268e+22
17.7718  1.86217e+22
17.8891  1.86301e+22
18.0064  1.86515e+22
18.1237  1.86836e+22
18.241  1.87218e+22
18.3583  1.87603e+22
18.4756  1.87928e+22
18.5929  1.88142e+22
18.7102  1.88209e+22
18.8275  1.88119e+22
18.9449  1.87884e+22
19.0622  1.87534e+22
19.1795  1.87109e+22
19.2968  1.86649e+22
19.4141  1.86187e+22
19.5314  1.85744e+22
19.6487  1.85331e+22
19.766  1.84948e+22
19.8833  1.84597e+22
20.0006  1.84278e+22
20.1179  1.84004e+22
20.2352  1.83792e+22
20.3525  1.83662e+22
20.4698  1.83635e+22
20.5871  1.83719e+22
20.7044  1.83908e+22
20.8217  1.84176e+22
20.939  1.84482e+22
21.0563  1.84775e+22
21.1736  1.85003e+22
21.291  1.85124e+22
21.4083  1.85111e+22
21.5256  1.8496e+22
21.6429  1.8469e+22
21.7602  1.84337e+22
21.8775  1.83941e+22
21.9948  1.83548e+22
22.1121  1.83188e+22
22.2294  1.82879e+22
22.3467  1.82624e+22
22.464  1.82417e+22
22.5813  1.82243e+22
22.6986  1.82091e+22
22.8159  1.8196e+22
22.9332  1.81857e+22
23.0505  1.81801e+22
23.1678  1.81814e+22
23.2851  1.81912e+22
23.4024  1.82105e+22
23.5198  1.8238e+22
23.6371  1.82711e+22
23.7544  1.83054e+22
23.8717  1.83357e+22
23.989  1.8357e+22
24.1063  1.83654e+22
24.2236  1.83588e+22
24.3409  1.83372e+22
24.4582  1.83029e+22
24.5755  1.82596e+22
24.6928  1.82114e+22
24.8101  1.81625e+22
24.9274  1.81161e+22
25.0447  1.80737e+22
25.162  1.80359e+22
25.2793  1.80017e+22
25.3966  1.79703e+22
25.5139  1.79404e+22
25.6312  1.7912e+22
25.7485  1.78855e+22
25.8658  1.78623e+22
25.9832  1.78438e+22
26.1005  1.7831e+22
26.2178  1.78239e+22
26.3351  1.78214e+22
26.4524  1.7821e+22
26.5697  1.78193e+22
26.687  1.78133e+22
26.8043  1.78002e+22
26.9216  1.77787e+22
27.0389  1.77495e+22
27.1562  1.77153e+22
27.2735  1.76798e+22
27.3908  1.76473e+22
27.5081  1.76219e+22
27.6254  1.76064e+22
27.7427  1.76018e+22
27.86  1.7607e+22
27.9773  1.76196e+22
28.0946  1.76361e+22
28.212  1.76527e+22
28.3293  1.76666e+22
28.4466  1.76764e+22
28.5639  1.76817e+22
28.6812  1.76836e+22
28.7985  1.76836e+22
28.9158  1.76833e+22
29.0331  1.76831e+22
29.1504  1.76824e+22
29.2677  1.76796e+22
29.385  1.7672e+22
29.5023  1.7657e+22
29.6196  1.7633e+22
29.7369  1.7599e+22
29.8542  1.75565e+22
29.9715  1.75084e+22
30.0888  1.74586e+22
30.2061  1.74112e+22
30.3234  1.73703e+22
30.4407  1.7338e+22
30.558  1.73149e+22
30.6754  1.72999e+22
30.7927  1.72903e+22
30.91  1.72828e+22
31.0273  1.72744e+22
31.1446  1.72632e+22
31.2619  1.72485e+22
31.3792  1.72309e+22
31.4965  1.72123e+22
31.6138  1.71946e+22
31.7311  1.71794e+22
31.8484  1.71676e+22
31.9657  1.71587e+22
32.083  1.71512e+22
32.2003  1.71435e+22
32.3176  1.71339e+22
32.4349  1.71219e+22
32.5522  1.71084e+22
32.6695  1.70955e+22
32.7868  1.70863e+22
32.9042  1.7084e+22
33.0215  1.7091e+22
33.1388  1.71083e+22
33.2561  1.7134e+22
33.3734  1.71648e+22
33.4907  1.71954e+22
33.608  1.72201e+22
33.7253  1.72332e+22
33.8426  1.72311e+22
33.9599  1.72121e+22
34.0772  1.71771e+22
34.1945  1.71288e+22
34.3118  1.70714e+22
34.4291  1.70089e+22
34.5464  1.6945e+22
34.6637  1.68817e+22
34.781  1.68195e+22
34.8983  1.67582e+22
35.0156  1.66967e+22
35.1329  1.66344e+22
35.2503  1.65718e+22
35.3676  1.6511e+22
35.4849  1.6455e+22
35.6022  1.64078e+22
35.7195  1.63729e+22
35.8368  1.63525e+22
35.9541  1.63472e+22
36.0714  1.63551e+22
36.1887  1.63723e+22
36.306  1.6394e+22
36.4233  1.64145e+22
36.5406  1.64295e+22
36.6579  1.64363e+22
36.7752  1.64338e+22
36.8925  1.64232e+22
37.0098  1.64072e+22
37.1271  1.63888e+22
37.2444  1.63708e+22
37.3617  1.63552e+22
37.479  1.63425e+22
37.5964  1.63326e+22
37.7137  1.63242e+22
37.831  1.6317e+22
37.9483  1.63103e+22
38.0656  1.63054e+22
38.1829  1.63038e+22
38.3002  1.63078e+22
38.4175  1.63195e+22
38.5348  1.63395e+22
38.6521  1.63671e+22
38.7694  1.63994e+22
38.8867  1.64319e+22
39.004  1.64588e+22
39.1213  1.64747e+22
39.2386  1.64747e+22
39.3559  1.6456e+22
39.4732  1.64178e+22
39.5905  1.63617e+22
39.7078  1.62915e+22
39.8251  1.62111e+22
39.9425  1.61252e+22
40.0598  1.60376e+22
40.1771  1.5951e+22
40.2944  1.5867e+22
40.4117  1.57866e+22
40.529  1.57098e+22
40.6463  1.56379e+22
40.7636  1.55721e+22
40.8809  1.55149e+22
40.9982  1.54689e+22
41.1155  1.54369e+22
41.2328  1.5421e+22
41.3501  1.54219e+22
41.4674  1.54382e+22
41.5847  1.5467e+22
41.702  1.55039e+22
41.8193  1.55432e+22
41.9366  1.558e+22
42.0539  1.56097e+22
42.1712  1.56296e+22
42.2885  1.56388e+22
42.4059  1.56377e+22
42.5232  1.56287e+22
42.6405  1.56139e+22
42.7578  1.55962e+22
42.8751  1.55772e+22
42.9924  1.55578e+22
43.1097  1.55383e+22
43.227  1.55183e+22
43.3443  1.54972e+22
43.4616  1.5475e+22
43.5789  1.54522e+22
43.6962  1.54298e+22
43.8135  1.54093e+22
43.9308  1.53921e+22
44.0481  1.53787e+22
44.1654  1.53684e+22
44.2827  1.53593e+22
44.4  1.53484e+22
44.5173  1.53315e+22
44.6347  1.5305e+22
44.752  1.5266e+22
44.8693  1.5213e+22
44.9866  1.51469e+22
45.1039  1.50709e+22
45.2212  1.49893e+22
45.3385  1.49082e+22
45.4558  1.48331e+22
45.5731  1.47686e+22
45.6904  1.47176e+22
45.8077  1.46808e+22
45.925  1.46572e+22
46.0423  1.46443e+22
46.1596  1.46388e+22
46.2769  1.46381e+22
46.3942  1.46404e+22
46.5115  1.46446e+22
46.6288  1.46512e+22
46.7461  1.4661e+22
46.8634  1.46749e+22
46.9808  1.46928e+22
47.0981  1.47134e+22
47.2154  1.47344e+22
47.3327  1.47525e+22
47.45  1.47644e+22
47.5673  1.47672e+22
47.6846  1.47599e+22
47.8019  1.47433e+22
47.9192  1.47196e+22
48.0365  1.46931e+22
48.1538  1.4668e+22
48.2711  1.46478e+22
48.3884  1.4635e+22
48.5057  1.46295e+22
48.623  1.46298e+22
48.7403  1.4632e+22
48.8576  1.46319e+22
48.9749  1.46254e+22
49.0922  1.46097e+22
49.2095  1.45832e+22
49.3269  1.45461e+22
49.4442  1.44999e+22
49.5615  1.44461e+22
49.6788  1.43868e+22
49.7961  1.43228e+22
49.9134  1.42541e+22
50.0307  1.41802e+22
50.148  1.41008e+22
50.2653  1.40162e+22
50.3826  1.39284e+22
50.4999  1.38411e+22
50.6172  1.376e+22
50.7345  1.36912e+22
50.8518  1.36407e+22
50.9691  1.36136e+22
51.0864  1.36118e+22
51.2037  1.36341e+22
51.321  1.36767e+22
51.4383  1.37331e+22
51.5556  1.37955e+22
51.673  1.38567e+22
51.7903  1.39099e+22
51.9076  1.3951e+22
52.0249  1.3978e+22
52.1422  1.39912e+22
52.2595  1.39915e+22
52.3768  1.3981e+22
52.4941  1.39609e+22
52.6114  1.3932e+22
52.7287  1.38945e+22
52.846  1.38484e+22
52.9633  1.3794e+22
53.0806  1.37329e+22
53.1979  1.36681e+22
53.3152  1.36041e+22
53.4325  1.3546e+22
53.5498  1.34988e+22
53.6671  1.34668e+22
53.7844  1.34519e+22
53.9017  1.34535e+22
54.0191  1.34685e+22
54.1364  1.34918e+22
54.2537  1.35166e+22
54.371  1.35371e+22
54.4883  1.35475e+22
54.6056  1.35443e+22
54.7229  1.35261e+22
54.8402  1.3493e+22
54.9575  1.34468e+22
55.0748  1.33897e+22
55.1921  1.3324e+22
55.3094  1.32516e+22
55.4267  1.3174e+22
55.544  1.30923e+22
55.6613  1.30086e+22
55.7786  1.29246e+22
55.8959  1.28441e+22
56.0132  1.27711e+22
56.1305  1.27107e+22
56.2478  1.26675e+22
56.3651  1.26456e+22
56.4825  1.26465e+22
56.5998  1.267e+22
56.7171  1.2713e+22
56.8344  1.27703e+22
56.9517  1.28348e+22
57.069  1.28991e+22
57.1863  1.29559e+22
57.3036  1.29995e+22
57.4209  1.3026e+22
57.5382  1.30339e+22
57.6555  1.30233e+22
57.7728  1.29961e+22
57.8901  1.29553e+22
58.0074  1.29038e+22
58.1247  1.28446e+22
58.242  1.27801e+22
58.3593  1.27126e+22
58.4766  1.26439e+22
58.5939  1.25761e+22
