#S 1 spectral density
#N 2
#UFWHM 46.6874
#L  abscissas [um]  spectral density
-58.5938  3.08082e+20
-58.4764  2.84356e+20
-58.3591  2.57827e+20
-58.2418  2.31823e+20
-58.1245  2.09558e+20
-58.0072  1.9352e+20
-57.8899  1.84931e+20
-57.7726  1.83538e+20
-57.6553  1.8784e+20
-57.538  1.95387e+20
-57.4207  2.0363e+20
-57.3034  2.10405e+20
-57.1861  2.14524e+20
-57.0688  2.16094e+20
-56.9515  2.16231e+20
-56.8342  2.1681e+20
-56.7169  2.1976e+20
-56.5996  2.26463e+20
-56.4823  2.372e+20
-56.365  2.51094e+20
-56.2477  2.66077e+20
-56.1303  2.79582e+20
-56.013  2.89175e+20
-55.8957  2.93226e+20
-55.7784  2.91644e+20
-55.6611  2.85942e+20
-55.5438  2.79046e+20
-55.4265  2.74723e+20
-55.3092  2.7663e+20
-55.1919  2.87462e+20
-55.0746  3.08137e+20
-54.9573  3.37483e+20
-54.84  3.72374e+20
-54.7227  4.08429e+20
-54.6054  4.40644e+20
-54.4881  4.64789e+20
-54.3708  4.78011e+20
-54.2535  4.79479e+20
-54.1362  4.70238e+20
-54.0189  4.5284e+20
-53.9016  4.30508e+20
-53.7842  4.06113e+20
-53.6669  3.81928e+20
-53.5496  3.58814e+20
-53.4323  3.36621e+20
-53.315  3.14621e+20
-53.1977  2.92276e+20
-53.0804  2.69785e+20
-52.9631  2.48773e+20
-52.8458  2.3179e+20
-52.7285  2.22186e+20
-52.6112  2.23094e+20
-52.4939  2.36452e+20
-52.3766  2.62212e+20
-52.2593  2.97967e+20
-52.142  3.39152e+20
-52.0247  3.79925e+20
-51.9074  4.14259e+20
-51.7901  4.37334e+20
-51.6728  4.4655e+20
-51.5555  4.42007e+20
-51.4381  4.26599e+20
-51.3208  4.05116e+20
-51.2035  3.82982e+20
-51.0862  3.65249e+20
-50.9689  3.55163e+20
-50.8516  3.53815e+20
-50.7343  3.60166e+20
-50.617  3.7131e+20
-50.4997  3.84148e+20
-50.3824  3.95694e+20
-50.2651  4.04545e+20
-50.1478  4.10706e+20
-50.0305  4.15775e+20
-49.9132  4.21905e+20
-49.7959  4.30979e+20
-49.6786  4.43833e+20
-49.5613  4.59397e+20
-49.444  4.75139e+20
-49.3267  4.87132e+20
-49.2094  4.91379e+20
-49.092  4.84672e+20
-48.9747  4.65794e+20
-48.8574  4.35988e+20
-48.7401  3.98571e+20
-48.6228  3.58733e+20
-48.5055  3.22077e+20
-48.3882  2.93635e+20
-48.2709  2.76735e+20
-48.1536  2.72659e+20
-48.0363  2.80302e+20
-47.919  2.97255e+20
-47.8017  3.20152e+20
-47.6844  3.46084e+20
-47.5671  3.73142e+20
-47.4498  4.0072e+20
-47.3325  4.29473e+20
-47.2152  4.60579e+20
-47.0979  4.94873e+20
-46.9806  5.32144e+20
-46.8633  5.70542e+20
-46.7459  6.06796e+20
-46.6286  6.36476e+20
-46.5113  6.55098e+20
-46.394  6.59205e+20
-46.2767  6.47254e+20
-46.1594  6.20249e+20
-46.0421  5.81686e+20
-45.9248  5.37088e+20
-45.8075  4.92916e+20
-45.6902  4.55338e+20
-45.5729  4.29251e+20
-45.4556  4.17237e+20
-45.3383  4.19655e+20
-45.221  4.3453e+20
-45.1037  4.58447e+20
-44.9864  4.87573e+20
-44.8691  5.183e+20
-44.7518  5.48368e+20
-44.6345  5.7655e+20
-44.5172  6.03028e+20
-44.3998  6.28473e+20
-44.2825  6.53674e+20
-44.1652  6.788e+20
-44.0479  7.02785e+20
-43.9306  7.23766e+20
-43.8133  7.39003e+20
-43.696  7.45838e+20
-43.5787  7.42256e+20
-43.4614  7.2778e+20
-43.3441  7.037e+20
-43.2268  6.73186e+20
-43.1095  6.40853e+20
-42.9922  6.12232e+20
-42.8749  5.92449e+20
-42.7576  5.85813e+20
-42.6403  5.95012e+20
-42.523  6.20787e+20
-42.4057  6.62043e+20
-42.2884  7.16435e+20
-42.171  7.80821e+20
-42.0537  8.5201e+20
-41.9364  9.27287e+20
-41.8191  1.00435e+21
-41.7018  1.08164e+21
-41.5845  1.15751e+21
-41.4672  1.23025e+21
-41.3499  1.29724e+21
-41.2326  1.3557e+21
-41.1153  1.40188e+21
-40.998  1.43252e+21
-40.8807  1.44522e+21
-40.7634  1.43913e+21
-40.6461  1.41593e+21
-40.5288  1.37961e+21
-40.4115  1.33639e+21
-40.2942  1.29402e+21
-40.1769  1.26018e+21
-40.0596  1.24204e+21
-39.9423  1.24447e+21
-39.825  1.2697e+21
-39.7076  1.31728e+21
-39.5903  1.38405e+21
-39.473  1.46556e+21
-39.3557  1.55643e+21
-39.2384  1.65199e+21
-39.1211  1.7484e+21
-39.0038  1.84344e+21
-38.8865  1.93592e+21
-38.7692  2.02554e+21
-38.6519  2.1123e+21
-38.5346  2.19551e+21
-38.4173  2.27422e+21
-38.3  2.34723e+21
-38.1827  2.41328e+21
-38.0654  2.47195e+21
-37.9481  2.52452e+21
-37.8308  2.57371e+21
-37.7135  2.62395e+21
-37.5962  2.68099e+21
-37.4789  2.75036e+21
-37.3615  2.83644e+21
-37.2442  2.94166e+21
-37.1269  3.06547e+21
-37.0096  3.20477e+21
-36.8923  3.35362e+21
-36.775  3.5053e+21
-36.6577  3.65259e+21
-36.5404  3.79016e+21
-36.4231  3.91418e+21
-36.3058  4.02378e+21
-36.1885  4.12014e+21
-36.0712  4.20581e+21
-35.9539  4.28471e+21
-35.8366  4.35975e+21
-35.7193  4.43341e+21
-35.602  4.50701e+21
-35.4847  4.5816e+21
-35.3674  4.65769e+21
-35.2501  4.73683e+21
-35.1328  4.82164e+21
-35.0154  4.91645e+21
-34.8981  5.02592e+21
-34.7808  5.15536e+21
-34.6635  5.30883e+21
-34.5462  5.48832e+21
-34.4289  5.69355e+21
-34.3116  5.92089e+21
-34.1943  6.16459e+21
-34.077  6.41778e+21
-33.9597  6.67341e+21
-33.8424  6.92562e+21
-33.7251  7.17154e+21
-33.6078  7.4106e+21
-33.4905  7.6447e+21
-33.3732  7.87772e+21
-33.2559  8.11368e+21
-33.1386  8.35589e+21
-33.0213  8.60578e+21
-32.904  8.86318e+21
-32.7867  9.12525e+21
-32.6693  9.38858e+21
-32.552  9.64918e+21
-32.4347  9.90414e+21
-32.3174  1.01525e+22
-32.2001  1.03943e+22
-32.0828  1.06324e+22
-31.9655  1.08698e+22
-31.8482  1.11103e+22
-31.7309  1.1357e+22
-31.6136  1.16114e+22
-31.4963  1.1874e+22
-31.379  1.21438e+22
-31.2617  1.24203e+22
-31.1444  1.2702e+22
-31.0271  1.29892e+22
-30.9098  1.32828e+22
-30.7925  1.35847e+22
-30.6752  1.38963e+22
-30.5579  1.42188e+22
-30.4406  1.4552e+22
-30.3232  1.48934e+22
-30.2059  1.52385e+22
-30.0886  1.55807e+22
-29.9713  1.59136e+22
-29.854  1.62305e+22
-29.7367  1.65274e+22
-29.6194  1.68026e+22
-29.5021  1.70573e+22
-29.3848  1.72965e+22
-29.2675  1.75262e+22
-29.1502  1.77543e+22
-29.0329  1.79883e+22
-28.9156  1.8234e+22
-28.7983  1.84952e+22
-28.681  1.87737e+22
-28.5637  1.90693e+22
-28.4464  1.93797e+22
-28.3291  1.97028e+22
-28.2118  2.00357e+22
-28.0944  2.03757e+22
-27.9771  2.07208e+22
-27.8598  2.10679e+22
-27.7425  2.14133e+22
-27.6252  2.17528e+22
-27.5079  2.20802e+22
-27.3906  2.23889e+22
-27.2733  2.2672e+22
-27.156  2.29236e+22
-27.0387  2.31405e+22
-26.9214  2.33221e+22
-26.8041  2.34714e+22
-26.6868  2.35956e+22
-26.5695  2.37047e+22
-26.4522  2.38097e+22
-26.3349  2.39226e+22
-26.2176  2.40536e+22
-26.1003  2.42106e+22
-25.983  2.43976e+22
-25.8657  2.46155e+22
-25.7483  2.48623e+22
-25.631  2.51335e+22
-25.5137  2.54233e+22
-25.3964  2.57254e+22
-25.2791  2.60338e+22
-25.1618  2.63422e+22
-25.0445  2.66458e+22
-24.9272  2.6939e+22
-24.8099  2.72168e+22
-24.6926  2.74748e+22
-24.5753  2.77083e+22
-24.458  2.79145e+22
-24.3407  2.80926e+22
-24.2234  2.82444e+22
-24.1061  2.83744e+22
-23.9888  2.84903e+22
-23.8715  2.86019e+22
-23.7542  2.87198e+22
-23.6369  2.88543e+22
-23.5196  2.90136e+22
-23.4023  2.92026e+22
-23.2849  2.94227e+22
-23.1676  2.9671e+22
-23.0503  2.99415e+22
-22.933  3.02265e+22
-22.8157  3.05172e+22
-22.6984  3.08057e+22
-22.5811  3.10858e+22
-22.4638  3.13535e+22
-22.3465  3.16073e+22
-22.2292  3.18469e+22
-22.1119  3.20736e+22
-21.9946  3.22889e+22
-21.8773  3.24942e+22
-21.76  3.26905e+22
-21.6427  3.28791e+22
-21.5254  3.30615e+22
-21.4081  3.32401e+22
-21.2908  3.34184e+22
-21.1735  3.36006e+22
-21.0561  3.37917e+22
-20.9388  3.39962e+22
-20.8215  3.42175e+22
-20.7042  3.44563e+22
-20.5869  3.47114e+22
-20.4696  3.49782e+22
-20.3523  3.52512e+22
-20.235  3.55228e+22
-20.1177  3.57863e+22
-20.0004  3.60369e+22
-19.8831  3.62717e+22
-19.7658  3.64908e+22
-19.6485  3.66972e+22
-19.5312  3.68956e+22
-19.4139  3.7091e+22
-19.2966  3.72889e+22
-19.1793  3.74928e+22
-19.062  3.77048e+22
-18.9447  3.79252e+22
-18.8274  3.81532e+22
-18.71  3.8387e+22
-18.5927  3.86255e+22
-18.4754  3.88674e+22
-18.3581  3.9112e+22
-18.2408  3.93591e+22
-18.1235  3.96075e+22
-18.0062  3.98549e+22
-17.8889  4.00976e+22
-17.7716  4.03309e+22
-17.6543  4.05487e+22
-17.537  4.07455e+22
-17.4197  4.09171e+22
-17.3024  4.10619e+22
-17.1851  4.11818e+22
-17.0678  4.12823e+22
-16.9505  4.1372e+22
-16.8332  4.14612e+22
-16.7159  4.15607e+22
-16.5986  4.16794e+22
-16.4813  4.18241e+22
-16.364  4.19975e+22
-16.2466  4.21991e+22
-16.1293  4.24255e+22
-16.012  4.26711e+22
-15.8947  4.29299e+22
-15.7774  4.31961e+22
-15.6601  4.34658e+22
-15.5428  4.37355e+22
-15.4255  4.40033e+22
-15.3082  4.42677e+22
-15.1909  4.4527e+22
-15.0736  4.47785e+22
-14.9563  4.50197e+22
-14.839  4.52467e+22
-14.7217  4.54567e+22
-14.6044  4.56484e+22
-14.4871  4.58221e+22
-14.3698  4.59803e+22
-14.2525  4.61277e+22
-14.1352  4.62702e+22
-14.0178  4.64134e+22
-13.9005  4.65623e+22
-13.7832  4.67193e+22
-13.6659  4.68846e+22
-13.5486  4.70558e+22
-13.4313  4.72283e+22
-13.314  4.7397e+22
-13.1967  4.75579e+22
-13.0794  4.7708e+22
-12.9621  4.78472e+22
-12.8448  4.79777e+22
-12.7275  4.81034e+22
-12.6102  4.82293e+22
-12.4929  4.83608e+22
-12.3756  4.85013e+22
-12.2583  4.86534e+22
-12.141  4.88177e+22
-12.0237  4.89934e+22
-11.9064  4.91787e+22
-11.7891  4.93724e+22
-11.6718  4.95733e+22
-11.5544  4.97815e+22
-11.4371  4.99977e+22
-11.3198  5.0222e+22
-11.2025  5.04545e+22
-11.0852  5.06932e+22
-10.9679  5.09348e+22
-10.8506  5.11736e+22
-10.7333  5.14031e+22
-10.616  5.16163e+22
-10.4987  5.18075e+22
-10.3814  5.19725e+22
-10.2641  5.21107e+22
-10.1468  5.22236e+22
-10.0295  5.23159e+22
-9.91217  5.23941e+22
-9.79487  5.24652e+22
-9.67756  5.25355e+22
-9.56026  5.26098e+22
-9.44295  5.26911e+22
-9.32565  5.27796e+22
-9.20834  5.28748e+22
-9.09104  5.29749e+22
-8.97373  5.30783e+22
-8.85643  5.3184e+22
-8.73913  5.32919e+22
-8.62182  5.34027e+22
-8.50452  5.35178e+22
-8.38721  5.36381e+22
-8.26991  5.37641e+22
-8.1526  5.3895e+22
-8.03529  5.40296e+22
-7.91799  5.41652e+22
-7.80069  5.43004e+22
-7.68338  5.44335e+22
-7.56608  5.45647e+22
-7.44877  5.46958e+22
-7.33146  5.48297e+22
-7.21416  5.49698e+22
-7.09685  5.51195e+22
-6.97955  5.52803e+22
-6.86224  5.54517e+22
-6.74494  5.56309e+22
-6.62763  5.58125e+22
-6.51033  5.59893e+22
-6.39302  5.61542e+22
-6.27572  5.63004e+22
-6.15842  5.64233e+22
-6.04111  5.65207e+22
-5.92381  5.65934e+22
-5.8065  5.66448e+22
-5.68919  5.66795e+22
-5.57189  5.67029e+22
-5.45458  5.67196e+22
-5.33728  5.67334e+22
-5.21997  5.67467e+22
-5.10267  5.67607e+22
-4.98536  5.67759e+22
-4.86806  5.67932e+22
-4.75075  5.68144e+22
-4.63345  5.68414e+22
-4.51614  5.68782e+22
-4.39884  5.69278e+22
-4.28154  5.69935e+22
-4.16423  5.70763e+22
-4.04692  5.71755e+22
-3.92962  5.7288e+22
-3.81231  5.74084e+22
-3.69501  5.75304e+22
-3.5777  5.76479e+22
-3.4604  5.77555e+22
-3.34309  5.78506e+22
-3.22579  5.79324e+22
-3.10849  5.80034e+22
-2.99118  5.8067e+22
-2.87387  5.81274e+22
-2.75657  5.81888e+22
-2.63926  5.82531e+22
-2.52196  5.83208e+22
-2.40465  5.83901e+22
-2.28735  5.84581e+22
-2.17005  5.85211e+22
-2.05274  5.85757e+22
-1.93544  5.86199e+22
-1.81813  5.86526e+22
-1.70083  5.86744e+22
-1.58352  5.86861e+22
-1.46622  5.8689e+22
-1.34891  5.86833e+22
-1.2316  5.86686e+22
-1.1143  5.86433e+22
-0.996995  5.86059e+22
-0.87969  5.85555e+22
-0.762385  5.84924e+22
-0.64508  5.84195e+22
-0.527775  5.83419e+22
-0.41047  5.82665e+22
-0.293165  5.82016e+22
-0.17586  5.81548e+22
-0.058555  5.8132e+22
0.05875  5.8136e+22
0.176055  5.81666e+22
0.29336  5.82195e+22
0.410665  5.82885e+22
0.52797  5.83655e+22
0.645275  5.84432e+22
0.76258  5.8515e+22
0.879885  5.85767e+22
0.99719  5.86264e+22
1.1145  5.86642e+22
1.2318  5.86913e+22
1.3491  5.87091e+22
1.46641  5.87184e+22
1.58371  5.87193e+22
1.70102  5.87108e+22
1.81832  5.86914e+22
1.93563  5.86603e+22
2.05294  5.86174e+22
2.17024  5.85642e+22
2.28754  5.85035e+22
2.40485  5.84388e+22
2.52216  5.8374e+22
2.63946  5.83117e+22
2.75677  5.8253e+22
2.87407  5.81969e+22
2.99137  5.81403e+22
3.10868  5.80789e+22
3.22599  5.80086e+22
3.34329  5.79258e+22
3.4606  5.78291e+22
3.5779  5.772e+22
3.69521  5.76024e+22
3.81251  5.74817e+22
3.92982  5.73646e+22
4.04712  5.72572e+22
4.16443  5.71642e+22
4.28173  5.70877e+22
4.39903  5.7028e+22
4.51634  5.69833e+22
4.63364  5.69504e+22
4.75095  5.6926e+22
4.86825  5.69073e+22
4.98556  5.68924e+22
5.10286  5.68804e+22
5.22017  5.68703e+22
5.33748  5.6862e+22
5.45478  5.68534e+22
5.57209  5.68417e+22
5.68939  5.68222e+22
5.8067  5.67895e+22
5.924  5.67382e+22
6.0413  5.66636e+22
6.15861  5.65632e+22
6.27591  5.64371e+22
6.39322  5.62886e+22
6.51052  5.61229e+22
6.62783  5.59473e+22
6.74514  5.57691e+22
6.86244  5.55949e+22
6.97975  5.54292e+22
7.09705  5.5274e+22
7.21436  5.5129e+22
7.33166  5.49917e+22
7.44897  5.4859e+22
7.56627  5.47277e+22
7.68358  5.45957e+22
7.80088  5.44616e+22
7.91819  5.43263e+22
8.03549  5.41915e+22
8.1528  5.40592e+22
8.2701  5.39313e+22
8.38741  5.38089e+22
8.50471  5.36921e+22
8.62202  5.35802e+22
8.73932  5.34719e+22
8.85662  5.33662e+22
8.97393  5.32627e+22
9.09123  5.3162e+22
9.20854  5.30655e+22
9.32584  5.29753e+22
9.44315  5.28927e+22
9.56045  5.28182e+22
9.67776  5.27501e+22
9.79506  5.26849e+22
9.91237  5.26167e+22
10.0297  5.2539e+22
10.147  5.24447e+22
10.2643  5.2328e+22
10.3816  5.21851e+22
10.4989  5.20153e+22
10.6162  5.18205e+22
10.7335  5.16054e+22
10.8508  5.13763e+22
10.9681  5.11399e+22
11.0854  5.09024e+22
11.2027  5.06682e+22
11.32  5.04403e+22
11.4373  5.02199e+22
11.5546  5.00069e+22
11.6719  4.98009e+22
11.7893  4.9602e+22
11.9066  4.94109e+22
12.0239  4.92289e+22
12.1412  4.90577e+22
12.2585  4.88987e+22
12.3758  4.87525e+22
12.4931  4.86176e+22
12.6104  4.84908e+22
12.7277  4.83679e+22
12.845  4.82434e+22
12.9623  4.81121e+22
13.0796  4.7971e+22
13.1969  4.78184e+22
13.3142  4.76556e+22
13.4315  4.74861e+22
13.5488  4.73144e+22
13.6661  4.71457e+22
13.7834  4.69836e+22
13.9007  4.68299e+22
14.018  4.66838e+22
14.1354  4.65421e+22
14.2527  4.63994e+22
14.37  4.625e+22
14.4873  4.60886e+22
14.6046  4.59112e+22
14.7219  4.57157e+22
14.8392  4.55028e+22
14.9565  4.52742e+22
15.0738  4.50328e+22
15.1911  4.47816e+22
15.3084  4.45233e+22
15.4257  4.42596e+22
15.543  4.39925e+22
15.6603  4.37229e+22
15.7776  4.34537e+22
15.8949  4.31884e+22
16.0122  4.29319e+22
16.1295  4.26904e+22
16.2468  4.24701e+22
16.3641  4.22759e+22
16.4815  4.21108e+22
16.5988  4.19744e+22
16.7161  4.18623e+22
16.8334  4.17673e+22
16.9507  4.16794e+22
17.068  4.15881e+22
17.1853  4.14832e+22
17.3026  4.13573e+22
17.4199  4.1206e+22
17.5372  4.10286e+22
17.6545  4.08272e+22
17.7718  4.06069e+22
17.8891  4.03729e+22
18.0064  4.01311e+22
18.1237  3.98859e+22
18.241  3.96401e+22
18.3583  3.93957e+22
18.4756  3.91536e+22
18.5929  3.89144e+22
18.7102  3.86792e+22
18.8275  3.84495e+22
18.9449  3.82269e+22
19.0622  3.80132e+22
19.1795  3.78087e+22
19.2968  3.76123e+22
19.4141  3.74211e+22
19.5314  3.72308e+22
19.6487  3.70353e+22
19.766  3.68294e+22
19.8833  3.66085e+22
20.0006  3.63705e+22
20.1179  3.61159e+22
20.2352  3.58489e+22
20.3525  3.55747e+22
20.4698  3.53009e+22
20.5871  3.50347e+22
20.7044  3.47814e+22
20.8217  3.45449e+22
20.939  3.43257e+22
21.0563  3.41222e+22
21.1736  3.39308e+22
21.291  3.37473e+22
21.4083  3.35672e+22
21.5256  3.33864e+22
21.6429  3.3202e+22
21.7602  3.30123e+22
21.8775  3.28155e+22
21.9948  3.26105e+22
22.1121  3.23955e+22
22.2294  3.21684e+22
22.3467  3.19273e+22
22.464  3.16714e+22
22.5813  3.14004e+22
22.6986  3.11171e+22
22.8159  3.08261e+22
22.9332  3.05341e+22
23.0505  3.02502e+22
23.1678  2.99829e+22
23.2851  2.97399e+22
23.4024  2.95261e+22
23.5198  2.93434e+22
23.6371  2.9189e+22
23.7544  2.9057e+22
23.8717  2.89382e+22
23.989  2.8822e+22
24.1063  2.86981e+22
24.2236  2.8558e+22
24.3409  2.83947e+22
24.4582  2.82051e+22
24.5755  2.79884e+22
24.6928  2.77465e+22
24.8101  2.74822e+22
24.9274  2.72004e+22
25.0447  2.6905e+22
25.162  2.66015e+22
25.2793  2.62947e+22
25.3966  2.59901e+22
25.5139  2.56936e+22
25.6312  2.54116e+22
25.7485  2.51503e+22
25.8658  2.49152e+22
25.9832  2.47103e+22
26.1005  2.45368e+22
26.2178  2.43923e+22
26.3351  2.42713e+22
26.4524  2.41653e+22
26.5697  2.40629e+22
26.687  2.39527e+22
26.8043  2.38238e+22
26.9216  2.36673e+22
27.0389  2.34775e+22
27.1562  2.3253e+22
27.2735  2.2995e+22
27.3908  2.27083e+22
27.5081  2.2399e+22
27.6254  2.20733e+22
27.7427  2.17382e+22
27.86  2.13985e+22
27.9773  2.10585e+22
28.0946  2.07213e+22
28.212  2.03898e+22
28.3293  2.00665e+22
28.4466  1.97543e+22
28.5639  1.94559e+22
28.6812  1.91735e+22
28.7985  1.89084e+22
28.9158  1.86603e+22
29.0331  1.84265e+22
29.1504  1.82019e+22
29.2677  1.79797e+22
29.385  1.77523e+22
29.5023  1.75118e+22
29.6196  1.72531e+22
29.7369  1.69719e+22
29.8542  1.66684e+22
29.9715  1.63455e+22
30.0888  1.6008e+22
30.2061  1.56629e+22
30.3234  1.53167e+22
30.4407  1.49754e+22
30.558  1.46427e+22
30.6754  1.43204e+22
30.7927  1.40085e+22
30.91  1.37058e+22
31.0273  1.34104e+22
31.1446  1.31213e+22
31.2619  1.28374e+22
31.3792  1.25595e+22
31.4965  1.22887e+22
31.6138  1.20253e+22
31.7311  1.17697e+22
31.8484  1.15211e+22
31.9657  1.12767e+22
32.083  1.10334e+22
32.2003  1.07878e+22
32.3176  1.05364e+22
32.4349  1.02779e+22
32.5522  1.00126e+22
32.6695  9.74266e+21
32.7868  9.47133e+21
32.9042  9.20297e+21
33.0215  8.94077e+21
33.1388  8.68668e+21
33.2561  8.44047e+21
33.3734  8.19933e+21
33.4907  7.96011e+21
33.608  7.71808e+21
33.7253  7.46997e+21
33.8426  7.21436e+21
33.9599  6.95239e+21
34.0772  6.68802e+21
34.1945  6.42732e+21
34.3118  6.17749e+21
34.4291  5.94471e+21
34.5464  5.73464e+21
34.6637  5.54959e+21
34.781  5.38953e+21
34.8983  5.25156e+21
35.0156  5.13201e+21
35.1329  5.02594e+21
35.2503  4.92914e+21
35.3676  4.83848e+21
35.4849  4.75193e+21
35.6022  4.66906e+21
35.7195  4.58874e+21
35.8368  4.51061e+21
35.9541  4.43202e+21
36.0714  4.35041e+21
36.1887  4.26178e+21
36.306  4.16223e+21
36.4233  4.04905e+21
36.5406  3.92135e+21
36.6579  3.78032e+21
36.7752  3.63022e+21
36.8925  3.47718e+21
37.0098  3.32803e+21
37.1271  3.18938e+21
37.2444  3.06642e+21
37.3617  2.96146e+21
37.479  2.8744e+21
37.5964  2.80211e+21
37.7137  2.74004e+21
37.831  2.68278e+21
37.9483  2.62556e+21
38.0656  2.56456e+21
38.1829  2.49815e+21
38.3002  2.42583e+21
38.4175  2.34826e+21
38.5348  2.26676e+21
38.6521  2.18232e+21
38.7694  2.09538e+21
38.8867  2.00581e+21
39.004  1.91332e+21
39.1213  1.81806e+21
39.2386  1.72141e+21
39.3559  1.62597e+21
39.4732  1.53611e+21
39.5905  1.45674e+21
39.7078  1.39352e+21
39.8251  1.35049e+21
39.9425  1.33019e+21
40.0598  1.33212e+21
40.1771  1.35299e+21
40.2944  1.38711e+21
40.4117  1.42691e+21
40.529  1.4646e+21
40.6463  1.49299e+21
40.7636  1.50673e+21
40.8809  1.50294e+21
40.9982  1.48115e+21
41.1155  1.44287e+21
41.2328  1.39102e+21
41.3501  1.32875e+21
41.4674  1.25929e+21
41.5847  1.18518e+21
41.702  1.10809e+21
41.8193  1.02958e+21
41.9366  9.51005e+20
42.0539  8.74193e+20
42.1712  8.01877e+20
42.2885  7.37204e+20
42.4059  6.83587e+20
42.5232  6.44303e+20
42.6405  6.21384e+20
42.7578  6.15296e+20
42.8751  6.24467e+20
42.9924  6.45623e+20
43.1097  6.73754e+20
43.227  7.03583e+20
43.3443  7.29797e+20
43.4616  7.48511e+20
43.5789  7.57157e+20
43.6962  7.55386e+20
43.8135  7.44401e+20
43.9308  7.26432e+20
44.0481  7.04125e+20
44.1654  6.7983e+20
44.2827  6.54779e+20
44.4  6.29424e+20
44.5173  6.03268e+20
44.6347  5.75486e+20
44.752  5.45618e+20
44.8693  5.14156e+20
44.9866  4.82835e+20
45.1039  4.54707e+20
45.2212  4.3352e+20
45.3385  4.23022e+20
45.4558  4.26018e+20
45.5731  4.43644e+20
45.6904  4.74511e+20
45.8077  5.15246e+20
45.925  5.60307e+20
46.0423  6.03397e+20
46.1596  6.38396e+20
46.2769  6.60621e+20
46.3942  6.67375e+20
46.5115  6.58706e+20
46.6288  6.36774e+20
46.7461  6.05307e+20
46.8634  5.68728e+20
46.9808  5.31002e+20
47.0981  4.94712e+20
47.2154  4.6127e+20
47.3327  4.30456e+20
47.45  4.01328e+20
47.5673  3.73003e+20
47.6846  3.45412e+20
47.8019  3.19556e+20
47.9192  2.97948e+20
48.0365  2.83521e+20
48.1538  2.79461e+20
48.2711  2.8773e+20
48.3884  3.08555e+20
48.5057  3.40011e+20
48.623  3.78027e+20
48.7403  4.17404e+20
48.8576  4.52608e+20
48.9749  4.79039e+20
49.0922  4.93964e+20
49.2095  4.97041e+20
49.3269  4.90078e+20
49.4442  4.76555e+20
49.5615  4.60404e+20
49.6788  4.45097e+20
49.7961  4.32768e+20
49.9134  4.23704e+20
50.0307  4.1685e+20
50.148  4.10123e+20
50.2653  4.01723e+20
50.3826  3.90595e+20
50.4999  3.77462e+20
50.6172  3.64327e+20
50.7345  3.54563e+20
50.8518  3.513e+20
50.9691  3.56871e+20
51.0864  3.71568e+20
51.2037  3.93491e+20
51.321  4.18421e+20
51.4383  4.40889e+20
51.5556  4.55226e+20
51.673  4.57144e+20
51.7903  4.44267e+20
51.9076  4.17509e+20
52.0249  3.80252e+20
52.1422  3.3795e+20
52.2595  2.96742e+20
52.3768  2.62322e+20
52.4941  2.38571e+20
52.6114  2.27292e+20
52.7287  2.27701e+20
52.846  2.37474e+20
52.9633  2.53386e+20
53.0806  2.72379e+20
53.1979  2.9232e+20
53.3152  3.12352e+20
53.4325  3.32814e+20
53.5498  3.54632e+20
53.6671  3.78612e+20
53.7844  4.04459e+20
53.9017  4.30752e+20
54.0191  4.54754e+20
54.1364  4.72989e+20
54.2537  4.82056e+20
54.371  4.79506e+20
54.4883  4.6476e+20
54.6056  4.3925e+20
54.7229  4.06522e+20
54.8402  3.71157e+20
54.9575  3.38188e+20
55.0748  3.11785e+20
55.1921  2.94461e+20
55.3094  2.86574e+20
55.4267  2.86565e+20
55.544  2.91203e+20
55.6613  2.96687e+20
55.7786  2.9953e+20
55.8959  2.9748e+20
56.0132  2.89774e+20
56.1305  2.77346e+20
56.2478  2.62337e+20
56.3651  2.47416e+20
56.4825  2.34878e+20
56.5998  2.26213e+20
56.7171  2.21606e+20
56.8344  2.20072e+20
56.9517  2.19731e+20
57.069  2.18579e+20
57.1863  2.14965e+20
57.3036  2.08437e+20
57.4209  1.99632e+20
57.5382  1.90344e+20
57.6555  1.83214e+20
57.7728  1.80831e+20
57.8901  1.85307e+20
58.0074  1.97441e+20
58.1247  2.16712e+20
58.242  2.41121e+20
58.3593  2.67818e+20
58.4766  2.93383e+20
58.5939  3.14824e+20
