#S 1 spectral density
#N 2
#UFWHM 25.1033
#L  abscissas [um]  spectral density
-58.5938  2.93582e+20
-58.4764  2.77425e+20
-58.3591  2.60331e+20
-58.2418  2.45802e+20
-58.1245  2.37e+20
-58.0072  2.35907e+20
-57.8899  2.42838e+20
-57.7726  2.56126e+20
-57.6553  2.72655e+20
-57.538  2.88249e+20
-57.4207  2.9908e+20
-57.3034  3.02255e+20
-57.1861  2.96629e+20
-57.0688  2.8309e+20
-56.9515  2.64706e+20
-56.8342  2.45107e+20
-56.7169  2.28693e+20
-56.5996  2.18634e+20
-56.4823  2.16675e+20
-56.365  2.22392e+20
-56.2477  2.33549e+20
-56.1303  2.46647e+20
-56.013  2.57913e+20
-55.8957  2.64251e+20
-55.7784  2.64237e+20
-55.6611  2.58482e+20
-55.5438  2.4951e+20
-55.4265  2.40979e+20
-55.3092  2.37052e+20
-55.1919  2.4099e+20
-55.0746  2.54099e+20
-54.9573  2.75874e+20
-54.84  3.03511e+20
-54.7227  3.33084e+20
-54.6054  3.60062e+20
-54.4881  3.80908e+20
-54.3708  3.93729e+20
-54.2535  3.98699e+20
-54.1362  3.98067e+20
-54.0189  3.95132e+20
-53.9016  3.93507e+20
-53.7842  3.9578e+20
-53.6669  4.02969e+20
-53.5496  4.14006e+20
-53.4323  4.26033e+20
-53.315  4.35603e+20
-53.1977  4.39247e+20
-53.0804  4.35045e+20
-52.9631  4.22978e+20
-52.8458  4.05056e+20
-52.7285  3.85179e+20
-52.6112  3.67457e+20
-52.4939  3.55596e+20
-52.3766  3.51542e+20
-52.2593  3.54878e+20
-52.142  3.62892e+20
-52.0247  3.71503e+20
-51.9074  3.76225e+20
-51.7901  3.7355e+20
-51.6728  3.62425e+20
-51.5555  3.44134e+20
-51.4381  3.22692e+20
-51.3208  3.03497e+20
-51.2035  2.91936e+20
-51.0862  2.9227e+20
-50.9689  3.06104e+20
-50.8516  3.31972e+20
-50.7343  3.65678e+20
-50.617  4.01223e+20
-50.4997  4.32386e+20
-50.3824  4.54052e+20
-50.2651  4.63539e+20
-50.1478  4.61112e+20
-50.0305  4.49593e+20
-49.9132  4.33534e+20
-49.7959  4.17748e+20
-49.6786  4.05965e+20
-49.5613  4.00049e+20
-49.444  3.99474e+20
-49.3267  4.01739e+20
-49.2094  4.0334e+20
-49.092  4.00897e+20
-48.9747  3.92366e+20
-48.8574  3.77698e+20
-48.7401  3.58713e+20
-48.6228  3.38814e+20
-48.5055  3.21753e+20
-48.3882  3.10491e+20
-48.2709  3.0651e+20
-48.1536  3.08792e+20
-48.0363  3.14901e+20
-47.919  3.21047e+20
-47.8017  3.23606e+20
-47.6844  3.20162e+20
-47.5671  3.10528e+20
-47.4498  2.96404e+20
-47.3325  2.81843e+20
-47.2152  2.71281e+20
-47.0979  2.69004e+20
-46.9806  2.77362e+20
-46.8633  2.96503e+20
-46.7459  3.23813e+20
-46.6286  3.54748e+20
-46.5113  3.83736e+20
-46.394  4.05604e+20
-46.2767  4.16866e+20
-46.1594  4.16546e+20
-46.0421  4.06144e+20
-45.9248  3.896e+20
-45.8075  3.71699e+20
-45.6902  3.57008e+20
-45.5729  3.48912e+20
-45.4556  3.48411e+20
-45.3383  3.54269e+20
-45.221  3.63206e+20
-45.1037  3.71194e+20
-44.9864  3.74321e+20
-44.8691  3.70302e+20
-44.7518  3.58761e+20
-44.6345  3.41523e+20
-44.5172  3.22371e+20
-44.3998  3.05845e+20
-44.2825  2.96368e+20
-44.1652  2.96861e+20
-44.0479  3.08331e+20
-43.9306  3.29553e+20
-43.8133  3.57324e+20
-43.696  3.87475e+20
-43.5787  4.15777e+20
-43.4614  4.38876e+20
-43.3441  4.55169e+20
-43.2268  4.64751e+20
-43.1095  4.69378e+20
-42.9922  4.7198e+20
-42.8749  4.75088e+20
-42.7576  4.80812e+20
-42.6403  4.89842e+20
-42.523  5.01289e+20
-42.4057  5.12983e+20
-42.2884  5.22441e+20
-42.171  5.27011e+20
-42.0537  5.25365e+20
-41.9364  5.17213e+20
-41.8191  5.03835e+20
-41.7018  4.87536e+20
-41.5845  4.71016e+20
-41.4672  4.56409e+20
-41.3499  4.44815e+20
-41.2326  4.35952e+20
-41.1153  4.27931e+20
-40.998  4.18281e+20
-40.8807  4.04615e+20
-40.7634  3.85325e+20
-40.6461  3.60748e+20
-40.5288  3.33069e+20
-40.4115  3.0624e+20
-40.2942  2.85259e+20
-40.1769  2.74889e+20
-40.0596  2.78662e+20
-39.9423  2.97725e+20
-39.825  3.30622e+20
-39.7076  3.73282e+20
-39.5903  4.2e+20
-39.473  4.6434e+20
-39.3557  5.00761e+20
-39.2384  5.25765e+20
-39.1211  5.38251e+20
-39.0038  5.39829e+20
-38.8865  5.34317e+20
-38.7692  5.25933e+20
-38.6519  5.19049e+20
-38.5346  5.16338e+20
-38.4173  5.18645e+20
-38.3  5.2459e+20
-38.1827  5.31496e+20
-38.0654  5.36071e+20
-37.9481  5.35798e+20
-37.8308  5.29166e+20
-37.7135  5.16947e+20
-37.5962  5.01143e+20
-37.4789  4.84938e+20
-37.3615  4.71483e+20
-37.2442  4.62934e+20
-37.1269  4.59817e+20
-37.0096  4.60797e+20
-36.8923  4.63332e+20
-36.775  4.64369e+20
-36.6577  4.61387e+20
-36.5404  4.53718e+20
-36.4231  4.42493e+20
-36.3058  4.30959e+20
-36.1885  4.23645e+20
-36.0712  4.25187e+20
-35.9539  4.39045e+20
-35.8366  4.66237e+20
-35.7193  5.05179e+20
-35.602  5.5153e+20
-35.4847  5.99279e+20
-35.3674  6.4187e+20
-35.2501  6.739e+20
-35.1328  6.92271e+20
-35.0154  6.96644e+20
-34.8981  6.89834e+20
-34.7808  6.76224e+20
-34.6635  6.61157e+20
-34.5462  6.49126e+20
-34.4289  6.4257e+20
-34.3116  6.41646e+20
-34.1943  6.44059e+20
-34.077  6.46168e+20
-33.9597  6.43911e+20
-33.8424  6.34479e+20
-33.7251  6.17135e+20
-33.6078  5.93732e+20
-33.4905  5.68e+20
-33.3732  5.45187e+20
-33.2559  5.30399e+20
-33.1386  5.26905e+20
-33.0213  5.36114e+20
-32.904  5.56304e+20
-32.7867  5.83586e+20
-32.6693  6.12966e+20
-32.552  6.39192e+20
-32.4347  6.58543e+20
-32.3174  6.69667e+20
-32.2001  6.73396e+20
-32.0828  6.73e+20
-31.9655  6.72802e+20
-31.8482  6.77055e+20
-31.7309  6.88438e+20
-31.6136  7.07879e+20
-31.4963  7.33732e+20
-31.379  7.62704e+20
-31.2617  7.90362e+20
-31.1444  8.12698e+20
-31.0271  8.26765e+20
-30.9098  8.31361e+20
-30.7925  8.27441e+20
-30.6752  8.1711e+20
-30.5579  8.03038e+20
-30.4406  7.87777e+20
-30.3232  7.72657e+20
-30.2059  7.57685e+20
-30.0886  7.41514e+20
-29.9713  7.22456e+20
-29.854  6.99408e+20
-29.7367  6.72422e+20
-29.6194  6.43498e+20
-29.5021  6.16826e+20
-29.3848  5.97639e+20
-29.2675  5.9173e+20
-29.1502  6.03661e+20
-29.0329  6.3602e+20
-28.9156  6.88001e+20
-28.7983  7.55836e+20
-28.681  8.33283e+20
-28.5637  9.12537e+20
-28.4464  9.85759e+20
-28.3291  1.04701e+21
-28.2118  1.09286e+21
-28.0944  1.12273e+21
-27.9771  1.13974e+21
-27.8598  1.14801e+21
-27.7425  1.15338e+21
-27.6252  1.16008e+21
-27.5079  1.17166e+21
-27.3906  1.18889e+21
-27.2733  1.21066e+21
-27.156  1.23425e+21
-27.0387  1.25616e+21
-26.9214  1.27368e+21
-26.8041  1.28503e+21
-26.6868  1.29008e+21
-26.5695  1.29005e+21
-26.4522  1.28717e+21
-26.3349  1.28351e+21
-26.2176  1.28085e+21
-26.1003  1.27968e+21
-25.983  1.27953e+21
-25.8657  1.27915e+21
-25.7483  1.27756e+21
-25.631  1.27473e+21
-25.5137  1.27253e+21
-25.3964  1.27424e+21
-25.2791  1.28503e+21
-25.1618  1.31091e+21
-25.0445  1.35705e+21
-24.9272  1.42705e+21
-24.8099  1.5217e+21
-24.6926  1.63851e+21
-24.5753  1.77133e+21
-24.458  1.91198e+21
-24.3407  2.05103e+21
-24.2234  2.17934e+21
-24.1061  2.28985e+21
-23.9888  2.37807e+21
-23.8715  2.44291e+21
-23.7542  2.4855e+21
-23.6369  2.51026e+21
-23.5196  2.52136e+21
-23.4023  2.52398e+21
-23.2849  2.52216e+21
-23.1676  2.51915e+21
-23.0503  2.51755e+21
-22.933  2.51985e+21
-22.8157  2.52921e+21
-22.6984  2.54942e+21
-22.5811  2.5857e+21
-22.4638  2.64358e+21
-22.3465  2.72821e+21
-22.2292  2.84322e+21
-22.1119  2.9897e+21
-21.9946  3.16502e+21
-21.8773  3.36364e+21
-21.76  3.57687e+21
-21.6427  3.79442e+21
-21.5254  4.00618e+21
-21.4081  4.20422e+21
-21.2908  4.3836e+21
-21.1735  4.54276e+21
-21.0561  4.68494e+21
-20.9388  4.81596e+21
-20.8215  4.94316e+21
-20.7042  5.07456e+21
-20.5869  5.21643e+21
-20.4696  5.37331e+21
-20.3523  5.54714e+21
-20.235  5.7378e+21
-20.1177  5.94398e+21
-20.0004  6.16402e+21
-19.8831  6.39657e+21
-19.7658  6.64083e+21
-19.6485  6.89796e+21
-19.5312  7.16883e+21
-19.4139  7.45384e+21
-19.2966  7.75405e+21
-19.1793  8.06842e+21
-19.062  8.39592e+21
-18.9447  8.73543e+21
-18.8274  9.08732e+21
-18.71  9.45277e+21
-18.5927  9.83688e+21
-18.4754  1.02457e+22
-18.3581  1.06885e+22
-18.2408  1.11737e+22
-18.1235  1.17099e+22
-18.0062  1.23007e+22
-17.8889  1.29473e+22
-17.7716  1.36445e+22
-17.6543  1.43832e+22
-17.537  1.51511e+22
-17.4197  1.59346e+22
-17.3024  1.672e+22
-17.1851  1.74969e+22
-17.0678  1.82585e+22
-16.9505  1.90015e+22
-16.8332  1.97276e+22
-16.7159  2.04394e+22
-16.5986  2.11423e+22
-16.4813  2.18407e+22
-16.364  2.25386e+22
-16.2466  2.32389e+22
-16.1293  2.39433e+22
-16.012  2.46533e+22
-15.8947  2.53713e+22
-15.7774  2.61001e+22
-15.6601  2.68436e+22
-15.5428  2.76061e+22
-15.4255  2.83905e+22
-15.3082  2.91988e+22
-15.1909  3.00283e+22
-15.0736  3.08744e+22
-14.9563  3.17287e+22
-14.839  3.25804e+22
-14.7217  3.34187e+22
-14.6044  3.42334e+22
-14.4871  3.50176e+22
-14.3698  3.57672e+22
-14.2525  3.6484e+22
-14.1352  3.71713e+22
-14.0178  3.78364e+22
-13.9005  3.84861e+22
-13.7832  3.91273e+22
-13.6659  3.97635e+22
-13.5486  4.03975e+22
-13.4313  4.10284e+22
-13.314  4.16544e+22
-13.1967  4.22729e+22
-13.0794  4.28821e+22
-12.9621  4.34811e+22
-12.8448  4.40702e+22
-12.7275  4.46508e+22
-12.6102  4.52245e+22
-12.4929  4.5793e+22
-12.3756  4.6356e+22
-12.2583  4.69133e+22
-12.141  4.74636e+22
-12.0237  4.80061e+22
-11.9064  4.85413e+22
-11.7891  4.90715e+22
-11.6718  4.96024e+22
-11.5544  5.01415e+22
-11.4371  5.06975e+22
-11.3198  5.12796e+22
-11.2025  5.18949e+22
-11.0852  5.25474e+22
-10.9679  5.3236e+22
-10.8506  5.39554e+22
-10.7333  5.46958e+22
-10.616  5.54453e+22
-10.4987  5.61904e+22
-10.3814  5.69185e+22
-10.2641  5.76209e+22
-10.1468  5.82912e+22
-10.0295  5.89284e+22
-9.91217  5.95344e+22
-9.79487  6.01137e+22
-9.67756  6.06729e+22
-9.56026  6.12191e+22
-9.44295  6.17581e+22
-9.32565  6.22955e+22
-9.20834  6.28357e+22
-9.09104  6.33825e+22
-8.97373  6.39389e+22
-8.85643  6.45078e+22
-8.73913  6.50919e+22
-8.62182  6.56926e+22
-8.50452  6.63101e+22
-8.38721  6.69416e+22
-8.26991  6.75829e+22
-8.1526  6.82269e+22
-8.03529  6.88651e+22
-7.91799  6.94882e+22
-7.80069  7.00878e+22
-7.68338  7.06577e+22
-7.56608  7.11954e+22
-7.44877  7.17021e+22
-7.33146  7.21823e+22
-7.21416  7.26436e+22
-7.09685  7.30944e+22
-6.97955  7.35429e+22
-6.86224  7.39956e+22
-6.74494  7.44552e+22
-6.62763  7.49223e+22
-6.51033  7.53938e+22
-6.39302  7.58654e+22
-6.27572  7.63322e+22
-6.15842  7.67898e+22
-6.04111  7.72357e+22
-5.92381  7.76694e+22
-5.8065  7.80919e+22
-5.68919  7.85054e+22
-5.57189  7.89124e+22
-5.45458  7.93144e+22
-5.33728  7.97122e+22
-5.21997  8.01048e+22
-5.10267  8.04909e+22
-4.98536  8.08689e+22
-4.86806  8.12389e+22
-4.75075  8.16015e+22
-4.63345  8.19604e+22
-4.51614  8.23192e+22
-4.39884  8.26833e+22
-4.28154  8.30558e+22
-4.16423  8.34391e+22
-4.04692  8.38312e+22
-3.92962  8.42282e+22
-3.81231  8.46221e+22
-3.69501  8.50041e+22
-3.5777  8.53652e+22
-3.4604  8.56978e+22
-3.34309  8.59973e+22
-3.22579  8.62631e+22
-3.10849  8.64979e+22
-2.99118  8.67068e+22
-2.87387  8.68974e+22
-2.75657  8.70765e+22
-2.63926  8.725e+22
-2.52196  8.74216e+22
-2.40465  8.7593e+22
-2.28735  8.77642e+22
-2.17005  8.7934e+22
-2.05274  8.81009e+22
-1.93544  8.82642e+22
-1.81813  8.84242e+22
-1.70083  8.85815e+22
-1.58352  8.87364e+22
-1.46622  8.88886e+22
-1.34891  8.90358e+22
-1.2316  8.91747e+22
-1.1143  8.92997e+22
-0.996995  8.94055e+22
-0.87969  8.94872e+22
-0.762385  8.95422e+22
-0.64508  8.95711e+22
-0.527775  8.95774e+22
-0.41047  8.95681e+22
-0.293165  8.95514e+22
-0.17586  8.95355e+22
-0.058555  8.95268e+22
0.05875  8.95285e+22
0.176055  8.95393e+22
0.29336  8.95552e+22
0.410665  8.9568e+22
0.52797  8.95696e+22
0.645275  8.9552e+22
0.76258  8.95094e+22
0.879885  8.94393e+22
0.99719  8.93428e+22
1.1145  8.92236e+22
1.2318  8.90872e+22
1.3491  8.89394e+22
1.46641  8.8785e+22
1.58371  8.86272e+22
1.70102  8.84671e+22
1.81832  8.83051e+22
1.93563  8.814e+22
2.05294  8.79716e+22
2.17024  8.77998e+22
2.28754  8.76258e+22
2.40485  8.74506e+22
2.52216  8.72754e+22
2.63946  8.70992e+22
2.75677  8.69203e+22
2.87407  8.67335e+22
2.99137  8.65327e+22
3.10868  8.63105e+22
3.22599  8.60604e+22
3.34329  8.57776e+22
3.4606  8.54608e+22
3.5779  8.51127e+22
3.69521  8.47391e+22
3.81251  8.43484e+22
3.92982  8.39498e+22
4.04712  8.35521e+22
4.16443  8.31614e+22
4.28173  8.27809e+22
4.39903  8.24109e+22
4.51634  8.2048e+22
4.63364  8.1688e+22
4.75095  8.13259e+22
4.86825  8.09579e+22
4.98556  8.05819e+22
5.10286  8.01972e+22
5.22017  7.9805e+22
5.33748  7.94067e+22
5.45478  7.90042e+22
5.57209  7.8597e+22
5.68939  7.81848e+22
5.8067  7.77653e+22
5.924  7.7336e+22
6.0413  7.68953e+22
6.15861  7.64426e+22
6.27591  7.59791e+22
6.39322  7.55084e+22
6.51052  7.50351e+22
6.62783  7.45642e+22
6.74514  7.40993e+22
6.86244  7.36422e+22
6.97975  7.31914e+22
7.09705  7.27418e+22
7.21436  7.22865e+22
7.33166  7.18168e+22
7.44897  7.13241e+22
7.56627  7.08023e+22
7.68358  7.02479e+22
7.80088  6.96616e+22
7.91819  6.90479e+22
8.03549  6.84141e+22
8.1528  6.77689e+22
8.2701  6.71218e+22
8.38741  6.64809e+22
8.50471  6.5852e+22
8.62202  6.52392e+22
8.73932  6.46432e+22
8.85662  6.40634e+22
8.97393  6.34985e+22
9.09123  6.29452e+22
9.20854  6.24007e+22
9.32584  6.18615e+22
9.44315  6.13238e+22
9.56045  6.07823e+22
9.67776  6.02314e+22
9.79506  5.9664e+22
9.91237  5.9074e+22
10.0297  5.84551e+22
10.147  5.78034e+22
10.2643  5.71188e+22
10.3816  5.64049e+22
10.4989  5.56686e+22
10.6162  5.49215e+22
10.7335  5.4176e+22
10.8508  5.34453e+22
10.9681  5.27405e+22
11.0854  5.20693e+22
11.2027  5.14357e+22
11.32  5.08372e+22
11.4373  5.0269e+22
11.5546  4.97229e+22
11.6719  4.91896e+22
11.7893  4.86603e+22
11.9066  4.81282e+22
12.0239  4.75893e+22
12.1412  4.70418e+22
12.2585  4.6486e+22
12.3758  4.59234e+22
12.4931  4.53547e+22
12.6104  4.47807e+22
12.7277  4.42006e+22
12.845  4.36134e+22
12.9623  4.30174e+22
13.0796  4.24121e+22
13.1969  4.17972e+22
13.3142  4.11743e+22
13.4315  4.05455e+22
13.5488  3.99127e+22
13.6661  3.92774e+22
13.7834  3.8639e+22
13.9007  3.7994e+22
14.018  3.73372e+22
14.1354  3.66616e+22
14.2527  3.596e+22
14.37  3.52265e+22
14.4873  3.44587e+22
14.6046  3.36568e+22
14.7219  3.28262e+22
14.8392  3.19759e+22
14.9565  3.11165e+22
15.0738  3.02595e+22
15.1911  2.94149e+22
15.3084  2.85901e+22
15.4257  2.77894e+22
15.543  2.70134e+22
15.6603  2.62589e+22
15.7776  2.55233e+22
15.8949  2.48017e+22
16.0122  2.40902e+22
16.1295  2.33862e+22
16.2468  2.26872e+22
16.3641  2.19921e+22
16.4815  2.12977e+22
16.5988  2.06011e+22
16.7161  1.98987e+22
16.8334  1.91848e+22
16.9507  1.8456e+22
17.068  1.77092e+22
17.1853  1.69451e+22
17.3026  1.61687e+22
17.4199  1.53887e+22
17.5372  1.46166e+22
17.6545  1.38662e+22
17.7718  1.3151e+22
17.8891  1.24825e+22
18.0064  1.18677e+22
18.1237  1.13087e+22
18.241  1.08035e+22
18.3583  1.03459e+22
18.4756  9.92667e+21
18.5929  9.53693e+21
18.7102  9.16825e+21
18.8275  8.81505e+21
18.9449  8.47407e+21
19.0622  8.14391e+21
19.1795  7.82595e+21
19.2968  7.52163e+21
19.4141  7.23186e+21
19.5314  6.95661e+21
19.6487  6.69613e+21
19.766  6.44924e+21
19.8833  6.21469e+21
20.0006  5.99276e+21
20.1179  5.78376e+21
20.2352  5.58918e+21
20.3525  5.41056e+21
20.4698  5.24904e+21
20.5871  5.10358e+21
20.7044  4.97082e+21
20.8217  4.84568e+21
20.939  4.72072e+21
21.0563  4.58814e+21
21.1736  4.44089e+21
21.291  4.27411e+21
21.4083  4.08675e+21
21.5256  3.88168e+21
21.6429  3.66556e+21
21.7602  3.44788e+21
21.8775  3.23902e+21
21.9948  3.04886e+21
22.1121  2.88519e+21
22.2294  2.75241e+21
22.3467  2.65131e+21
22.464  2.57954e+21
22.5813  2.5327e+21
22.6986  2.50504e+21
22.8159  2.491e+21
22.9332  2.48608e+21
23.0505  2.4867e+21
23.1678  2.4902e+21
23.2851  2.49421e+21
23.4024  2.49592e+21
23.5198  2.49156e+21
23.6371  2.47695e+21
23.7544  2.44661e+21
23.8717  2.39671e+21
23.989  2.32365e+21
24.1063  2.2273e+21
24.2236  2.10999e+21
24.3409  1.97765e+21
24.4582  1.83832e+21
24.5755  1.7013e+21
24.6928  1.57589e+21
24.8101  1.46951e+21
24.9274  1.38641e+21
25.0447  1.32782e+21
25.162  1.29169e+21
25.2793  1.27337e+21
25.3966  1.26718e+21
25.5139  1.26751e+21
25.6312  1.26988e+21
25.7485  1.27165e+21
25.8658  1.27195e+21
25.9832  1.27126e+21
26.1005  1.27133e+21
26.2178  1.27271e+21
26.3351  1.27565e+21
26.4524  1.27919e+21
26.5697  1.28136e+21
26.687  1.27991e+21
26.8043  1.27295e+21
26.9216  1.25985e+21
27.0389  1.24143e+21
27.1562  1.21975e+21
27.2735  1.19807e+21
27.3908  1.17921e+21
27.5081  1.16522e+21
27.6254  1.15651e+21
27.7427  1.15096e+21
27.86  1.14455e+21
27.9773  1.13231e+21
28.0946  1.10908e+21
28.212  1.07121e+21
28.3293  1.01741e+21
28.4466  9.49397e+20
28.5639  8.72062e+20
28.6812  7.92345e+20
28.7985  7.17995e+20
28.9158  6.56298e+20
29.0331  6.12598e+20
29.1504  5.89246e+20
29.2677  5.85486e+20
29.385  5.97807e+20
29.5023  6.20916e+20
29.6196  6.49247e+20
29.7369  6.77866e+20
29.8542  7.0353e+20
29.9715  7.25065e+20
30.0888  7.42854e+20
30.2061  7.58626e+20
30.3234  7.73707e+20
30.4407  7.8909e+20
30.558  8.04151e+20
30.6754  8.1722e+20
30.7927  8.25695e+20
30.91  8.26873e+20
31.0273  8.19123e+20
31.1446  8.02459e+20
31.2619  7.78678e+20
31.3792  7.51133e+20
31.4965  7.24037e+20
31.6138  7.01457e+20
31.7311  6.85784e+20
31.8484  6.7779e+20
31.9657  6.75703e+20
32.083  6.76071e+20
32.2003  6.74551e+20
32.3176  6.67367e+20
32.4349  6.52224e+20
32.5522  6.28946e+20
32.6695  6.00241e+20
32.7868  5.70498e+20
32.9042  5.44905e+20
33.0215  5.28426e+20
33.1388  5.2393e+20
33.2561  5.32105e+20
33.3734  5.50744e+20
33.4907  5.75494e+20
33.608  6.01099e+20
33.7253  6.22874e+20
33.8426  6.37462e+20
33.9599  6.4398e+20
34.0772  6.44171e+20
34.1945  6.41317e+20
34.3118  6.39548e+20
34.4291  6.4217e+20
34.5464  6.50686e+20
34.6637  6.64178e+20
34.781  6.79295e+20
34.8983  6.91133e+20
35.0156  6.94466e+20
35.1329  6.85404e+20
35.2503  6.62202e+20
35.3676  6.2607e+20
35.4849  5.81352e+20
35.6022  5.33767e+20
35.7195  4.8986e+20
35.8368  4.55244e+20
35.9541  4.33269e+20
36.0714  4.24498e+20
36.1887  4.26811e+20
36.306  4.36147e+20
36.4233  4.4783e+20
36.5406  4.57555e+20
36.6579  4.62933e+20
36.7752  4.63382e+20
36.8925  4.60723e+20
37.0098  4.57748e+20
37.1271  4.57537e+20
37.2444  4.62294e+20
37.3617  4.72727e+20
37.479  4.8751e+20
37.5964  5.04087e+20
37.7137  5.19005e+20
37.831  5.29405e+20
37.9483  5.33714e+20
38.0656  5.3201e+20
38.1829  5.26213e+20
38.3002  5.19532e+20
38.4175  5.15015e+20
38.5348  5.15021e+20
38.6521  5.20068e+20
38.7694  5.28532e+20
38.8867  5.36709e+20
39.004  5.40207e+20
39.1213  5.34603e+20
39.2386  5.16834e+20
39.3559  4.86447e+20
39.4732  4.45589e+20
39.5905  3.98971e+20
39.7078  3.52621e+20
39.8251  3.1306e+20
39.9425  2.85481e+20
40.0598  2.72953e+20
40.1771  2.75771e+20
40.2944  2.91392e+20
40.4117  3.1552e+20
40.529  3.43066e+20
40.6463  3.69324e+20
40.7636  3.91099e+20
40.8809  4.07058e+20
40.9982  4.18056e+20
41.1155  4.26179e+20
41.2328  4.34304e+20
41.3501  4.44553e+20
41.4674  4.58138e+20
41.5847  4.74591e+20
41.702  4.92265e+20
41.8193  5.08395e+20
41.9366  5.20315e+20
42.0539  5.26074e+20
42.1712  5.25163e+20
42.2885  5.18446e+20
42.4059  5.07975e+20
42.5232  4.96452e+20
42.6405  4.86551e+20
42.7578  4.79792e+20
42.8751  4.76094e+20
42.9924  4.74087e+20
43.1097  4.71388e+20
43.227  4.64882e+20
43.3443  4.52246e+20
43.4616  4.32507e+20
43.5789  4.06185e+20
43.6962  3.75937e+20
43.8135  3.45719e+20
43.9308  3.19858e+20
44.0481  3.02182e+20
44.1654  2.95087e+20
44.2827  2.98811e+20
44.4  3.11357e+20
44.5173  3.29119e+20
44.6347  3.47593e+20
44.752  3.6246e+20
44.8693  3.70777e+20
44.9866  3.71648e+20
45.1039  3.66245e+20
45.2212  3.57721e+20
45.3385  3.49974e+20
45.4558  3.46632e+20
45.5731  3.50122e+20
45.6904  3.60763e+20
45.8077  3.76658e+20
45.925  3.94008e+20
46.0423  4.08094e+20
46.1596  4.14501e+20
46.2769  4.10487e+20
46.3942  3.95399e+20
46.5115  3.71157e+20
46.6288  3.41914e+20
46.7461  3.12871e+20
46.8634  2.89154e+20
46.9808  2.74454e+20
47.0981  2.70303e+20
47.2154  2.75746e+20
47.3327  2.87685e+20
47.45  3.01783e+20
47.5673  3.13721e+20
47.6846  3.20647e+20
47.8019  3.21309e+20
47.9192  3.16798e+20
48.0365  3.10202e+20
48.1538  3.05023e+20
48.2711  3.0464e+20
48.3884  3.11105e+20
48.5057  3.24414e+20
48.623  3.42487e+20
48.7403  3.62132e+20
48.8576  3.79762e+20
48.9749  3.92399e+20
49.0922  3.98776e+20
49.2095  3.99773e+20
49.3269  3.97845e+20
49.4442  3.96554e+20
49.5615  3.98941e+20
49.6788  4.06981e+20
49.7961  4.20285e+20
49.9134  4.36399e+20
50.0307  4.51094e+20
50.148  4.59533e+20
50.2653  4.57795e+20
50.3826  4.43888e+20
50.4999  4.18699e+20
50.6172  3.8579e+20
50.7345  3.50861e+20
50.8518  3.20227e+20
50.9691  2.99144e+20
51.0864  2.9105e+20
51.2037  2.96137e+20
51.321  3.11663e+20
51.4383  3.32712e+20
51.5556  3.53597e+20
51.673  3.69244e+20
51.7903  3.76581e+20
51.9076  3.75164e+20
52.0249  3.67392e+20
52.1422  3.57399e+20
52.2595  3.49837e+20
52.3768  3.4853e+20
52.4941  3.55623e+20
52.6114  3.7047e+20
52.7287  3.90375e+20
52.846  4.11194e+20
52.9633  4.28241e+20
53.0806  4.38238e+20
53.1979  4.39772e+20
53.3152  4.33609e+20
53.4325  4.22382e+20
53.5498  4.09962e+20
53.6671  3.99892e+20
53.7844  3.94471e+20
53.9017  3.94124e+20
54.0191  3.97217e+20
54.1364  4.00401e+20
54.2537  3.99932e+20
54.371  3.92557e+20
54.4883  3.76734e+20
54.6056  3.53063e+20
54.7229  3.24228e+20
54.8402  2.94382e+20
54.9575  2.68069e+20
55.0748  2.49068e+20
55.1921  2.3941e+20
55.3094  2.38837e+20
55.4267  2.45024e+20
55.544  2.54142e+20
55.6613  2.62046e+20
55.7786  2.65261e+20
55.8959  2.62046e+20
56.0132  2.52792e+20
56.1305  2.39764e+20
56.2478  2.2662e+20
56.3651  2.17212e+20
56.4825  2.1462e+20
56.5998  2.20366e+20
56.7171  2.33715e+20
56.8344  2.52147e+20
56.9517  2.71674e+20
57.069  2.8818e+20
57.1863  2.97971e+20
57.3036  2.99234e+20
57.4209  2.92142e+20
57.5382  2.78609e+20
57.6555  2.62298e+20
57.7728  2.47275e+20
57.8901  2.37219e+20
58.0074  2.34376e+20
58.1247  2.39503e+20
58.242  2.51341e+20
58.3593  2.67169e+20
58.4766  2.83672e+20
58.5939  2.97662e+20
